tanggal,KASUS,MENINGGAL,SEMBUH,DIRAWAT_OR_ISOLASI,AKUMULASI_KASUS,AKUMULASI_SEMBUH,AKUMULASI_MENINGGAL,AKUMULASI_DIRAWAT_OR_ISOLASI
2020-03-19,1,1,0,0,1,0,1,0
2020-03-20,0,0,0,0,1,0,1,0
2020-03-21,0,0,0,0,1,0,1,0
2020-03-22,0,0,0,0,1,0,1,0
2020-03-23,0,0,0,0,1,0,1,0
2020-03-24,0,0,0,0,1,0,1,0
2020-03-25,0,0,0,0,1,0,1,0
2020-03-26,0,0,0,0,1,0,1,0
2020-03-27,0,0,0,0,1,0,1,0
2020-03-28,0,0,0,0,1,0,1,0
2020-03-29,1,0,0,1,2,0,1,1
2020-03-30,9,0,0,9,11,0,1,10
2020-03-31,0,0,0,0,11,0,1,10
2020-04-01,4,0,1,3,15,1,1,13
2020-04-02,0,0,0,0,15,1,1,13
2020-04-03,3,0,0,3,18,1,1,16
2020-04-04,5,0,0,5,23,1,1,21
2020-04-05,4,0,3,1,27,4,1,22
2020-04-06,6,0,0,6,33,4,1,28
2020-04-07,0,0,0,0,33,4,1,28
2020-04-08,4,0,0,4,37,4,1,32
2020-04-09,9,0,0,9,46,4,1,41
2020-04-10,9,0,0,9,55,4,1,50
2020-04-11,3,0,0,3,58,4,1,53
2020-04-12,2,0,0,2,60,4,1,55
2020-04-13,4,0,0,4,64,4,1,59
2020-04-14,5,0,0,5,69,4,1,64
2020-04-15,6,0,0,6,75,4,1,70
2020-04-16,10,0,1,9,85,5,1,79
2020-04-17,8,0,1,7,93,6,1,86
2020-04-18,5,0,1,4,98,7,1,90
2020-04-19,3,0,2,1,101,9,1,91
2020-04-20,5,0,4,1,106,13,1,92
2020-04-21,8,0,0,8,114,13,1,100
2020-04-22,1,1,4,-4,115,17,2,96
2020-04-23,10,0,5,5,125,22,2,101
2020-04-24,7,0,2,5,132,24,2,106
2020-04-25,6,0,6,0,138,30,2,106
2020-04-26,2,0,0,2,140,30,2,108
2020-04-27,4,0,5,-1,144,35,2,107
2020-04-28,17,0,5,12,161,40,2,119
2020-04-29,0,0,5,-5,161,45,2,114
2020-04-30,7,0,8,-1,168,53,2,113
2020-05-01,12,0,4,8,180,57,2,121
2020-05-02,2,0,0,2,182,57,2,123
2020-05-03,19,0,13,6,201,70,2,129
2020-05-04,7,0,9,-2,208,79,2,127
2020-05-05,4,0,0,4,212,79,2,131
2020-05-06,0,0,3,-3,212,82,2,128
2020-05-07,10,0,9,1,222,91,2,129
2020-05-08,9,0,7,2,231,98,2,131
2020-05-09,5,0,0,5,236,98,2,136
2020-05-10,3,0,3,0,239,101,2,136
2020-05-11,2,0,3,-1,241,104,2,135
2020-05-12,11,0,1,10,252,105,2,145
2020-05-13,3,0,1,2,255,106,2,147
2020-05-14,5,0,2,3,260,108,2,150
2020-05-15,5,0,7,-2,265,115,2,148
2020-05-16,2,0,4,-2,267,119,2,146
2020-05-17,1,0,2,-1,268,121,2,145
2020-05-18,9,0,3,6,277,124,2,151
2020-05-19,2,0,6,-4,279,130,2,147
2020-05-20,7,0,6,1,286,136,2,148
2020-05-21,3,0,2,1,289,138,2,149
2020-05-22,3,0,2,1,292,140,2,150
2020-05-23,4,0,0,4,296,140,2,154
2020-05-24,6,0,3,3,302,143,2,157
2020-05-25,2,0,1,1,304,144,2,158
2020-05-26,10,0,1,9,314,145,2,167
2020-05-27,8,0,3,5,322,148,2,172
2020-05-28,4,0,6,-2,326,154,2,170
2020-05-29,19,0,3,16,345,157,2,186
2020-05-30,10,0,4,6,355,161,2,192
2020-05-31,6,0,0,6,361,161,2,198
2020-06-01,15,1,4,10,376,165,3,208
2020-06-02,4,0,1,3,380,166,3,211
2020-06-03,3,0,3,0,383,169,3,211
2020-06-04,13,0,7,6,396,176,3,217
2020-06-05,7,0,3,4,403,179,3,221
2020-06-06,27,0,1,26,430,180,3,247
2020-06-07,20,0,1,19,450,181,3,266
2020-06-08,11,0,2,9,461,183,3,275
2020-06-09,12,0,8,4,473,191,3,279
2020-06-10,28,0,1,27,501,192,3,306
2020-06-11,16,0,2,14,517,194,3,320
2020-06-12,31,0,8,23,548,202,3,343
2020-06-13,22,1,4,17,570,206,4,360
2020-06-14,15,0,6,9,585,212,4,369
2020-06-15,15,0,25,-10,600,237,4,359
2020-06-16,17,0,7,10,617,244,4,369
2020-06-17,41,0,16,25,658,260,4,394
2020-06-18,57,0,2,55,715,262,4,449
2020-06-19,64,0,9,55,779,271,4,504
2020-06-20,29,1,7,21,808,278,5,525
2020-06-21,25,1,4,20,833,282,6,545
2020-06-22,22,0,8,14,855,290,6,559
2020-06-23,28,0,8,20,883,298,6,579
2020-06-24,36,0,2,34,919,300,6,613
2020-06-25,47,1,7,39,966,307,7,652
2020-06-26,35,0,23,12,1001,330,7,664
2020-06-27,91,0,6,85,1092,336,7,749
2020-06-28,35,0,8,27,1127,344,7,776
2020-06-29,25,0,7,18,1152,351,7,794
2020-06-30,33,0,12,21,1185,363,7,815
2020-07-01,25,1,12,12,1210,375,8,827
2020-07-02,90,0,5,85,1300,380,8,912
2020-07-03,53,0,9,44,1353,389,8,956
2020-07-04,77,2,5,70,1430,394,10,1026
2020-07-05,42,1,10,31,1472,404,11,1057
2020-07-06,43,0,4,39,1515,408,11,1096
2020-07-07,35,0,15,20,1550,423,11,1116
2020-07-08,26,1,8,17,1576,431,12,1133
2020-07-09,40,0,29,11,1616,460,12,1144
2020-07-10,75,0,14,61,1691,474,12,1205
2020-07-11,27,0,42,-15,1718,516,12,1190
2020-07-12,37,0,8,29,1755,524,12,1219
2020-07-13,51,0,35,16,1806,559,12,1235
2020-07-14,86,0,21,65,1892,580,12,1300
2020-07-15,53,0,7,46,1945,587,12,1346
2020-07-16,91,0,21,70,2036,608,12,1416
2020-07-17,70,1,15,54,2106,623,13,1470
2020-07-18,51,0,12,39,2157,635,13,1509
2020-07-19,47,1,29,17,2204,664,14,1526
2020-07-20,32,1,10,21,2236,674,15,1547
2020-07-21,69,0,8,61,2305,682,15,1608
2020-07-22,60,0,28,32,2365,710,15,1640
2020-07-23,51,2,14,35,2416,724,17,1675
2020-07-24,53,0,13,40,2469,737,17,1715
2020-07-25,46,0,10,36,2515,747,17,1751
2020-07-26,37,0,9,28,2552,756,17,1779
2020-07-27,50,0,5,45,2602,761,17,1824
2020-07-28,24,0,9,15,2626,770,17,1839
2020-07-29,42,0,17,25,2668,787,17,1864
2020-07-30,43,0,16,27,2711,803,17,1891
2020-07-31,31,0,10,21,2742,813,17,1912
2020-08-01,30,0,8,22,2772,821,17,1934
2020-08-02,38,0,4,34,2810,825,17,1968
2020-08-03,29,0,3,26,2839,828,17,1994
2020-08-04,35,0,9,26,2874,837,17,2020
2020-08-05,33,0,2,31,2907,839,17,2051
2020-08-06,23,0,15,8,2930,854,17,2059
2020-08-07,31,0,6,25,2961,860,17,2084
2020-08-08,36,0,8,28,2997,868,17,2112
2020-08-09,45,0,2,43,3042,870,17,2155
2020-08-10,28,0,8,20,3070,878,17,2175
2020-08-11,35,0,10,25,3105,888,17,2200
2020-08-12,25,0,0,25,3130,888,17,2225
2020-08-13,28,0,12,16,3158,900,17,2241
2020-08-14,44,0,3,41,3202,903,17,2282
2020-08-15,33,0,3,30,3235,906,17,2312
2020-08-16,31,0,12,19,3266,918,17,2331
2020-08-17,36,0,8,28,3302,926,17,2359
2020-08-18,40,0,7,33,3342,933,17,2392
2020-08-19,50,0,5,45,3392,938,17,2437
2020-08-20,60,0,3,57,3452,941,17,2494
2020-08-21,64,0,6,58,3516,947,17,2552
2020-08-22,60,0,5,55,3576,952,17,2607
2020-08-23,54,0,9,45,3630,961,17,2652
2020-08-24,52,0,6,46,3682,967,17,2698
2020-08-25,62,0,12,50,3744,979,17,2748
2020-08-26,58,0,8,50,3802,987,17,2798
2020-08-27,66,0,15,51,3868,1002,17,2849
2020-08-28,75,0,4,71,3943,1006,17,2920
2020-08-29,74,1,10,63,4017,1016,18,2983
2020-08-30,73,1,1,71,4090,1017,19,3054
2020-08-31,108,2,9,97,4198,1026,21,3151
2020-09-01,132,0,14,118,4330,1040,21,3269
2020-09-02,140,2,11,127,4470,1051,23,3396
2020-09-03,136,1,15,120,4606,1066,24,3516
2020-09-04,157,1,5,151,4763,1071,25,3667
2020-09-05,131,2,10,119,4894,1081,27,3786
2020-09-06,109,1,2,106,5003,1083,28,3892
2020-09-07,136,3,13,120,5139,1096,31,4012
2020-09-08,125,2,2,121,5264,1098,33,4133
2020-09-09,142,0,7,135,5406,1105,33,4268
2020-09-10,99,2,11,86,5505,1116,35,4354
2020-09-11,115,0,6,109,5620,1122,35,4463
2020-09-12,108,0,10,98,5728,1132,35,4561
2020-09-13,88,1,10,77,5816,1142,36,4638
2020-09-14,71,2,6,63,5887,1148,38,4701
2020-09-15,54,1,9,44,5941,1157,39,4745
2020-09-16,37,0,6,31,5978,1163,39,4776
2020-09-17,52,1,24,27,6030,1187,40,4803
2020-09-18,44,2,7,35,6074,1194,42,4838
2020-09-19,62,0,11,51,6136,1205,42,4889
2020-09-20,96,3,6,87,6232,1211,45,4976
2020-09-21,112,0,7,105,6344,1218,45,5081
2020-09-22,87,1,18,68,6431,1236,46,5149
2020-09-23,100,1,19,80,6531,1255,47,5229
2020-09-24,99,10,13,76,6630,1268,57,5305
2020-09-25,111,3,10,98,6741,1278,60,5403
2020-09-26,53,1,8,44,6794,1286,61,5447
2020-09-27,59,1,9,49,6853,1295,62,5496
2020-09-28,85,4,21,60,6938,1316,66,5556
2020-09-29,91,1,18,72,7029,1334,67,5628
2020-09-30,107,1,18,88,7136,1352,68,5716
2020-10-01,120,1,15,104,7256,1367,69,5820
2020-10-02,107,2,11,94,7363,1378,71,5914
2020-10-03,85,0,14,71,7448,1392,71,5985
2020-10-04,83,0,20,63,7531,1412,71,6048
2020-10-05,74,1,6,67,7605,1418,72,6115
2020-10-06,79,0,18,61,7684,1436,72,6176
2020-10-07,80,4,7,69,7764,1443,76,6245
2020-10-08,87,0,19,68,7851,1462,76,6313
2020-10-09,113,0,6,107,7964,1468,76,6420
2020-10-10,103,0,18,85,8067,1486,76,6505
2020-10-11,93,1,12,80,8160,1498,77,6585
2020-10-12,80,2,18,60,8240,1516,79,6645
2020-10-13,61,2,18,41,8301,1534,81,6686
2020-10-14,86,1,11,74,8387,1545,82,6760
2020-10-15,77,0,26,51,8464,1571,82,6811
2020-10-16,70,0,31,39,8534,1602,82,6850
2020-10-17,72,1,16,55,8606,1618,83,6905
2020-10-18,61,0,11,50,8667,1629,83,6955
2020-10-19,88,2,22,64,8755,1651,85,7019
2020-10-20,60,0,19,41,8815,1670,85,7060
2020-10-21,77,0,10,67,8892,1680,85,7127
2020-10-22,62,2,24,36,8954,1704,87,7163
2020-10-23,65,2,13,50,9019,1717,89,7213
2020-10-24,67,2,16,49,9086,1733,91,7262
2020-10-25,88,0,15,73,9174,1748,91,7335
2020-10-26,52,0,9,43,9226,1757,91,7378
2020-10-27,53,0,18,35,9279,1775,91,7413
2020-10-28,60,220,6594,-6754,9339,8369,311,659
2020-10-29,49,2,51,-4,9388,8420,313,655
2020-10-30,47,3,89,-45,9435,8509,316,610
2020-10-31,39,2,51,-14,9474,8560,318,596
2020-11-01,43,1,46,-4,9517,8606,319,592
2020-11-02,17,1,64,-48,9534,8670,320,544
2020-11-03,49,1,63,-15,9583,8733,321,529
2020-11-04,60,0,67,-7,9643,8800,321,522
2020-11-05,43,2,88,-47,9686,8888,323,475
2020-11-06,65,1,56,8,9751,8944,324,483
2020-11-07,53,0,32,21,9804,8976,324,504
2020-11-08,36,0,44,-8,9840,9020,324,496
2020-11-09,54,1,63,-10,9894,9083,325,486
2020-11-10,37,1,75,-39,9931,9158,326,447
2020-11-11,75,0,50,25,10006,9208,326,472
2020-11-12,67,1,38,28,10073,9246,327,500
2020-11-13,53,1,54,-2,10126,9300,328,498
2020-11-14,39,0,40,-1,10165,9340,328,497
2020-11-15,46,0,38,8,10211,9378,328,505
2020-11-16,4,1,30,-27,10215,9408,329,478
2020-11-17,0,1,45,-46,10215,9453,330,432
2020-11-18,57,0,78,-21,10272,9531,330,411
2020-11-19,71,0,52,19,10343,9583,330,430
2020-11-20,52,2,53,-3,10395,9636,332,427
2020-11-21,72,0,58,14,10467,9694,332,441
2020-11-22,83,1,52,30,10550,9746,333,471
2020-11-23,56,3,60,-7,10606,9806,336,464
2020-11-24,86,2,79,5,10692,9885,338,469
2020-11-25,70,2,54,14,10762,9939,340,483
2020-11-26,89,2,43,44,10851,9982,342,527
2020-11-27,68,4,48,16,10919,10030,346,543
2020-11-28,85,0,68,17,11004,10098,346,560
2020-11-29,85,2,41,42,11089,10139,348,602
2020-11-30,70,3,112,-45,11159,10251,351,557
2020-12-01,91,2,34,55,11250,10285,353,612
2020-12-02,169,0,80,89,11419,10365,353,701
2020-12-03,175,5,81,89,11594,10446,358,790
2020-12-04,91,2,68,21,11685,10514,360,811
2020-12-05,69,1,83,-15,11754,10597,361,796
2020-12-06,86,2,63,21,11840,10660,363,817
2020-12-07,81,1,281,-201,11921,10941,364,616
2020-12-08,66,1,70,-5,11987,11011,365,611
2020-12-09,120,4,66,50,12107,11077,369,661
2020-12-10,92,3,88,1,12199,11165,372,662
2020-12-11,84,4,77,3,12283,11242,376,665
2020-12-12,54,0,72,-18,12337,11314,376,647
2020-12-13,51,2,50,-1,12388,11364,378,646
2020-12-14,69,0,78,-9,12457,11442,378,637
2020-12-15,56,7,50,-1,12513,11492,385,636
2020-12-16,113,0,125,-12,12626,11617,385,624
2020-12-17,102,2,56,44,12728,11673,387,668
2020-12-18,89,2,51,36,12817,11724,389,704
2020-12-19,70,0,52,18,12887,11776,389,722
2020-12-20,75,3,63,9,12962,11839,392,731
2020-12-21,109,1,130,-22,13071,11969,393,709
2020-12-22,93,1,106,-14,13164,12075,394,695
2020-12-23,90,2,106,-18,13254,12181,396,677
2020-12-24,102,1,88,13,13356,12269,397,690
2020-12-25,97,4,75,18,13453,12344,401,708
2020-12-26,76,5,79,-8,13529,12423,406,700
2020-12-27,53,3,87,-37,13582,12510,409,663
2020-12-28,108,4,93,11,13690,12603,413,674
2020-12-29,132,3,144,-15,13822,12747,416,659
2020-12-30,127,7,100,20,13949,12847,423,679
2020-12-31,145,3,79,63,14094,12926,426,742
2021-01-01,85,0,63,22,14179,12989,426,764
2021-01-02,140,3,103,34,14319,13092,429,798
2021-01-03,91,0,64,27,14410,13156,429,825
2021-01-04,91,8,94,-11,14501,13250,437,814
2021-01-05,135,1,102,32,14636,13352,438,846
2021-01-06,143,10,129,4,14779,13481,448,850
2021-01-07,159,4,124,31,14938,13605,452,881
2021-01-08,185,3,71,111,15123,13676,455,992
2021-01-09,148,4,74,70,15271,13750,459,1062
2021-01-10,142,2,104,36,15413,13854,461,1098
2021-01-11,197,2,111,84,15610,13965,463,1182
2021-01-12,284,10,124,150,15894,14089,473,1332
2021-01-13,215,3,82,130,16109,14171,476,1462
2021-01-14,237,1,211,25,16346,14382,477,1487
2021-01-15,225,5,156,64,16571,14538,482,1551
2021-01-16,265,1,101,163,16836,14639,483,1714
2021-01-17,210,2,122,86,17046,14761,485,1800
2021-01-18,200,6,168,26,17246,14929,491,1826
2021-01-19,199,2,194,3,17445,15123,493,1829
2021-01-20,401,7,195,199,17846,15318,500,2028
2021-01-21,390,3,143,244,18236,15461,503,2272
2021-01-22,241,8,217,16,18477,15678,511,2288
2021-01-23,212,7,177,28,18689,15855,518,2316
2021-01-24,227,4,175,48,18916,16030,522,2364
2021-01-25,154,9,211,-66,19070,16241,531,2298
2021-01-26,439,6,196,237,19509,16437,537,2535
2021-01-27,429,3,196,230,19938,16633,540,2765
2021-01-28,290,5,188,97,20228,16821,545,2862
2021-01-29,326,7,279,40,20554,17100,552,2902
2021-01-30,198,4,173,21,20752,17273,556,2923
2021-01-31,200,8,183,9,20952,17456,564,2932
2021-02-01,210,6,269,-65,21162,17725,570,2867
2021-02-02,248,5,320,-77,21410,18045,575,2790
2021-02-03,200,5,171,24,21610,18216,580,2814
2021-02-04,174,7,359,-192,21784,18575,587,2622
2021-02-05,416,7,282,127,22200,18857,594,2749
2021-02-06,164,11,318,-165,22364,19175,605,2584
2021-02-07,305,5,175,125,22669,19350,610,2709
2021-02-08,202,8,379,-185,22871,19729,618,2524
2021-02-09,357,4,259,94,23228,19988,622,2618
2021-02-10,235,10,245,-20,23463,20233,632,2598
2021-02-11,298,12,297,-11,23761,20530,644,2587
2021-02-12,240,7,243,-10,24001,20773,651,2577
2021-02-13,124,10,163,-49,24125,20936,661,2528
2021-02-14,109,4,160,-55,24234,21096,665,2473
2021-02-15,215,8,209,-2,24449,21305,673,2471
2021-02-16,228,9,246,-27,24677,21551,682,2444
2021-02-17,300,9,187,104,24977,21738,691,2548
2021-02-18,254,8,326,-80,25231,22064,699,2468
2021-02-19,266,9,332,-75,25497,22396,708,2393
2021-02-20,173,3,350,-180,25670,22746,711,2213
2021-02-21,240,4,153,83,25910,22899,715,2296
2021-02-22,211,8,238,-35,26121,23137,723,2261
2021-02-23,240,8,285,-53,26361,23422,731,2208
2021-02-24,247,4,238,5,26608,23660,735,2213
2021-02-25,206,8,252,-54,26814,23912,743,2159
2021-02-26,270,8,242,20,27084,24154,751,2179
2021-02-27,121,2,223,-104,27205,24377,753,2075
2021-02-28,205,5,124,76,27410,24501,758,2151
2021-03-01,131,5,192,-66,27541,24693,763,2085
2021-03-02,127,5,197,-75,27668,24890,768,2010
2021-03-03,164,8,184,-28,27832,25074,776,1982
2021-03-04,214,13,188,13,28046,25262,789,1995
2021-03-05,163,5,239,-81,28209,25501,794,1914
2021-03-06,128,4,175,-51,28337,25676,798,1863
2021-03-07,120,3,148,-31,28457,25824,801,1832
2021-03-08,156,5,254,-103,28613,26078,806,1729
2021-03-09,196,5,208,-17,28809,26286,811,1712
2021-03-10,200,5,169,26,29009,26455,816,1738
2021-03-11,116,5,112,-1,29125,26567,821,1737
2021-03-12,154,9,169,-24,29279,26736,830,1713
2021-03-13,114,4,117,-7,29393,26853,834,1706
2021-03-14,0,3,15,-18,29393,26868,837,1688
2021-03-15,79,4,188,-113,29472,27056,841,1575
2021-03-16,63,5,157,-99,29535,27213,846,1476
2021-03-17,183,7,233,-57,29718,27446,853,1419
2021-03-18,252,6,176,70,29970,27622,859,1489
2021-03-19,159,7,253,-101,30129,27875,866,1388
2021-03-20,107,6,215,-114,30236,28090,872,1274
2021-03-21,154,1,99,54,30390,28189,873,1328
2021-03-22,144,5,177,-38,30534,28366,878,1290
2021-03-23,155,8,96,51,30689,28462,886,1341
2021-03-24,153,7,125,21,30842,28587,893,1362
2021-03-25,164,2,115,47,31006,28702,895,1409
2021-03-26,145,5,147,-7,31151,28849,900,1402
2021-03-27,125,6,114,5,31276,28963,906,1407
2021-03-28,96,4,97,-5,31372,29060,910,1402
2021-03-29,121,7,195,-81,31493,29255,917,1321
2021-03-30,140,6,143,-9,31633,29398,923,1312
2021-03-31,160,2,169,-11,31793,29567,925,1301
2021-04-01,138,8,160,-30,31931,29727,933,1271
2021-04-02,138,3,101,34,32069,29828,936,1305
2021-04-03,113,5,175,-67,32182,30003,941,1238
2021-04-04,206,4,213,-11,32388,30216,945,1227
2021-04-05,146,5,132,9,32534,30348,950,1236
2021-04-06,192,7,170,15,32726,30518,957,1251
2021-04-07,178,8,126,44,32904,30644,965,1295
2021-04-08,170,6,172,-8,33074,30816,971,1287
2021-04-09,162,7,116,39,33236,30932,978,1326
2021-04-10,124,3,109,12,33360,31041,981,1338
2021-04-11,88,0,91,-3,33448,31132,981,1335
2021-04-12,128,9,144,-25,33576,31276,990,1310
2021-04-13,120,5,88,27,33696,31364,995,1337
2021-04-14,93,1,50,42,33789,31414,996,1379
2021-04-15,160,3,114,43,33949,31528,999,1422
2021-04-16,179,3,227,-51,34128,31755,1002,1371
2021-04-17,133,10,146,-23,34261,31901,1012,1348
2021-04-18,138,7,177,-46,34399,32078,1019,1302
2021-04-19,125,7,179,-61,34524,32257,1026,1241
2021-04-20,169,8,179,-18,34693,32436,1034,1223
2021-04-21,153,7,125,21,34846,32561,1041,1244
2021-04-22,137,8,192,-63,34983,32753,1049,1181
2021-04-23,113,7,98,8,35096,32851,1056,1189
2021-04-24,106,0,58,48,35202,32909,1056,1237
2021-04-25,59,2,73,-16,35261,32982,1058,1221
2021-04-26,80,6,149,-75,35341,33131,1064,1146
2021-04-27,127,8,89,30,35468,33220,1072,1176
2021-04-28,142,7,105,30,35610,33325,1079,1206
2021-04-29,109,4,160,-55,35719,33485,1083,1151
2021-04-30,109,5,120,-16,35828,33605,1088,1135
2021-05-01,105,8,142,-45,35933,33747,1096,1090
2021-05-02,71,3,48,20,36004,33795,1099,1110
2021-05-03,80,6,107,-33,36084,33902,1105,1077
2021-05-04,120,8,98,14,36204,34000,1113,1091
2021-05-05,103,9,107,-13,36307,34107,1122,1078
2021-05-06,106,11,133,-38,36413,34240,1133,1040
2021-05-07,86,4,123,-41,36499,34363,1137,999
2021-05-08,82,7,107,-32,36581,34470,1144,967
2021-05-09,83,5,81,-3,36664,34551,1149,964
2021-05-10,63,8,108,-53,36727,34659,1157,911
2021-05-11,82,7,71,4,36809,34730,1164,915
2021-05-12,82,6,97,-21,36891,34827,1170,894
2021-05-13,71,3,67,1,36962,34894,1173,895
2021-05-14,38,3,74,-39,37000,34968,1176,856
2021-05-15,32,3,94,-65,37032,35062,1179,791
2021-05-16,61,4,42,15,37093,35104,1183,806
2021-05-17,62,5,96,-39,37155,35200,1188,767
2021-05-18,61,3,90,-32,37216,35290,1191,735
2021-05-19,89,5,99,-15,37305,35389,1196,720
2021-05-20,69,4,71,-6,37374,35460,1200,714
2021-05-21,81,1,146,-66,37455,35606,1201,648
2021-05-22,41,3,67,-29,37496,35673,1204,619
2021-05-23,53,2,39,12,37549,35712,1206,631
2021-05-24,53,1,63,-11,37602,35775,1207,620
2021-05-25,44,3,67,-26,37646,35842,1210,594
2021-05-26,44,5,30,9,37690,35872,1215,603
2021-05-27,24,5,58,-39,37714,35930,1220,564
2021-05-28,49,5,53,-9,37763,35983,1225,555
2021-05-29,40,2,62,-24,37803,36045,1227,531
2021-05-30,37,2,36,-1,37840,36081,1229,530
2021-05-31,38,2,76,-40,37878,36157,1231,490
2021-06-01,17,0,23,-6,37895,36180,1231,484
2021-06-02,26,1,61,-36,37921,36241,1232,448
2021-06-03,36,0,54,-18,37957,36295,1232,430
2021-06-04,43,2,59,-18,38000,36354,1234,412
2021-06-05,20,0,32,-12,38020,36386,1234,400
2021-06-06,20,0,39,-19,38040,36425,1234,381
2021-06-07,30,0,35,-5,38070,36460,1234,376
2021-06-08,24,4,30,-10,38094,36490,1238,366
2021-06-09,29,0,47,-18,38123,36537,1238,348
2021-06-10,49,1,48,0,38172,36585,1239,348
2021-06-11,39,2,55,-18,38211,36640,1241,330
2021-06-12,15,2,25,-12,38226,36665,1243,318
2021-06-13,38,3,33,2,38264,36698,1246,320
2021-06-14,41,1,46,-6,38305,36744,1247,314
2021-06-15,49,2,24,23,38354,36768,1249,337
2021-06-16,52,0,14,38,38406,36782,1249,375
2021-06-17,49,1,32,16,38455,36814,1250,391
2021-06-18,71,1,44,26,38526,36858,1251,417
2021-06-19,132,2,33,97,38658,36891,1253,514
2021-06-20,83,1,29,53,38741,36920,1254,567
2021-06-21,69,1,42,26,38810,36962,1255,593
2021-06-22,102,3,10,89,38912,36972,1258,682
2021-06-23,155,3,26,126,39067,36998,1261,808
2021-06-24,143,2,57,84,39210,37055,1263,892
2021-06-25,154,1,51,102,39364,37106,1264,994
2021-06-26,201,2,68,131,39565,37174,1266,1125
2021-06-27,140,4,58,78,39705,37232,1270,1203
2021-06-28,161,5,118,38,39866,37350,1275,1241
2021-06-29,190,1,88,101,40056,37438,1276,1342
2021-06-30,170,0,90,80,40226,37528,1276,1422
2021-07-01,244,8,87,149,40470,37615,1284,1571
2021-07-02,272,5,140,127,40742,37755,1289,1698
2021-07-03,206,3,136,67,40948,37891,1292,1765
2021-07-04,283,4,99,180,41231,37990,1296,1945
2021-07-05,313,5,165,143,41544,38155,1301,2088
2021-07-06,333,4,222,107,41877,38377,1305,2195
2021-07-07,403,6,174,223,42280,38551,1311,2418
2021-07-08,468,4,207,257,42748,38758,1315,2675
2021-07-09,527,4,217,306,43275,38975,1319,2981
2021-07-10,539,4,193,342,43814,39168,1323,3323
2021-07-11,453,5,233,215,44267,39401,1328,3538
2021-07-12,524,11,242,271,44791,39643,1339,3809
2021-07-13,590,18,283,289,45381,39926,1357,4098
2021-07-14,636,19,243,374,46017,40169,1376,4472
2021-07-15,666,12,337,317,46683,40506,1388,4789
2021-07-16,701,18,384,299,47384,40890,1406,5088
2021-07-17,847,19,425,403,48231,41315,1425,5491
2021-07-18,764,16,361,387,48995,41676,1441,5878
2021-07-19,646,20,495,131,49641,42171,1461,6009
2021-07-20,696,18,433,245,50337,42604,1479,6254
2021-07-21,887,20,531,336,51224,43135,1499,6590
2021-07-22,999,27,512,460,52223,43647,1526,7050
2021-07-23,1123,28,557,538,53346,44204,1554,7588
2021-07-24,862,18,541,303,54208,44745,1572,7891
2021-07-25,799,23,559,217,55007,45304,1595,8108
2021-07-26,865,20,637,208,55872,45941,1615,8316
2021-07-27,1069,25,666,378,56941,46607,1640,8694
2021-07-28,1155,33,780,342,58096,47387,1673,9036
2021-07-29,890,15,472,403,58986,47859,1688,9439
2021-07-30,1111,27,658,426,60097,48517,1715,9865
2021-07-31,1008,26,743,239,61105,49260,1741,10104
2021-08-01,937,23,683,231,62042,49943,1764,10335
2021-08-02,845,37,615,193,62887,50558,1801,10528
2021-08-03,1134,27,737,370,64021,51295,1828,10898
2021-08-04,1072,30,888,154,65093,52183,1858,11052
2021-08-05,1190,18,971,201,66283,53154,1876,11253
2021-08-06,998,43,1206,-251,67281,54360,1919,11002
2021-08-07,801,28,1006,-233,68082,55366,1947,10769
2021-08-08,942,19,1043,-120,69024,56409,1966,10649
2021-08-09,828,32,881,-85,69852,57290,1998,10564
2021-08-10,1135,28,1268,-161,70987,58558,2026,10403
2021-08-11,997,22,919,56,71984,59477,2048,10459
2021-08-12,1101,28,1258,-185,73085,60735,2076,10274
2021-08-13,1529,39,1683,-193,74614,62418,2115,10081
2021-08-14,1410,28,1324,58,76024,63742,2143,10139
2021-08-15,846,30,1630,-814,76870,65372,2173,9325
2021-08-16,720,41,763,-84,77590,66135,2214,9241
2021-08-17,799,38,809,-48,78389,66944,2252,9193
2021-08-18,570,55,930,-415,78959,67874,2307,8778
2021-08-19,827,48,840,-61,79786,68714,2355,8717
2021-08-20,832,54,1007,-229,80618,69721,2409,8488
2021-08-21,677,46,950,-319,81295,70671,2455,8169
2021-08-22,459,45,849,-435,81754,71520,2500,7734
2021-08-23,342,55,814,-527,82096,72334,2555,7207
2021-08-24,762,36,779,-53,82858,73113,2591,7154
2021-08-25,580,35,660,-115,83438,73773,2626,7039
2021-08-26,450,41,770,-361,83888,74543,2667,6678
2021-08-27,444,35,532,-123,84332,75075,2702,6555
2021-08-28,377,25,650,-298,84709,75725,2727,6257
2021-08-29,245,30,750,-535,84954,76475,2757,5722
2021-08-30,247,42,696,-491,85201,77171,2799,5231
2021-08-31,299,13,200,86,85500,77371,2812,5317
2021-09-01,315,15,350,-50,85815,77721,2827,5267
2021-09-02,273,19,555,-301,86088,78276,2846,4966
2021-09-03,314,14,490,-190,86402,78766,2860,4776
2021-09-04,277,21,632,-376,86679,79398,2881,4400
2021-09-05,203,14,372,-183,86882,79770,2895,4217
2021-09-06,173,13,283,-123,87055,80053,2908,4094
2021-09-07,233,18,312,-97,87288,80365,2926,3997
2021-09-08,236,14,210,12,87524,80575,2940,4009
2021-09-09,198,13,327,-142,87722,80902,2953,3867
2021-09-10,214,10,337,-133,87936,81239,2963,3734
2021-09-11,184,13,256,-85,88120,81495,2976,3649
2021-09-12,119,10,271,-162,88239,81766,2986,3487
2021-09-13,99,13,289,-203,88338,82055,2999,3284
2021-09-14,194,20,548,-374,88532,82603,3019,2910
2021-09-15,139,15,660,-536,88671,83263,3034,2374
2021-09-16,99,9,424,-334,88770,83687,3043,2040
2021-09-17,179,13,202,-36,88949,83889,3056,2004
2021-09-18,125,9,178,-62,89074,84067,3065,1942
2021-09-19,91,9,140,-58,89165,84207,3074,1884
2021-09-20,76,7,179,-110,89241,84386,3081,1774
2021-09-21,141,10,206,-75,89382,84592,3091,1699
2021-09-22,102,9,186,-93,89484,84778,3100,1606
2021-09-23,112,12,184,-84,89596,84962,3112,1522
2021-09-24,93,9,114,-30,89689,85076,3121,1492
2021-09-25,81,8,119,-46,89770,85195,3129,1446
2021-09-26,66,2,108,-44,89836,85303,3131,1402
2021-09-27,54,7,108,-61,89890,85411,3138,1341
2021-09-28,70,3,229,-162,89960,85640,3141,1179
2021-09-29,69,7,142,-80,90029,85782,3148,1099
2021-09-30,73,4,189,-120,90102,85971,3152,979
2021-10-01,79,5,136,-62,90181,86107,3157,917
2021-10-02,68,6,105,-43,90249,86212,3163,874
2021-10-03,46,2,103,-59,90295,86315,3165,815
2021-10-04,35,7,78,-50,90330,86393,3172,765
2021-10-05,64,3,110,-49,90394,86503,3175,716
2021-10-06,45,2,74,-31,90439,86577,3177,685
2021-10-07,49,2,91,-44,90488,86668,3179,641
2021-10-08,45,2,66,-23,90533,86734,3181,618
2021-10-09,33,4,48,-19,90566,86782,3185,599
2021-10-10,32,1,51,-20,90598,86833,3186,579
2021-10-11,33,3,64,-34,90631,86897,3189,545
2021-10-12,35,1,69,-35,90666,86966,3190,510
2021-10-13,35,3,49,-17,90701,87015,3193,493
2021-10-14,34,2,72,-40,90735,87087,3195,453
2021-10-15,35,2,52,-19,90770,87139,3197,434
2021-10-16,28,3,38,-13,90798,87177,3200,421
2021-10-17,21,0,24,-3,90819,87201,3200,418
2021-10-18,17,4,45,-32,90836,87246,3204,386
2021-10-19,39,2,42,-5,90875,87288,3206,381
2021-10-20,27,0,29,-2,90902,87317,3206,379
2021-10-21,24,1,41,-18,90926,87358,3207,361
2021-10-22,26,1,45,-20,90952,87403,3208,341
2021-10-23,17,2,25,-10,90969,87428,3210,331
2021-10-24,22,0,22,0,90991,87450,3210,331
2021-10-25,12,1,41,-30,91003,87491,3211,301
2021-10-26,17,3,24,-10,91020,87515,3214,291
2021-10-27,13,0,18,-5,91033,87533,3214,286
2021-10-28,18,0,39,-21,91051,87572,3214,265
2021-10-29,26,0,29,-3,91077,87601,3214,262
2021-10-30,17,0,24,-7,91094,87625,3214,255
2021-10-31,18,3,14,1,91112,87639,3217,256
2021-11-01,15,0,38,-23,91127,87677,3217,233
2021-11-02,17,0,16,1,91144,87693,3217,234
2021-11-03,19,0,20,-1,91163,87713,3217,233
2021-11-04,17,1,16,0,91180,87729,3218,233
2021-11-05,7,1,15,-9,91187,87744,3219,224
2021-11-06,11,0,20,-9,91198,87764,3219,215
2021-11-07,10,1,12,-3,91208,87776,3220,212
2021-11-08,5,1,28,-24,91213,87804,3221,188
2021-11-09,18,0,9,9,91231,87813,3221,197
2021-11-10,7,0,11,-4,91238,87824,3221,193
2021-11-11,3,0,16,-13,91241,87840,3221,180
2021-11-12,8,1,14,-7,91249,87854,3222,173
2021-11-13,5,2,19,-16,91254,87873,3224,157
2021-11-14,8,0,19,-11,91262,87892,3224,146
2021-11-15,5,0,14,-9,91267,87906,3224,137
2021-11-16,3,1,15,-13,91270,87921,3225,124
2021-11-17,13,0,8,5,91283,87929,3225,129
2021-11-18,5,0,4,1,91288,87933,3225,130
2021-11-19,3,0,2,1,91291,87935,3225,131
2021-11-20,1,0,8,-7,91292,87943,3225,124
2021-11-21,5,1,10,-6,91297,87953,3226,118
2021-11-22,5,0,10,-5,91302,87963,3226,113
2021-11-23,9,0,10,-1,91311,87973,3226,112
2021-11-24,13,1,6,6,91324,87979,3227,118
2021-11-25,10,0,2,8,91334,87981,3227,126
2021-11-26,14,0,6,8,91348,87987,3227,134
2021-11-27,6,2,9,-5,91354,87996,3229,129
2021-11-28,13,0,4,9,91367,88000,3229,138
2021-11-29,10,1,10,-1,91377,88010,3230,137
2021-11-30,11,0,9,2,91388,88019,3230,139
2021-12-01,4,0,3,1,91392,88022,3230,140
2021-12-02,12,2,11,-1,91404,88033,3232,139
2021-12-03,10,0,8,2,91414,88041,3232,141
2021-12-04,8,1,8,-1,91422,88049,3233,140
2021-12-05,4,0,8,-4,91426,88057,3233,136
2021-12-06,4,0,7,-3,91430,88064,3233,133
2021-12-07,9,1,8,0,91439,88072,3234,133
2021-12-08,10,0,9,1,91449,88081,3234,134
2021-12-09,12,0,4,8,91461,88085,3234,142
2021-12-10,3,1,9,-7,91464,88094,3235,135
2021-12-11,2,0,7,-5,91466,88101,3235,130
2021-12-12,3,1,3,-1,91469,88104,3236,129
2021-12-13,4,1,12,-9,91473,88116,3237,120
2021-12-14,7,1,5,1,91480,88121,3238,121
2021-12-15,2,0,17,-15,91482,88138,3238,106
2021-12-16,3,1,13,-11,91485,88151,3239,95
2021-12-17,3,0,11,-8,91488,88162,3239,87
2021-12-18,3,0,9,-6,91491,88171,3239,81
2021-12-19,3,0,13,-10,91494,88184,3239,71
2021-12-20,3,0,10,-7,91497,88194,3239,64
2021-12-21,4,0,16,-12,91501,88210,3239,52
2021-12-22,6,0,2,4,91507,88212,3239,56
2021-12-23,1,1,11,-11,91508,88223,3240,45
2021-12-24,2,1,2,-1,91510,88225,3241,44
2021-12-25,6,0,3,3,91516,88228,3241,47
2021-12-26,4,0,0,4,91520,88228,3241,51
2021-12-27,5,0,8,-3,91525,88236,3241,48
2021-12-28,4,1,1,2,91529,88237,3242,50
2021-12-29,2,0,3,-1,91531,88240,3242,49
2021-12-30,3,1,1,1,91534,88241,3243,50
2021-12-31,2,0,2,0,91536,88243,3243,50
2022-01-01,3,0,0,3,91539,88243,3243,53
2022-01-02,1,0,0,1,91540,88243,3243,54
2022-01-03,4,1,4,-1,91544,88247,3244,53
2022-01-04,5,1,5,-1,91549,88252,3245,52
2022-01-05,1,0,5,-4,91550,88257,3245,48
2022-01-06,3,0,6,-3,91553,88263,3245,45
2022-01-07,4,0,7,-3,91557,88270,3245,42
2022-01-08,5,0,2,3,91562,88272,3245,45
2022-01-09,8,0,0,8,91570,88272,3245,53
2022-01-10,0,0,7,-7,91570,88279,3245,46
2022-01-11,9,0,1,8,91579,88280,3245,54
2022-01-12,4,0,0,4,91583,88280,3245,58
2022-01-13,22,0,1,21,91605,88281,3245,79
2022-01-14,7,0,3,4,91612,88284,3245,83
2022-01-15,4,1,3,0,91616,88287,3246,83
2022-01-16,11,0,0,11,91627,88287,3246,94
2022-01-17,10,0,10,0,91637,88297,3246,94
2022-01-18,16,0,1,15,91653,88298,3246,109
2022-01-19,16,0,1,15,91669,88299,3246,124
2022-01-20,36,0,6,30,91705,88305,3246,154
2022-01-21,33,0,5,28,91738,88310,3246,182
2022-01-22,36,0,21,15,91774,88331,3246,197
2022-01-23,40,0,8,32,91814,88339,3246,229
2022-01-24,25,2,13,10,91839,88352,3248,239
2022-01-25,80,0,8,72,91919,88360,3248,311
2022-01-26,99,0,6,93,92018,88366,3248,404
2022-01-27,169,2,9,158,92187,88375,3250,562
2022-01-28,242,2,17,223,92429,88392,3252,785
2022-01-29,272,1,18,253,92701,88410,3253,1038
2022-01-30,282,0,32,250,92983,88442,3253,1288
2022-01-31,232,1,47,184,93215,88489,3254,1472
2022-02-01,574,2,26,546,93789,88515,3256,2018
2022-02-02,596,2,45,549,94385,88560,3258,2567
2022-02-03,1160,1,66,1093,95545,88626,3259,3660
2022-02-04,1434,1,94,1339,96979,88720,3260,4999
2022-02-05,1639,4,140,1495,98618,88860,3264,6494
2022-02-06,1547,7,153,1387,100165,89013,3271,7881
2022-02-07,919,9,246,664,101084,89259,3280,8545
2022-02-08,1965,4,290,1671,103049,89549,3284,10216
2022-02-09,2028,11,267,1750,105077,89816,3295,11966
2022-02-10,1763,11,490,1262,106840,90306,3306,13228
2022-02-11,1492,9,423,1060,108332,90729,3315,14288
2022-02-12,1850,12,876,962,110182,91605,3327,15250
2022-02-13,1319,13,730,576,111501,92335,3340,15826
2022-02-14,1022,17,1349,-344,112523,93684,3357,15482
2022-02-15,1467,12,1406,49,113990,95090,3369,15531
2022-02-16,1192,8,1465,-281,115182,96555,3377,15250
2022-02-17,1139,14,1710,-585,116321,98265,3391,14665
2022-02-18,838,10,1520,-692,117159,99785,3401,13973
2022-02-19,764,16,1245,-497,117923,101030,3417,13476
2022-02-20,694,15,1310,-631,118617,102340,3432,12845
2022-02-21,534,8,2004,-1478,119151,104344,3440,11367
2022-02-22,619,20,1707,-1108,119770,106051,3460,10259
2022-02-23,609,14,1192,-597,120379,107243,3474,9662
2022-02-24,475,10,1127,-662,120854,108370,3484,9000
2022-02-25,413,12,1266,-865,121267,109636,3496,8135
2022-02-26,380,11,941,-572,121647,110577,3507,7563
2022-02-27,284,10,1221,-947,121931,111798,3517,6616
2022-02-28,179,12,783,-616,122110,112581,3529,6000
2022-03-01,213,16,891,-694,122323,113472,3545,5306
2022-03-02,258,16,711,-469,122581,114183,3561,4837
2022-03-03,135,2,116,17,122716,114299,3563,4854
2022-03-04,74,11,1034,-971,122790,115333,3574,3883
2022-03-05,188,7,704,-523,122978,116037,3581,3360
2022-03-06,189,9,549,-369,123167,116586,3590,2991
2022-03-07,123,4,567,-448,123290,117153,3594,2543
2022-03-08,152,8,398,-254,123442,117551,3602,2289
2022-03-09,111,11,436,-336,123553,117987,3613,1953
2022-03-10,114,3,301,-190,123667,118288,3616,1763
2022-03-11,95,3,222,-130,123762,118510,3619,1633
2022-03-12,123,0,245,-122,123885,118755,3619,1511
2022-03-13,81,4,146,-69,123966,118901,3623,1442
2022-03-14,77,2,243,-168,124043,119144,3625,1274
2022-03-15,78,1,145,-68,124121,119289,3626,1206
2022-03-16,80,2,175,-97,124201,119464,3628,1109
2022-03-17,58,1,152,-95,124259,119616,3629,1014
2022-03-18,68,2,132,-66,124327,119748,3631,948
2022-03-19,59,3,129,-73,124386,119877,3634,875
2022-03-20,42,1,109,-68,124428,119986,3635,807
2022-03-21,44,1,141,-98,124472,120127,3636,709
2022-03-22,56,1,83,-28,124528,120210,3637,681
2022-03-23,56,0,73,-17,124584,120283,3637,664
2022-03-24,50,1,90,-41,124634,120373,3638,623
2022-03-25,56,1,75,-20,124690,120448,3639,603
2022-03-26,38,2,50,-14,124728,120498,3641,589
2022-03-27,29,0,74,-45,124757,120572,3641,544
2022-03-28,43,0,90,-47,124800,120662,3641,497
2022-03-29,46,2,45,-1,124846,120707,3643,496
2022-03-30,30,0,26,4,124876,120733,3643,500
2022-03-31,42,0,42,0,124918,120775,3643,500
2022-04-01,37,1,73,-37,124955,120848,3644,463
2022-04-02,46,0,78,-32,125001,120926,3644,431
2022-04-03,42,1,27,14,125043,120953,3645,445
2022-04-04,25,0,48,-23,125068,121001,3645,422
2022-04-05,32,1,55,-24,125100,121056,3646,398
2022-04-06,39,0,26,13,125139,121082,3646,411
2022-04-07,30,0,40,-10,125169,121122,3646,401
2022-04-08,34,0,57,-23,125203,121179,3646,378
2022-04-09,37,0,35,2,125240,121214,3646,380
2022-04-10,27,0,23,4,125267,121237,3646,384
2022-04-11,11,0,62,-51,125278,121299,3646,333
2022-04-12,37,1,34,2,125315,121333,3647,335
2022-04-13,20,0,36,-16,125335,121369,3647,319
2022-04-14,25,1,47,-23,125360,121416,3648,296
2022-04-15,15,0,19,-4,125375,121435,3648,292
2022-04-16,27,2,29,-4,125402,121464,3650,288
2022-04-17,15,0,24,-9,125417,121488,3650,279
2022-04-18,13,1,39,-27,125430,121527,3651,252
2022-04-19,25,0,33,-8,125455,121560,3651,244
2022-04-20,28,0,23,5,125483,121583,3651,249
2022-04-21,19,1,26,-8,125502,121609,3652,241
2022-04-22,12,0,42,-30,125514,121651,3652,211
2022-04-23,18,1,30,-13,125532,121681,3653,198
2022-04-24,16,1,15,0,125548,121696,3654,198
2022-04-25,8,0,23,-15,125556,121719,3654,183
2022-04-26,19,1,33,-15,125575,121752,3655,168
2022-04-27,20,0,12,8,125595,121764,3655,176
2022-04-28,10,0,9,1,125605,121773,3655,177
2022-04-29,5,0,43,-38,125610,121816,3655,139
2022-04-30,15,0,6,9,125625,121822,3655,148
2022-05-01,8,1,11,-4,125633,121833,3656,144
2022-05-02,9,1,14,-6,125642,121847,3657,138
2022-05-03,14,0,9,5,125656,121856,3657,143
2022-05-04,11,0,38,-27,125667,121894,3657,116
2022-05-05,12,0,17,-5,125679,121911,3657,111
2022-05-06,8,0,7,1,125687,121918,3657,112
2022-05-07,16,0,8,8,125703,121926,3657,120
2022-05-08,14,0,9,5,125717,121935,3657,125
2022-05-09,13,0,10,3,125730,121945,3657,128
2022-05-10,15,0,7,8,125745,121952,3657,136
2022-05-11,27,0,19,8,125772,121971,3657,144
2022-05-12,11,0,14,-3,125783,121985,3657,141
2022-05-13,21,0,10,11,125804,121995,3657,152
2022-05-14,14,0,16,-2,125818,122011,3657,150
2022-05-15,16,0,7,9,125834,122018,3657,159
2022-05-16,15,0,8,7,125849,122026,3657,166
2022-05-17,15,0,23,-8,125864,122049,3657,158
2022-05-18,7,0,10,-3,125871,122059,3657,155
2022-05-19,16,0,9,7,125887,122068,3657,162
2022-05-20,11,0,18,-7,125898,122086,3657,155
2022-05-21,8,0,23,-15,125906,122109,3657,140
2022-05-22,6,0,5,1,125912,122114,3657,141
2022-05-23,10,0,35,-25,125922,122149,3657,116
2022-05-24,13,0,18,-5,125935,122167,3657,111
2022-05-25,20,0,8,12,125955,122175,3657,123
2022-05-26,11,0,7,4,125966,122182,3657,127
2022-05-27,7,0,14,-7,125973,122196,3657,120
2022-05-28,8,1,28,-21,125981,122224,3658,99
2022-05-29,8,0,5,3,125989,122229,3658,102
2022-05-30,14,1,12,1,126003,122241,3659,103
2022-05-31,6,0,7,-1,126009,122248,3659,102
2022-06-01,8,0,3,5,126017,122251,3659,107
2022-06-02,6,0,21,-15,126023,122272,3659,92
2022-06-03,13,0,5,8,126036,122277,3659,100
2022-06-04,12,1,12,-1,126048,122289,3660,99
2022-06-05,12,0,6,6,126060,122295,3660,105
2022-06-06,17,0,8,9,126077,122303,3660,114
2022-06-07,21,0,5,16,126098,122308,3660,130
2022-06-08,16,0,6,10,126114,122314,3660,140
2022-06-09,17,0,5,12,126131,122319,3660,152
2022-06-10,22,0,15,7,126153,122334,3660,159
2022-06-11,15,0,4,11,126168,122338,3660,170
2022-06-12,24,0,9,15,126192,122347,3660,185
2022-06-13,16,1,27,-12,126208,122374,3661,173
2022-06-14,21,1,2,18,126229,122376,3662,191
2022-06-15,29,0,15,14,126258,122391,3662,205
2022-06-16,34,0,16,18,126292,122407,3662,223
2022-06-17,38,0,17,21,126330,122424,3662,244
2022-06-18,34,0,8,26,126364,122432,3662,270
2022-06-19,20,0,19,1,126384,122451,3662,271
2022-06-20,26,0,34,-8,126410,122485,3662,263
2022-06-21,48,1,14,33,126458,122499,3663,296
2022-06-22,41,0,24,17,126499,122523,3663,313
2022-06-23,39,1,30,8,126538,122553,3664,321
2022-06-24,50,0,18,32,126588,122571,3664,353
2022-06-25,35,0,35,0,126623,122606,3664,353
2022-06-26,43,0,18,25,126666,122624,3664,378
2022-06-27,61,0,23,38,126727,122647,3664,416
2022-06-28,43,0,55,-12,126770,122702,3664,404
2022-06-29,46,0,42,4,126816,122744,3664,408
2022-06-30,56,2,23,31,126872,122767,3666,439
2022-07-01,61,0,31,30,126933,122798,3666,469
2022-07-02,43,1,34,8,126976,122832,3667,477
2022-07-03,34,0,32,2,127010,122864,3667,479
2022-07-04,57,0,74,-17,127067,122938,3667,462
2022-07-05,71,0,34,37,127138,122972,3667,499
2022-07-06,70,0,34,36,127208,123006,3667,535
2022-07-07,64,0,74,-10,127272,123080,3667,525
2022-07-08,72,0,39,33,127344,123119,3667,558
2022-07-09,66,0,46,20,127410,123165,3667,578
2022-07-10,66,0,26,40,127476,123191,3667,618
2022-07-11,57,0,53,4,127533,123244,3667,622
2022-07-12,99,0,73,26,127632,123317,3667,648
2022-07-13,88,0,61,27,127720,123378,3667,675
2022-07-14,100,0,28,72,127820,123406,3667,747
2022-07-15,96,0,105,-9,127916,123511,3667,738
2022-07-16,121,0,61,60,128037,123572,3667,798
2022-07-17,95,3,41,51,128132,123613,3670,849
2022-07-18,83,1,73,9,128215,123686,3671,858
2022-07-19,130,1,59,70,128345,123745,3672,928
2022-07-20,132,1,73,58,128477,123818,3673,986
2022-07-21,125,0,64,61,128602,123882,3673,1047
2022-07-22,128,3,89,36,128730,123971,3676,1083
2022-07-23,129,1,78,50,128859,124049,3677,1133
2022-07-24,110,0,96,14,128969,124145,3677,1147
2022-07-25,102,1,84,17,129071,124229,3678,1164
2022-07-26,182,3,111,68,129253,124340,3681,1232
2022-07-27,137,2,137,-2,129390,124477,3683,1230
2022-07-28,182,3,76,103,129572,124553,3686,1333
2022-07-29,112,3,102,7,129684,124655,3689,1340
2022-07-30,135,2,90,43,129819,124745,3691,1383
2022-07-31,83,2,86,-5,129902,124831,3693,1378
2022-08-01,116,3,153,-40,130018,124984,3696,1338
2022-08-02,122,5,170,-53,130140,125154,3701,1285
2022-08-03,155,3,95,57,130295,125249,3704,1342
2022-08-04,159,2,167,-10,130454,125416,3706,1332
2022-08-05,135,1,130,4,130589,125546,3707,1336
2022-08-06,138,4,112,22,130727,125658,3711,1358
2022-08-07,132,0,105,27,130859,125763,3711,1385
2022-08-08,81,2,134,-55,130940,125897,3713,1330
2022-08-09,162,3,198,-39,131102,126095,3716,1291
2022-08-10,115,5,115,-5,131217,126210,3721,1286
2022-08-11,110,4,114,-8,131327,126324,3725,1278
2022-08-12,117,3,111,3,131444,126435,3728,1281
2022-08-13,103,4,150,-51,131547,126585,3732,1230
2022-08-14,98,1,104,-7,131645,126689,3733,1223
2022-08-15,63,6,173,-116,131708,126862,3739,1107
2022-08-16,106,3,117,-14,131814,126979,3742,1093
2022-08-17,100,6,106,-12,131914,127085,3748,1081
2022-08-18,74,1,187,-114,131988,127272,3749,967
2022-08-19,96,3,79,14,132084,127351,3752,981
2022-08-20,80,4,106,-30,132164,127457,3756,951
2022-08-21,72,0,71,1,132236,127528,3756,952
2022-08-22,62,2,135,-75,132298,127663,3758,877
2022-08-23,93,4,116,-27,132391,127779,3762,850
2022-08-24,75,1,72,2,132466,127851,3763,852
2022-08-25,54,1,86,-33,132520,127937,3764,819
2022-08-26,76,2,99,-25,132596,128036,3766,794
2022-08-27,72,2,120,-50,132668,128156,3768,744
2022-08-28,48,2,60,-14,132716,128216,3770,730
2022-08-29,47,3,79,-35,132763,128295,3773,695
2022-08-30,86,3,94,-11,132849,128389,3776,684
2022-08-31,80,3,69,8,132929,128458,3779,692
2022-09-01,45,1,49,-5,132974,128507,3780,687
2022-09-02,55,1,56,-2,133029,128563,3781,685
2022-09-03,31,4,68,-41,133060,128631,3785,644
2022-09-04,26,2,44,-20,133086,128675,3787,624
2022-09-05,33,2,105,-74,133119,128780,3789,550
2022-09-06,54,2,87,-35,133173,128867,3791,515
2022-09-07,45,2,33,10,133218,128900,3793,525
2022-09-08,47,0,61,-14,133265,128961,3793,511
2022-09-09,30,1,84,-55,133295,129045,3794,456
2022-09-10,31,2,53,-24,133326,129098,3796,432
2022-09-11,27,1,29,-3,133353,129127,3797,429
2022-09-12,18,0,61,-43,133371,129188,3797,386
2022-09-13,23,1,48,-26,133394,129236,3798,360
2022-09-14,16,1,43,-28,133410,129279,3799,332
2022-09-15,31,1,35,-5,133441,129314,3800,327
2022-09-16,23,0,26,-3,133464,129340,3800,324
2022-09-17,21,0,61,-40,133485,129401,3800,284
2022-09-18,12,1,18,-7,133497,129419,3801,277
2022-09-19,15,1,50,-36,133512,129469,3802,241
2022-09-20,28,0,36,-8,133540,129505,3802,233
2022-09-21,20,0,20,0,133560,129525,3802,233
2022-09-22,15,0,21,-6,133575,129546,3802,227
2022-09-23,20,0,26,-6,133595,129572,3802,221
2022-09-24,16,0,19,-3,133611,129591,3802,218
2022-09-25,13,0,18,-5,133624,129609,3802,213
2022-09-26,14,0,31,-17,133638,129640,3802,196
2022-09-27,9,0,1,8,133647,129641,3802,204
2022-09-28,20,0,2,18,133667,129643,3802,222
2022-09-29,2,0,2,0,133669,129645,3802,222
2022-09-30,22,0,1,21,133691,129646,3802,243
