tanggal,KASUS,MENINGGAL,SEMBUH,DIRAWAT_OR_ISOLASI,AKUMULASI_KASUS,AKUMULASI_SEMBUH,AKUMULASI_MENINGGAL,AKUMULASI_DIRAWAT_OR_ISOLASI
2020-03-06,1,0,0,1,1,0,0,1
2020-03-07,0,0,0,0,1,0,0,1
2020-03-08,1,0,3,-2,2,3,0,-1
2020-03-09,0,0,0,0,2,3,0,-1
2020-03-10,0,0,8,-8,2,11,0,-9
2020-03-11,0,0,8,-8,2,19,0,-17
2020-03-12,0,1,2,-3,2,21,1,-20
2020-03-13,1,1,0,0,3,21,2,-20
2020-03-14,1,0,2,-1,4,23,2,-21
2020-03-15,1,0,5,-4,5,28,2,-25
2020-03-16,1,0,4,-3,6,32,2,-28
2020-03-17,0,0,3,-3,6,35,2,-31
2020-03-18,0,1,1,-2,6,36,3,-33
2020-03-19,0,1,3,-4,6,39,4,-37
2020-03-20,0,3,3,-6,6,42,7,-43
2020-03-21,0,0,2,-2,6,44,7,-45
2020-03-22,0,2,0,-2,6,44,9,-47
2020-03-23,0,2,3,-5,6,47,11,-52
2020-03-24,0,1,2,-3,6,49,12,-55
2020-03-25,0,1,3,-4,6,52,13,-59
2020-03-26,0,0,4,-4,6,56,13,-63
2020-03-27,25,2,3,20,31,59,15,-43
2020-03-28,10,2,6,2,41,65,17,-41
2020-03-29,2,1,2,-1,43,67,18,-42
2020-03-30,22,0,3,19,65,70,18,-23
2020-03-31,14,2,1,11,79,71,20,-12
2020-04-01,12,1,6,5,91,77,21,-7
2020-04-02,6,1,1,4,97,78,22,-3
2020-04-03,4,0,4,0,101,82,22,-3
2020-04-04,3,2,2,-1,104,84,24,-4
2020-04-05,4,2,3,-1,108,87,26,-5
2020-04-06,11,2,8,1,119,95,28,-4
2020-04-07,6,0,4,2,125,99,28,-2
2020-04-08,19,0,5,14,144,104,28,12
2020-04-09,4,3,9,-8,148,113,31,4
2020-04-10,21,1,4,16,169,117,32,20
2020-04-11,31,2,20,9,200,137,34,29
2020-04-12,2,1,6,-5,202,143,35,24
2020-04-13,4,2,9,-7,206,152,37,17
2020-04-14,6,2,3,1,212,155,39,18
2020-04-15,1,1,8,-8,213,163,40,10
2020-04-16,15,0,3,12,228,166,40,22
2020-04-17,9,1,8,0,237,174,41,22
2020-04-18,12,1,4,7,249,178,42,29
2020-04-19,3,0,4,-1,252,182,42,28
2020-04-20,30,0,7,23,282,189,42,51
2020-04-21,0,4,6,-10,282,195,46,41
2020-04-22,3,0,6,-3,285,201,46,38
2020-04-23,3,0,1,2,288,202,46,40
2020-04-24,23,0,2,21,311,204,46,61
2020-04-25,11,1,2,8,322,206,47,69
2020-04-26,0,4,1,-5,322,207,51,64
2020-04-27,12,1,4,7,334,211,52,71
2020-04-28,6,0,3,3,340,214,52,74
2020-04-29,0,0,9,-9,340,223,52,65
2020-04-30,16,0,8,8,356,231,52,73
2020-05-01,15,0,3,12,371,234,52,85
2020-05-02,9,1,9,-1,380,243,53,84
2020-05-03,5,0,1,4,385,244,53,88
2020-05-04,14,0,9,5,399,253,53,93
2020-05-05,12,2,19,-9,411,272,55,84
2020-05-06,29,0,4,25,440,276,55,109
2020-05-07,0,0,3,-3,440,279,55,106
2020-05-08,20,1,6,13,460,285,56,119
2020-05-09,22,1,5,16,482,290,57,135
2020-05-10,10,0,7,3,492,297,57,138
2020-05-11,8,0,5,3,500,302,57,141
2020-05-12,18,0,5,13,518,307,57,154
2020-05-13,20,0,6,14,538,313,57,168
2020-05-14,14,2,15,-3,552,328,59,165
2020-05-15,28,0,16,12,580,344,59,177
2020-05-16,0,0,9,-9,580,353,59,168
2020-05-17,24,0,9,15,604,362,59,183
2020-05-18,31,0,17,14,635,379,59,197
2020-05-19,21,0,15,6,656,394,59,203
2020-05-20,1,0,30,-29,657,424,59,174
2020-05-21,43,1,8,34,700,432,60,208
2020-05-22,11,1,5,5,711,437,61,213
2020-05-23,0,0,6,-6,711,443,61,207
2020-05-24,15,0,4,11,726,447,61,218
2020-05-25,0,0,6,-6,726,453,61,212
2020-05-26,16,0,9,7,742,462,61,219
2020-05-27,8,0,9,-1,750,471,61,218
2020-05-28,11,3,18,-10,761,489,64,208
2020-05-29,9,0,12,-3,770,501,64,205
2020-05-30,12,0,23,-11,782,524,64,194
2020-05-31,2,0,0,2,784,524,64,196
2020-06-01,4,1,9,-6,788,533,65,190
2020-06-02,11,0,19,-8,799,552,65,182
2020-06-03,54,0,24,30,853,576,65,212
2020-06-04,9,0,10,-1,862,586,65,211
2020-06-05,23,1,24,-2,885,610,66,209
2020-06-06,27,1,6,20,912,616,67,229
2020-06-07,8,1,1,6,920,617,68,235
2020-06-08,9,1,5,3,929,622,69,238
2020-06-09,13,1,8,4,942,630,70,242
2020-06-10,27,0,44,-17,969,674,70,225
2020-06-11,20,0,25,-5,989,699,70,220
2020-06-12,28,0,10,18,1017,709,70,238
2020-06-13,63,0,2,61,1080,711,70,299
2020-06-14,6,0,8,-2,1086,719,70,297
2020-06-15,3,0,22,-19,1089,741,70,278
2020-06-16,23,0,9,14,1112,750,70,292
2020-06-17,25,0,23,2,1137,773,70,294
2020-06-18,14,0,14,0,1151,787,70,294
2020-06-19,4,0,21,-17,1155,808,70,277
2020-06-20,14,0,12,2,1169,820,70,279
2020-06-21,5,0,6,-1,1174,826,70,278
2020-06-22,8,1,20,-13,1182,846,71,265
2020-06-23,11,0,13,-2,1193,859,71,263
2020-06-24,14,1,31,-18,1207,890,72,245
2020-06-25,15,0,5,10,1222,895,72,255
2020-06-26,10,0,5,5,1232,900,72,260
2020-06-27,17,0,2,15,1249,902,72,275
2020-06-28,3,0,8,-5,1252,910,72,270
2020-06-29,3,0,6,-3,1255,916,72,267
2020-06-30,6,0,5,1,1261,921,72,268
2020-07-01,10,0,11,-1,1271,932,72,267
2020-07-02,7,0,8,-1,1278,940,72,266
2020-07-03,19,0,19,0,1297,959,72,266
2020-07-04,8,1,11,-4,1305,970,73,262
2020-07-05,7,1,5,1,1312,975,74,263
2020-07-06,10,1,5,4,1322,980,75,267
2020-07-07,6,0,9,-3,1328,989,75,264
2020-07-08,13,0,14,-1,1341,1003,75,263
2020-07-09,11,1,23,-13,1352,1026,76,250
2020-07-10,8,0,26,-18,1360,1052,76,232
2020-07-11,4,1,15,-12,1364,1067,77,220
2020-07-12,12,0,7,5,1376,1074,77,225
2020-07-13,8,3,4,1,1384,1078,80,226
2020-07-14,7,0,7,0,1391,1085,80,226
2020-07-15,3,0,6,-3,1394,1091,80,223
2020-07-16,15,0,12,3,1409,1103,80,226
2020-07-17,8,0,4,4,1417,1107,80,230
2020-07-18,7,0,9,-2,1424,1116,80,228
2020-07-19,10,3,4,3,1434,1120,83,231
2020-07-20,6,0,21,-15,1440,1141,83,216
2020-07-21,7,0,20,-13,1447,1161,83,203
2020-07-22,2,0,14,-12,1449,1175,83,191
2020-07-23,7,0,4,3,1456,1179,83,194
2020-07-24,10,0,10,0,1466,1189,83,194
2020-07-25,4,1,12,-9,1470,1201,84,185
2020-07-26,9,0,3,6,1479,1204,84,191
2020-07-27,5,0,21,-16,1484,1225,84,175
2020-07-28,8,0,14,-6,1492,1239,84,169
2020-07-29,10,1,22,-13,1502,1261,85,156
2020-07-30,22,3,15,4,1524,1276,88,160
2020-07-31,27,1,9,17,1551,1285,89,177
2020-08-01,17,0,37,-20,1568,1322,89,157
2020-08-02,8,1,10,-3,1576,1332,90,154
2020-08-03,17,0,15,2,1593,1347,90,156
2020-08-04,27,0,13,14,1620,1360,90,170
2020-08-05,19,0,12,7,1639,1372,90,177
2020-08-06,32,2,12,18,1671,1384,92,195
2020-08-07,34,0,14,20,1705,1398,92,215
2020-08-08,22,0,22,0,1727,1420,92,215
2020-08-09,24,0,7,17,1751,1427,92,232
2020-08-10,23,1,31,-9,1774,1458,93,223
2020-08-11,19,2,16,1,1793,1474,95,224
2020-08-12,48,1,16,31,1841,1490,96,255
2020-08-13,37,2,15,20,1878,1505,98,275
2020-08-14,21,2,7,12,1899,1512,100,287
2020-08-15,33,1,32,0,1932,1544,101,287
2020-08-16,43,0,18,25,1975,1562,101,312
2020-08-17,17,0,6,11,1992,1568,101,323
2020-08-18,64,0,24,40,2056,1592,101,363
2020-08-19,47,1,11,35,2103,1603,102,398
2020-08-20,23,2,32,-11,2126,1635,104,387
2020-08-21,36,1,39,-4,2162,1674,105,383
2020-08-22,42,2,21,19,2204,1695,107,402
2020-08-23,32,2,44,-14,2236,1739,109,388
2020-08-24,60,3,27,30,2296,1766,112,418
2020-08-25,33,0,50,-17,2329,1816,112,401
2020-08-26,29,0,26,3,2358,1842,112,404
2020-08-27,59,1,120,-62,2417,1962,113,342
2020-08-28,42,3,71,-32,2459,2033,116,310
2020-08-29,61,2,20,39,2520,2053,118,349
2020-08-30,45,0,19,26,2565,2072,118,375
2020-08-31,31,2,42,-13,2596,2114,120,362
2020-09-01,29,1,54,-26,2625,2168,121,336
2020-09-02,70,0,30,40,2695,2198,121,376
2020-09-03,33,3,98,-68,2728,2296,124,308
2020-09-04,23,0,48,-25,2751,2344,124,283
2020-09-05,49,1,38,10,2800,2382,125,293
2020-09-06,85,2,51,32,2885,2433,127,325
2020-09-07,75,1,49,25,2960,2482,128,350
2020-09-08,57,2,40,15,3017,2522,130,365
2020-09-09,37,5,50,-18,3054,2572,135,347
2020-09-10,42,5,65,-28,3096,2637,140,319
2020-09-11,48,4,82,-38,3144,2719,144,281
2020-09-12,23,3,40,-20,3167,2759,147,261
2020-09-13,50,0,24,26,3217,2783,147,287
2020-09-14,57,1,65,-9,3274,2848,148,278
2020-09-15,63,2,45,16,3337,2893,150,294
2020-09-16,138,2,72,64,3475,2965,152,358
2020-09-17,121,3,35,83,3596,3000,155,441
2020-09-18,141,0,59,82,3737,3059,155,523
2020-09-19,128,0,68,60,3865,3127,155,583
2020-09-20,179,0,146,33,4044,3273,155,616
2020-09-21,122,2,267,-147,4166,3540,157,469
2020-09-22,131,4,60,67,4297,3600,161,536
2020-09-23,217,2,142,73,4514,3742,163,609
2020-09-24,130,3,52,75,4644,3794,166,684
2020-09-25,109,2,173,-66,4753,3967,168,618
2020-09-26,135,0,193,-58,4888,4160,168,560
2020-09-27,106,1,70,35,4994,4230,169,595
2020-09-28,129,2,122,5,5123,4352,171,600
2020-09-29,85,8,253,-176,5208,4605,179,424
2020-09-30,144,1,124,19,5352,4729,180,443
2020-10-01,102,5,123,-26,5454,4852,185,417
2020-10-02,82,0,187,-105,5536,5039,185,312
2020-10-03,134,5,103,26,5670,5142,190,338
2020-10-04,168,2,99,67,5838,5241,192,405
2020-10-05,137,2,164,-29,5975,5405,194,376
2020-10-06,98,3,133,-38,6073,5538,197,338
2020-10-07,81,3,62,16,6154,5600,200,354
2020-10-08,122,1,106,15,6276,5706,201,369
2020-10-09,141,1,97,43,6417,5803,202,412
2020-10-10,170,4,106,60,6587,5909,206,472
2020-10-11,106,1,81,24,6693,5990,207,496
2020-10-12,81,4,131,-54,6774,6121,211,442
2020-10-13,79,3,79,-3,6853,6200,214,439
2020-10-14,94,2,71,21,6947,6271,216,460
2020-10-15,111,3,98,10,7058,6369,219,470
2020-10-16,114,2,75,37,7172,6444,221,507
2020-10-17,127,2,59,66,7299,6503,223,573
2020-10-18,130,3,61,66,7429,6564,226,639
2020-10-19,122,4,116,2,7551,6680,230,641
2020-10-20,89,1,165,-77,7640,6845,231,564
2020-10-21,171,5,54,112,7811,6899,236,676
2020-10-22,220,2,122,96,8031,7021,238,772
2020-10-23,145,3,74,68,8176,7095,241,840
2020-10-24,102,2,122,-22,8278,7217,243,818
2020-10-25,226,4,125,97,8504,7342,247,915
2020-10-26,120,0,85,35,8624,7427,247,950
2020-10-27,124,5,92,27,8748,7519,252,977
2020-10-28,170,4,97,69,8918,7616,256,1046
2020-10-29,91,4,145,-58,9009,7761,260,988
2020-10-30,107,3,113,-9,9116,7874,263,979
2020-10-31,85,1,75,9,9201,7949,264,988
2020-11-01,90,2,59,29,9291,8008,266,1017
2020-11-02,74,1,68,5,9365,8076,267,1022
2020-11-03,71,3,107,-39,9436,8183,270,983
2020-11-04,90,2,63,25,9526,8246,272,1008
2020-11-05,51,0,80,-29,9577,8326,272,979
2020-11-06,105,2,84,19,9682,8410,274,998
2020-11-07,125,8,80,37,9807,8490,282,1035
2020-11-08,58,2,36,20,9865,8526,284,1055
2020-11-09,121,1,78,42,9986,8604,285,1097
2020-11-10,55,2,79,-26,10041,8683,287,1071
2020-11-11,124,3,54,67,10165,8737,290,1138
2020-11-12,100,3,74,23,10265,8811,293,1161
2020-11-13,111,1,40,70,10376,8851,294,1231
2020-11-14,167,3,66,98,10543,8917,297,1329
2020-11-15,159,3,71,85,10702,8988,300,1414
2020-11-16,0,3,89,-92,10702,9077,303,1322
2020-11-17,0,6,103,-109,10702,9180,309,1213
2020-11-18,54,4,102,-52,10756,9282,313,1161
2020-11-19,159,4,146,9,10915,9428,317,1170
2020-11-20,128,2,97,29,11043,9525,319,1199
2020-11-21,182,10,128,44,11225,9653,329,1243
2020-11-22,122,1,84,37,11347,9737,330,1280
2020-11-23,171,2,122,47,11518,9859,332,1327
2020-11-24,144,5,103,36,11662,9962,337,1363
2020-11-25,128,5,101,22,11790,10063,342,1385
2020-11-26,145,4,106,35,11935,10169,346,1420
2020-11-27,191,5,110,76,12126,10279,351,1496
2020-11-28,234,2,88,144,12360,10367,353,1640
2020-11-29,151,4,142,5,12511,10509,357,1645
2020-11-30,262,4,119,139,12773,10628,361,1784
2020-12-01,154,1,118,35,12927,10746,362,1819
2020-12-02,121,4,108,9,13048,10854,366,1828
2020-12-03,131,3,124,4,13179,10978,369,1832
2020-12-04,131,5,91,35,13310,11069,374,1867
2020-12-05,143,6,138,-1,13453,11207,380,1866
2020-12-06,134,3,153,-22,13587,11360,383,1844
2020-12-07,133,7,167,-41,13720,11527,390,1803
2020-12-08,98,5,150,-57,13818,11677,395,1746
2020-12-09,166,4,152,10,13984,11829,399,1756
2020-12-10,169,5,172,-8,14153,12001,404,1748
2020-12-11,192,4,138,50,14345,12139,408,1798
2020-12-12,204,4,165,35,14549,12304,412,1833
2020-12-13,136,3,106,27,14685,12410,415,1860
2020-12-14,138,3,144,-9,14823,12554,418,1851
2020-12-15,166,6,150,10,14989,12704,424,1861
2020-12-16,176,5,131,40,15165,12835,429,1901
2020-12-17,181,4,138,39,15346,12973,433,1940
2020-12-18,156,8,121,27,15502,13094,441,1967
2020-12-19,181,7,170,4,15683,13264,448,1971
2020-12-20,147,2,160,-15,15830,13424,450,1956
2020-12-21,158,4,146,8,15988,13570,454,1964
2020-12-22,192,5,139,48,16180,13709,459,2012
2020-12-23,186,6,131,49,16366,13840,465,2061
2020-12-24,154,4,146,4,16520,13986,469,2065
2020-12-25,166,5,209,-48,16686,14195,474,2017
2020-12-26,241,6,160,75,16927,14355,480,2092
2020-12-27,150,4,148,-2,17077,14503,484,2090
2020-12-28,120,3,196,-79,17197,14699,487,2011
2020-12-29,121,6,117,-2,17318,14816,493,2009
2020-12-30,172,6,148,18,17490,14964,499,2027
2020-12-31,270,2,164,104,17760,15128,501,2131
2021-01-01,287,12,183,92,18047,15311,513,2223
2021-01-02,246,7,334,-95,18293,15645,520,2128
2021-01-03,136,2,125,9,18429,15770,522,2137
2021-01-04,158,4,241,-87,18587,16011,526,2050
2021-01-05,164,7,192,-35,18751,16203,533,2015
2021-01-06,189,4,126,59,18940,16329,537,2074
2021-01-07,297,7,199,91,19237,16528,544,2165
2021-01-08,193,5,197,-9,19430,16725,549,2156
2021-01-09,209,6,156,47,19639,16881,555,2203
2021-01-10,217,6,197,14,19856,17078,561,2217
2021-01-11,142,5,179,-42,19998,17257,566,2175
2021-01-12,174,19,579,-424,20172,17836,585,1751
2021-01-13,185,7,238,-60,20357,18074,592,1691
2021-01-14,240,5,202,33,20597,18276,597,1724
2021-01-15,282,10,261,11,20879,18537,607,1735
2021-01-16,257,5,169,83,21136,18706,612,1818
2021-01-17,283,7,215,61,21419,18921,619,1879
2021-01-18,245,3,405,-163,21664,19326,622,1716
2021-01-19,183,0,260,-77,21847,19586,622,1639
2021-01-20,286,7,218,61,22133,19804,629,1700
2021-01-21,237,2,159,76,22370,19963,631,1776
2021-01-22,266,3,223,40,22636,20186,634,1816
2021-01-23,296,8,191,97,22932,20377,642,1913
2021-01-24,325,3,165,157,23257,20542,645,2070
2021-01-25,259,4,154,101,23516,20696,649,2171
2021-01-26,525,7,297,221,24041,20993,656,2392
2021-01-27,241,4,143,94,24282,21136,660,2486
2021-01-28,44,7,607,-570,24326,21743,667,1916
2021-01-29,326,3,258,65,24652,22001,670,1981
2021-01-30,300,3,130,167,24952,22131,673,2148
2021-01-31,273,4,200,69,25225,22331,677,2217
2021-02-01,33,5,149,-121,25258,22480,682,2096
2021-02-02,37,18,505,-486,25295,22985,700,1610
2021-02-03,129,4,269,-144,25424,23254,704,1466
2021-02-04,26,5,182,-161,25450,23436,709,1305
2021-02-05,67,7,156,-96,25517,23592,716,1209
2021-02-06,47,4,230,-187,25564,23822,720,1022
2021-02-07,91,4,159,-72,25655,23981,724,950
2021-02-08,42,12,582,-552,25697,24563,736,398
2021-02-09,65,2,262,-199,25762,24825,738,199
2021-02-10,31,4,190,-163,25793,25015,742,36
2021-02-11,27,4,177,-154,25820,25192,746,-118
2021-02-12,122,1,124,-3,25942,25316,747,-121
2021-02-13,95,9,372,-286,26037,25688,756,-407
2021-02-14,59,7,175,-123,26096,25863,763,-530
2021-02-15,146,5,253,-112,26242,26116,768,-642
2021-02-16,351,11,227,113,26593,26343,779,-529
2021-02-17,262,4,219,39,26855,26562,783,-490
2021-02-18,86,9,300,-223,26941,26862,792,-713
2021-02-19,63,2,328,-267,27004,27190,794,-980
2021-02-20,73,7,125,-59,27077,27315,801,-1039
2021-02-21,249,5,101,143,27326,27416,806,-896
2021-02-22,114,3,236,-125,27440,27652,809,-1021
2021-02-23,251,5,310,-64,27691,27962,814,-1085
2021-02-24,41,7,178,-144,27732,28140,821,-1229
2021-02-25,263,4,202,57,27995,28342,825,-1172
2021-02-26,236,3,261,-28,28231,28603,828,-1200
2021-02-27,37,6,159,-128,28268,28762,834,-1328
2021-02-28,46,4,189,-147,28314,28951,838,-1475
2021-03-01,21,3,169,-151,28335,29120,841,-1626
2021-03-02,97,2,169,-74,28432,29289,843,-1700
2021-03-03,73,5,227,-159,28505,29516,848,-1859
2021-03-04,11,5,238,-232,28516,29754,853,-2091
2021-03-05,515,6,169,340,29031,29923,859,-1751
2021-03-06,10,2,87,-79,29041,30010,861,-1830
2021-03-07,12,3,134,-125,29053,30144,864,-1955
2021-03-08,463,4,179,280,29516,30323,868,-1675
2021-03-09,78,3,250,-175,29594,30573,871,-1850
2021-03-10,107,1,151,-45,29701,30724,872,-1895
2021-03-11,37,1,182,-146,29738,30906,873,-2041
2021-03-12,377,6,82,289,30115,30988,879,-1752
2021-03-13,199,0,84,115,30314,31072,879,-1637
2021-03-14,315,2,67,246,30629,31139,881,-1391
2021-03-15,290,2,122,166,30919,31261,883,-1225
2021-03-16,247,2,129,116,31166,31390,885,-1109
2021-03-17,861,2,239,620,32027,31629,887,-489
2021-03-18,293,4,79,210,32320,31708,891,-279
2021-03-19,325,5,79,241,32645,31787,896,-38
2021-03-20,233,2,64,167,32878,31851,898,129
2021-03-21,211,0,47,164,33089,31898,898,293
2021-03-22,440,0,45,395,33529,31943,898,688
2021-03-23,298,2,69,227,33827,32012,900,915
2021-03-24,259,1,161,97,34086,32173,901,1012
2021-03-25,91,0,45,46,34177,32218,901,1058
2021-03-26,176,2,48,126,34353,32266,903,1184
2021-03-27,220,0,71,149,34573,32337,903,1333
2021-03-28,79,0,28,51,34652,32365,903,1384
2021-03-29,328,1,86,241,34980,32451,904,1625
2021-03-30,319,1,89,229,35299,32540,905,1854
2021-03-31,761,5,566,190,36060,33106,910,2044
2021-04-01,724,9,605,110,36784,33711,919,2154
2021-04-02,675,6,295,374,37459,34006,925,2528
2021-04-03,910,8,151,751,38369,34157,933,3279
2021-04-04,3501,168,5436,-2103,41870,39593,1101,1176
2021-04-05,259,0,80,179,42129,39673,1101,1355
2021-04-06,187,0,11,176,42316,39684,1101,1531
2021-04-07,163,1,98,64,42479,39782,1102,1595
2021-04-08,121,1,33,87,42600,39815,1103,1682
2021-04-09,143,3,58,82,42743,39873,1106,1764
2021-04-10,99,2,23,74,42842,39896,1108,1838
2021-04-11,105,1,59,45,42947,39955,1109,1883
2021-04-12,331,2,191,138,43278,40146,1111,2021
2021-04-13,183,1,152,30,43461,40298,1112,2051
2021-04-14,86,1,101,-16,43547,40399,1113,2035
2021-04-15,81,1,94,-14,43628,40493,1114,2021
2021-04-16,152,3,53,96,43780,40546,1117,2117
2021-04-17,102,9,77,16,43882,40623,1126,2133
2021-04-18,50,0,249,-199,43932,40872,1126,1934
2021-04-19,75,1,36,38,44007,40908,1127,1972
2021-04-20,109,1,39,69,44116,40947,1128,2041
2021-04-21,60,2,149,-91,44176,41096,1130,1950
2021-04-22,84,0,93,-9,44260,41189,1130,1941
2021-04-23,173,2,96,75,44433,41285,1132,2016
2021-04-24,58,0,122,-64,44491,41407,1132,1952
2021-04-25,80,2,136,-58,44571,41543,1134,1894
2021-04-26,220,1,167,52,44791,41710,1135,1946
2021-04-27,227,0,195,32,45018,41905,1135,1978
2021-04-28,60,0,53,7,45078,41958,1135,1985
2021-04-29,110,0,128,-18,45188,42086,1135,1967
2021-04-30,72,9,31,32,45260,42117,1144,1999
2021-05-01,53,0,28,25,45313,42145,1144,2024
2021-05-02,55,2,63,-10,45368,42208,1146,2014
2021-05-03,126,0,44,82,45494,42252,1146,2096
2021-05-04,112,4,157,-49,45606,42409,1150,2047
2021-05-05,73,3,191,-121,45679,42600,1153,1926
2021-05-06,65,1,37,27,45744,42637,1154,1953
2021-05-07,68,0,49,19,45812,42686,1154,1972
2021-05-08,81,4,32,45,45893,42718,1158,2017
2021-05-09,61,0,174,-113,45954,42892,1158,1904
2021-05-10,75,4,71,0,46029,42963,1162,1904
2021-05-11,67,1,45,21,46096,43008,1163,1925
2021-05-12,43,0,21,22,46139,43029,1163,1947
2021-05-13,34,0,1,33,46173,43030,1163,1980
2021-05-14,39,0,15,24,46212,43045,1163,2004
2021-05-15,22,0,95,-73,46234,43140,1163,1931
2021-05-16,66,2,40,24,46300,43180,1165,1955
2021-05-17,53,2,319,-268,46353,43499,1167,1687
2021-05-18,29,2,0,27,46382,43499,1169,1714
2021-05-19,53,1,61,-9,46435,43560,1170,1705
2021-05-20,87,1,340,-254,46522,43900,1171,1451
2021-05-21,62,2,82,-22,46584,43982,1173,1429
2021-05-22,66,4,93,-31,46650,44075,1177,1398
2021-05-23,36,2,50,-16,46686,44125,1179,1382
2021-05-24,49,1,51,-3,46735,44176,1180,1379
2021-05-25,89,2,9,78,46824,44185,1182,1457
2021-05-26,44,0,21,23,46868,44206,1182,1480
2021-05-27,156,2,45,109,47024,44251,1184,1589
2021-05-28,53,2,61,-10,47077,44312,1186,1579
2021-05-29,72,3,69,0,47149,44381,1189,1579
2021-05-30,46,0,58,-12,47195,44439,1189,1567
2021-05-31,137,2,262,-127,47332,44701,1191,1440
2021-06-01,101,1,29,71,47433,44730,1192,1511
2021-06-02,69,0,55,14,47502,44785,1192,1525
2021-06-03,100,3,86,11,47602,44871,1195,1536
2021-06-04,142,3,23,116,47744,44894,1198,1652
2021-06-05,89,2,33,54,47833,44927,1200,1706
2021-06-06,47,0,31,16,47880,44958,1200,1722
2021-06-07,100,0,40,60,47980,44998,1200,1782
2021-06-08,142,4,84,54,48122,45082,1204,1836
2021-06-09,103,1,25,77,48225,45107,1205,1913
2021-06-10,188,4,50,134,48413,45157,1209,2047
2021-06-11,214,1,161,52,48627,45318,1210,2099
2021-06-12,214,3,83,128,48841,45401,1213,2227
2021-06-13,198,4,50,144,49039,45451,1217,2371
2021-06-14,216,3,47,166,49255,45498,1220,2537
2021-06-15,105,1,54,50,49360,45552,1221,2587
2021-06-16,123,3,37,83,49483,45589,1224,2670
2021-06-17,134,5,31,98,49617,45620,1229,2768
2021-06-18,230,1,157,72,49847,45777,1230,2840
2021-06-19,225,6,95,124,50072,45872,1236,2964
2021-06-20,228,4,146,78,50300,46018,1240,3042
2021-06-21,333,7,73,253,50633,46091,1247,3295
2021-06-22,462,4,233,225,51095,46324,1251,3520
2021-06-23,275,9,211,55,51370,46535,1260,3575
2021-06-24,599,5,181,413,51969,46716,1265,3988
2021-06-25,313,5,26,282,52282,46742,1270,4270
2021-06-26,266,4,19,243,52548,46761,1274,4513
2021-06-27,586,13,265,308,53134,47026,1287,4821
2021-06-28,402,6,178,218,53536,47204,1293,5039
2021-06-29,499,9,185,305,54035,47389,1302,5344
2021-06-30,486,17,59,410,54521,47448,1319,5754
2021-07-01,258,2,18,238,54779,47466,1321,5992
2021-07-02,302,5,19,278,55081,47485,1326,6270
2021-07-03,715,7,20,688,55796,47505,1333,6958
2021-07-04,621,17,21,583,56417,47526,1350,7541
2021-07-05,541,3,23,515,56958,47549,1353,8056
2021-07-06,457,6,259,192,57415,47808,1359,8248
2021-07-07,612,13,168,431,58027,47976,1372,8679
2021-07-08,503,5,140,358,58530,48116,1377,9037
2021-07-09,514,4,48,462,59044,48164,1381,9499
2021-07-10,569,8,451,110,59613,48615,1389,9609
2021-07-11,679,9,304,366,60292,48919,1398,9975
2021-07-12,2634,8,320,2306,62926,49239,1406,12281
2021-07-13,3985,2,900,3083,66911,50139,1408,15364
2021-07-14,3545,21,357,3167,70456,50496,1429,18531
2021-07-15,3875,10,873,2992,74331,51369,1439,21523
2021-07-16,3680,18,787,2875,78011,52156,1457,24398
2021-07-17,3421,12,449,2960,81432,52605,1469,27358
2021-07-18,3138,9,298,2831,84570,52903,1478,30189
2021-07-19,2160,5,384,1771,86730,53287,1483,31960
2021-07-20,2863,10,469,2384,89593,53756,1493,34344
2021-07-21,1902,29,1295,578,91495,55051,1522,34922
2021-07-22,3330,20,730,2580,94825,55781,1542,37502
2021-07-23,2619,24,420,2175,97444,56201,1566,39677
2021-07-24,2324,15,428,1881,99768,56629,1581,41558
2021-07-25,1614,15,487,1112,101382,57116,1596,42670
2021-07-26,878,10,759,109,102260,57875,1606,42779
2021-07-27,1604,35,877,692,103864,58752,1641,43471
2021-07-28,1630,40,1608,-18,105494,60360,1681,43453
2021-07-29,1456,28,3946,-2518,106950,64306,1709,40935
2021-07-30,1201,55,2334,-1188,108151,66640,1764,39747
2021-07-31,1366,81,3920,-2635,109517,70560,1845,37112
2021-08-01,1322,72,7990,-6740,110839,78550,1917,30372
2021-08-02,1060,90,3234,-2264,111899,81784,2007,28108
2021-08-03,1364,85,1311,-32,113263,83095,2092,28076
2021-08-04,894,78,2400,-1584,114157,85495,2170,26492
2021-08-05,875,17,763,95,115032,86258,2187,26587
2021-08-06,983,16,6749,-5782,116015,93007,2203,20805
2021-08-07,810,14,2569,-1773,116825,95576,2217,19032
2021-08-08,448,25,2066,-1643,117273,97642,2242,17389
2021-08-09,336,31,2473,-2168,117609,100115,2273,15221
2021-08-10,838,14,1508,-684,118447,101623,2287,14537
2021-08-11,670,29,1221,-580,119117,102844,2316,13957
2021-08-12,392,23,351,18,119509,103195,2339,13975
2021-08-13,709,17,3804,-3112,120218,106999,2356,10863
2021-08-14,605,17,1033,-445,120823,108032,2373,10418
2021-08-15,405,25,1411,-1031,121228,109443,2398,9387
2021-08-16,206,20,1367,-1181,121434,110810,2418,8206
2021-08-17,399,13,1316,-930,121833,112126,2431,7276
2021-08-18,209,15,601,-407,122042,112727,2446,6869
2021-08-19,394,17,396,-19,122436,113123,2463,6850
2021-08-20,448,4,461,-17,122884,113584,2467,6833
2021-08-21,373,6,151,216,123257,113735,2473,7049
2021-08-22,214,1,851,-638,123471,114586,2474,6411
2021-08-23,120,10,928,-818,123591,115514,2484,5593
2021-08-24,354,9,319,26,123945,115833,2493,5619
2021-08-25,321,8,531,-218,124266,116364,2501,5401
2021-08-26,228,7,902,-681,124494,117266,2508,4720
2021-08-27,266,6,423,-163,124760,117689,2514,4557
2021-08-28,216,5,504,-293,124976,118193,2519,4264
2021-08-29,177,3,104,70,125153,118297,2522,4334
2021-08-30,101,7,962,-868,125254,119259,2529,3466
2021-08-31,265,4,518,-257,125519,119777,2533,3209
2021-09-01,178,4,336,-162,125697,120113,2537,3047
2021-09-02,172,3,205,-36,125869,120318,2540,3011
2021-09-03,136,3,228,-95,126005,120546,2543,2916
2021-09-04,154,1,319,-166,126159,120865,2544,2750
2021-09-05,108,1,98,9,126267,120963,2545,2759
2021-09-06,104,3,227,-126,126371,121190,2548,2633
2021-09-07,87,1,356,-270,126458,121546,2549,2363
2021-09-08,109,4,294,-189,126567,121840,2553,2174
2021-09-09,134,3,253,-122,126701,122093,2556,2052
2021-09-10,78,1,218,-141,126779,122311,2557,1911
2021-09-11,85,2,62,21,126864,122373,2559,1932
2021-09-12,54,3,123,-72,126918,122496,2562,1860
2021-09-13,41,0,139,-98,126959,122635,2562,1762
2021-09-14,100,1,207,-108,127059,122842,2563,1654
2021-09-15,74,0,64,10,127133,122906,2563,1664
2021-09-16,41,6,403,-368,127174,123309,2569,1296
2021-09-17,53,3,47,3,127227,123356,2572,1299
2021-09-18,81,1,100,-20,127308,123456,2573,1279
2021-09-19,69,0,179,-110,127377,123635,2573,1169
2021-09-20,33,2,73,-42,127410,123708,2575,1127
2021-09-21,84,3,323,-242,127494,124031,2578,885
2021-09-22,77,0,70,7,127571,124101,2578,892
2021-09-23,73,2,86,-15,127644,124187,2580,877
2021-09-24,68,1,34,33,127712,124221,2581,910
2021-09-25,44,2,36,6,127756,124257,2583,916
2021-09-26,47,1,40,6,127803,124297,2584,922
2021-09-27,24,0,45,-21,127827,124342,2584,901
2021-09-28,44,1,39,4,127871,124381,2585,905
2021-09-29,47,1,49,-3,127918,124430,2586,902
2021-09-30,59,1,87,-29,127977,124517,2587,873
2021-10-01,71,2,47,22,128048,124564,2589,895
2021-10-02,49,2,57,-10,128097,124621,2591,885
2021-10-03,50,0,22,28,128147,124643,2591,913
2021-10-04,18,1,32,-15,128165,124675,2592,898
2021-10-05,39,0,122,-83,128204,124797,2592,815
2021-10-06,33,1,37,-5,128237,124834,2593,810
2021-10-07,41,0,25,16,128278,124859,2593,826
2021-10-08,39,0,120,-81,128317,124979,2593,745
2021-10-09,37,0,52,-15,128354,125031,2593,730
2021-10-10,13,0,38,-25,128367,125069,2593,705
2021-10-11,17,0,24,-7,128384,125093,2593,698
2021-10-12,24,0,29,-5,128408,125122,2593,693
2021-10-13,34,2,13,19,128442,125135,2595,712
2021-10-14,33,0,18,15,128475,125153,2595,727
2021-10-15,26,1,18,7,128501,125171,2596,734
2021-10-16,25,0,142,-117,128526,125313,2596,617
2021-10-17,20,1,28,-9,128546,125341,2597,608
2021-10-18,17,0,15,2,128563,125356,2597,610
2021-10-19,26,1,17,8,128589,125373,2598,618
2021-10-20,20,1,129,-110,128609,125502,2599,508
2021-10-21,19,0,67,-48,128628,125569,2599,460
2021-10-22,17,1,25,-9,128645,125594,2600,451
2021-10-23,26,0,19,7,128671,125613,2600,458
2021-10-24,18,0,151,-133,128689,125764,2600,325
2021-10-25,13,0,12,1,128702,125776,2600,326
2021-10-26,21,1,49,-29,128723,125825,2601,297
2021-10-27,29,0,12,17,128752,125837,2601,314
2021-10-28,15,0,7,8,128767,125844,2601,322
2021-10-29,29,0,18,11,128796,125862,2601,333
2021-10-30,18,0,27,-9,128814,125889,2601,324
2021-10-31,28,1,14,13,128842,125903,2602,337
2021-11-01,10,0,10,0,128852,125913,2602,337
2021-11-02,28,0,49,-21,128880,125962,2602,316
2021-11-03,23,0,14,9,128903,125976,2602,325
2021-11-04,23,0,14,9,128926,125990,2602,334
2021-11-05,18,0,32,-14,128944,126022,2602,320
2021-11-06,20,0,18,2,128964,126040,2602,322
2021-11-07,11,0,8,3,128975,126048,2602,325
2021-11-08,23,0,4,19,128998,126052,2602,344
2021-11-09,16,0,9,7,129014,126061,2602,351
2021-11-10,9,0,10,-1,129023,126071,2602,350
2021-11-11,20,0,54,-34,129043,126125,2602,316
2021-11-12,17,0,13,4,129060,126138,2602,320
2021-11-13,6,0,5,1,129066,126143,2602,321
2021-11-14,4,0,10,-6,129070,126153,2602,315
2021-11-15,9,0,13,-4,129079,126166,2602,311
2021-11-16,6,0,17,-11,129085,126183,2602,300
2021-11-17,11,0,1,10,129096,126184,2602,310
2021-11-18,2,0,16,-14,129098,126200,2602,296
2021-11-19,5,0,14,-9,129103,126214,2602,287
2021-11-20,6,0,19,-13,129109,126233,2602,274
2021-11-21,9,0,8,1,129118,126241,2602,275
2021-11-22,3,0,4,-1,129121,126245,2602,274
2021-11-23,8,1,4,3,129129,126249,2603,277
2021-11-24,10,0,9,1,129139,126258,2603,278
2021-11-25,9,0,8,1,129148,126266,2603,279
2021-11-26,14,1,105,-92,129162,126371,2604,187
2021-11-27,4,0,3,1,129166,126374,2604,188
2021-11-28,7,0,1,6,129173,126375,2604,194
2021-11-29,6,0,3,3,129179,126378,2604,197
2021-11-30,4,0,10,-6,129183,126388,2604,191
2021-12-01,1,1,1,-1,129184,126389,2605,190
2021-12-02,16,0,24,-8,129200,126413,2605,182
2021-12-03,6,0,2,4,129206,126415,2605,186
2021-12-04,5,0,13,-8,129211,126428,2605,178
2021-12-05,7,0,4,3,129218,126432,2605,181
2021-12-06,2,0,1,1,129220,126433,2605,182
2021-12-07,7,0,11,-4,129227,126444,2605,178
2021-12-08,3,0,15,-12,129230,126459,2605,166
2021-12-09,5,0,6,-1,129235,126465,2605,165
2021-12-10,4,1,7,-4,129239,126472,2606,161
2021-12-11,7,0,3,4,129246,126475,2606,165
2021-12-12,7,0,3,4,129253,126478,2606,169
2021-12-13,3,1,7,-5,129256,126485,2607,164
2021-12-14,5,1,7,-3,129261,126492,2608,161
2021-12-15,2,0,5,-3,129263,126497,2608,158
2021-12-16,2,0,6,-4,129265,126503,2608,154
2021-12-17,4,0,7,-3,129269,126510,2608,151
2021-12-18,3,0,35,-32,129272,126545,2608,119
2021-12-19,3,0,4,-1,129275,126549,2608,118
2021-12-20,0,0,6,-6,129275,126555,2608,112
2021-12-21,11,0,2,9,129286,126557,2608,121
2021-12-22,9,0,2,7,129295,126559,2608,128
2021-12-23,3,0,7,-4,129298,126566,2608,124
2021-12-24,4,0,5,-1,129302,126571,2608,123
2021-12-25,3,2,4,-3,129305,126575,2610,120
2021-12-26,2,0,6,-4,129307,126581,2610,116
2021-12-27,3,0,9,-6,129310,126590,2610,110
2021-12-28,7,0,5,2,129317,126595,2610,112
2021-12-29,5,0,6,-1,129322,126601,2610,111
2021-12-30,6,0,3,3,129328,126604,2610,114
2021-12-31,4,0,3,1,129332,126607,2610,115
2022-01-01,8,0,5,3,129340,126612,2610,118
2022-01-02,7,0,3,4,129347,126615,2610,122
2022-01-03,7,1,2,4,129354,126617,2611,126
2022-01-04,11,0,3,8,129365,126620,2611,134
2022-01-05,8,0,6,2,129373,126626,2611,136
2022-01-06,21,0,1,20,129394,126627,2611,156
2022-01-07,30,0,4,26,129424,126631,2611,182
2022-01-08,33,0,6,27,129457,126637,2611,209
2022-01-09,21,0,7,14,129478,126644,2611,223
2022-01-10,16,0,4,12,129494,126648,2611,235
2022-01-11,43,0,10,33,129537,126658,2611,268
2022-01-12,60,0,3,57,129597,126661,2611,325
2022-01-13,54,0,15,39,129651,126676,2611,364
2022-01-14,89,2,5,82,129740,126681,2613,446
2022-01-15,107,0,12,95,129847,126693,2613,541
2022-01-16,77,0,7,70,129924,126700,2613,611
2022-01-17,89,0,16,73,130013,126716,2613,684
2022-01-18,203,4,17,182,130216,126733,2617,866
2022-01-19,207,1,20,186,130423,126753,2618,1052
2022-01-20,276,0,35,241,130699,126788,2618,1293
2022-01-21,340,0,26,314,131039,126814,2618,1607
2022-01-22,451,0,34,417,131490,126848,2618,2024
2022-01-23,454,0,18,436,131944,126866,2618,2460
2022-01-24,311,1,52,258,132255,126918,2619,2718
2022-01-25,844,1,41,802,133099,126959,2620,3520
2022-01-26,1133,0,95,1038,134232,127054,2620,4558
2022-01-27,1291,0,107,1184,135523,127161,2620,5742
2022-01-28,1754,0,88,1666,137277,127249,2620,7408
2022-01-29,1910,1,87,1822,139187,127336,2621,9230
2022-01-30,1740,0,287,1453,140927,127623,2621,10683
2022-01-31,1569,0,476,1093,142496,128099,2621,11776
2022-02-01,2463,1,253,2209,144959,128352,2622,13985
2022-02-02,2452,1,224,2227,147411,128576,2623,16212
2022-02-03,4311,2,542,3767,151722,129118,2625,19979
2022-02-04,4372,1,551,3820,156094,129669,2626,23799
2022-02-05,4992,2,418,4572,161086,130087,2628,28371
2022-02-06,4648,2,663,3983,165734,130750,2630,32354
2022-02-07,3194,4,1263,1927,168928,132013,2634,34281
2022-02-08,5138,3,1503,3632,174066,133516,2637,37913
2022-02-09,6026,5,1310,4711,180092,134826,2642,42624
2022-02-10,5031,4,1479,3548,185123,136305,2646,46172
2022-02-11,5218,3,1917,3298,190341,138222,2649,49470
2022-02-12,7283,5,1282,5996,197624,139504,2654,55466
2022-02-13,5592,8,2799,2785,203216,142303,2662,58251
2022-02-14,4006,7,3665,334,207222,145968,2669,58585
2022-02-15,6508,2,3350,3156,213730,149318,2671,61741
2022-02-16,6797,6,3809,2982,220527,153127,2677,64723
2022-02-17,6424,8,4310,2106,226951,157437,2685,66829
2022-02-18,5340,5,3878,1457,232291,161315,2690,68286
2022-02-19,4705,8,4036,661,236996,165351,2698,68947
2022-02-20,3600,8,2895,697,240596,168246,2706,69644
2022-02-21,2609,1,4318,-1710,243205,172564,2707,67934
2022-02-22,3950,12,5616,-1678,247155,178180,2719,66256
2022-02-23,3984,5,4668,-689,251139,182848,2724,65567
2022-02-24,3344,6,4615,-1277,254483,187463,2730,64290
2022-02-25,2690,5,22666,-19981,257173,210129,2735,44309
2022-02-26,2391,8,4569,-2186,259564,214698,2743,42123
2022-02-27,1928,6,4273,-2351,261492,218971,2749,39772
2022-02-28,1049,7,4771,-3729,262541,223742,2756,36043
2022-03-01,1085,9,3773,-2697,263626,227515,2765,33346
2022-03-02,1786,7,3135,-1356,265412,230650,2772,31990
2022-03-03,1731,4,2966,-1239,267143,233616,2776,30751
2022-03-04,1050,4,3007,-1961,268193,236623,2780,28790
2022-03-05,1501,2,3235,-1736,269694,239858,2782,27054
2022-03-06,1204,3,2141,-940,270898,241999,2785,26114
2022-03-07,871,2,1350,-481,271769,243349,2787,25633
2022-03-08,1447,6,2225,-784,273216,245574,2793,24849
2022-03-09,1077,2,1464,-389,274293,247038,2795,24460
2022-03-10,886,6,784,96,275179,247822,2801,24556
2022-03-11,892,6,2099,-1213,276071,249921,2807,23343
2022-03-12,776,2,1099,-325,276847,251020,2809,23018
2022-03-13,751,3,1003,-255,277598,252023,2812,22763
2022-03-14,473,1,6177,-5705,278071,258200,2813,17058
2022-03-15,680,3,955,-278,278751,259155,2816,16780
2022-03-16,653,3,2771,-2121,279404,261926,2819,14659
2022-03-17,656,2,628,26,280060,262554,2821,14685
2022-03-18,536,1,337,198,280596,262891,2822,14883
2022-03-19,466,1,657,-192,281062,263548,2823,14691
2022-03-20,449,0,675,-226,281511,264223,2823,14465
2022-03-21,351,0,828,-477,281862,265051,2823,13988
2022-03-22,499,1,8665,-8167,282361,273716,2824,5821
2022-03-23,435,4,703,-272,282796,274419,2828,5549
2022-03-24,459,3,312,144,283255,274731,2831,5693
2022-03-25,338,0,308,30,283593,275039,2831,5723
2022-03-26,366,2,932,-568,283959,275971,2833,5155
2022-03-27,253,0,349,-96,284212,276320,2833,5059
