tanggal,KASUS,MENINGGAL,SEMBUH,DIRAWAT_OR_ISOLASI,AKUMULASI_KASUS,AKUMULASI_SEMBUH,AKUMULASI_MENINGGAL,AKUMULASI_DIRAWAT_OR_ISOLASI
2020-03-06,1,0,0,1,1,0,0,1
2020-03-07,0,0,0,0,1,0,0,1
2020-03-08,0,0,3,-3,1,3,0,-2
2020-03-09,0,0,0,0,1,3,0,-2
2020-03-10,0,0,8,-8,1,11,0,-10
2020-03-11,0,0,8,-8,1,19,0,-18
2020-03-12,0,0,2,-2,1,21,0,-20
2020-03-13,1,1,0,0,2,21,1,-20
2020-03-14,1,0,2,-1,3,23,1,-21
2020-03-15,1,0,4,-3,4,27,1,-24
2020-03-16,0,0,4,-4,4,31,1,-28
2020-03-17,0,0,3,-3,4,34,1,-31
2020-03-18,0,1,1,-2,4,35,2,-33
2020-03-19,0,1,3,-4,4,38,3,-37
2020-03-20,0,3,2,-5,4,40,6,-42
2020-03-21,0,0,1,-1,4,41,6,-43
2020-03-22,0,1,0,-1,4,41,7,-44
2020-03-23,0,2,3,-5,4,44,9,-49
2020-03-24,0,1,2,-3,4,46,10,-52
2020-03-25,0,1,2,-3,4,48,11,-55
2020-03-26,0,0,4,-4,4,52,11,-59
2020-03-27,19,2,3,14,23,55,13,-45
2020-03-28,8,2,6,0,31,61,15,-45
2020-03-29,2,1,2,-1,33,63,16,-46
2020-03-30,20,0,2,18,53,65,16,-28
2020-03-31,10,0,1,9,63,66,16,-19
2020-04-01,11,1,5,5,74,71,17,-14
2020-04-02,4,1,1,2,78,72,18,-12
2020-04-03,3,0,3,0,81,75,18,-12
2020-04-04,3,2,1,0,84,76,20,-12
2020-04-05,3,1,2,0,87,78,21,-12
2020-04-06,10,2,7,1,97,85,23,-11
2020-04-07,6,0,3,3,103,88,23,-8
2020-04-08,17,0,5,12,120,93,23,4
2020-04-09,3,3,7,-7,123,100,26,-3
2020-04-10,16,1,4,11,139,104,27,8
2020-04-11,23,2,17,4,162,121,29,12
2020-04-12,0,1,6,-7,162,127,30,5
2020-04-13,4,1,8,-5,166,135,31,0
2020-04-14,4,2,3,-1,170,138,33,-1
2020-04-15,1,0,8,-7,171,146,33,-8
2020-04-16,11,0,1,10,182,147,33,2
2020-04-17,8,1,6,1,190,153,34,3
2020-04-18,8,1,4,3,198,157,35,6
2020-04-19,3,0,4,-1,201,161,35,5
2020-04-20,22,0,4,18,223,165,35,23
2020-04-21,0,3,3,-6,223,168,38,17
2020-04-22,3,0,6,-3,226,174,38,14
2020-04-23,3,0,0,3,229,174,38,17
2020-04-24,22,0,2,20,251,176,38,37
2020-04-25,9,1,2,6,260,178,39,43
2020-04-26,0,3,1,-4,260,179,42,39
2020-04-27,10,0,3,7,270,182,42,46
2020-04-28,5,0,2,3,275,184,42,49
2020-04-29,0,0,9,-9,275,193,42,40
2020-04-30,13,0,8,5,288,201,42,45
2020-05-01,14,0,3,11,302,204,42,56
2020-05-02,9,1,6,2,311,210,43,58
2020-05-03,5,0,1,4,316,211,43,62
2020-05-04,12,0,9,3,328,220,43,65
2020-05-05,10,2,18,-10,338,238,45,55
2020-05-06,23,0,4,19,361,242,45,74
2020-05-07,0,0,2,-2,361,244,45,72
2020-05-08,18,1,5,12,379,249,46,84
2020-05-09,16,1,3,12,395,252,47,96
2020-05-10,10,0,7,3,405,259,47,99
2020-05-11,7,0,4,3,412,263,47,102
2020-05-12,13,0,5,8,425,268,47,110
2020-05-13,17,0,6,11,442,274,47,121
2020-05-14,9,2,12,-5,451,286,49,116
2020-05-15,22,0,14,8,473,300,49,124
2020-05-16,0,0,6,-6,473,306,49,118
2020-05-17,16,0,4,12,489,310,49,130
2020-05-18,27,0,13,14,516,323,49,144
2020-05-19,19,0,12,7,535,335,49,151
2020-05-20,0,0,27,-27,535,362,49,124
2020-05-21,43,1,6,36,578,368,50,160
2020-05-22,11,0,5,6,589,373,50,166
2020-05-23,0,0,4,-4,589,377,50,162
2020-05-24,15,0,3,12,604,380,50,174
2020-05-25,0,0,5,-5,604,385,50,169
2020-05-26,16,0,8,8,620,393,50,177
2020-05-27,8,0,9,-1,628,402,50,176
2020-05-28,11,3,16,-8,639,418,53,168
2020-05-29,9,0,12,-3,648,430,53,165
2020-05-30,12,0,22,-10,660,452,53,155
2020-05-31,2,0,0,2,662,452,53,157
2020-06-01,4,1,8,-5,666,460,54,152
2020-06-02,11,0,17,-6,677,477,54,146
2020-06-03,54,0,20,34,731,497,54,180
2020-06-04,9,0,9,0,740,506,54,180
2020-06-05,23,1,23,-1,763,529,55,179
2020-06-06,27,1,6,20,790,535,56,199
2020-06-07,8,1,1,6,798,536,57,205
2020-06-08,9,0,5,4,807,541,57,209
2020-06-09,13,1,7,5,820,548,58,214
2020-06-10,27,0,40,-13,847,588,58,201
2020-06-11,20,0,19,1,867,607,58,202
2020-06-12,28,0,6,22,895,613,58,224
2020-06-13,63,0,2,61,958,615,58,285
2020-06-14,6,0,8,-2,964,623,58,283
2020-06-15,3,0,18,-15,967,641,58,268
2020-06-16,23,0,7,16,990,648,58,284
2020-06-17,25,0,21,4,1015,669,58,288
2020-06-18,14,0,13,1,1029,682,58,289
2020-06-19,4,0,21,-17,1033,703,58,272
2020-06-20,14,0,10,4,1047,713,58,276
2020-06-21,5,0,4,1,1052,717,58,277
2020-06-22,8,1,16,-9,1060,733,59,268
2020-06-23,11,0,13,-2,1071,746,59,266
2020-06-24,14,0,31,-17,1085,777,59,249
2020-06-25,15,0,4,11,1100,781,59,260
2020-06-26,10,0,5,5,1110,786,59,265
2020-06-27,17,0,1,16,1127,787,59,281
2020-06-28,3,0,8,-5,1130,795,59,276
2020-06-29,3,0,5,-2,1133,800,59,274
2020-06-30,6,0,4,2,1139,804,59,276
2020-07-01,10,0,9,1,1149,813,59,277
2020-07-02,7,0,7,0,1156,820,59,277
2020-07-03,19,0,18,1,1175,838,59,278
2020-07-04,8,1,11,-4,1183,849,60,274
2020-07-05,7,1,4,2,1190,853,61,276
2020-07-06,10,1,4,5,1200,857,62,281
2020-07-07,6,0,8,-2,1206,865,62,279
2020-07-08,13,0,12,1,1219,877,62,280
2020-07-09,11,1,21,-11,1230,898,63,269
2020-07-10,7,0,20,-13,1237,918,63,256
2020-07-11,4,1,13,-10,1241,931,64,246
2020-07-12,12,0,6,6,1253,937,64,252
2020-07-13,8,3,3,2,1261,940,67,254
2020-07-14,7,0,6,1,1268,946,67,255
2020-07-15,3,0,3,0,1271,949,67,255
2020-07-16,15,0,12,3,1286,961,67,258
2020-07-17,8,0,3,5,1294,964,67,263
2020-07-18,7,0,8,-1,1301,972,67,262
2020-07-19,10,2,1,7,1311,973,69,269
2020-07-20,6,0,20,-14,1317,993,69,255
2020-07-21,7,0,14,-7,1324,1007,69,248
2020-07-22,2,0,12,-10,1326,1019,69,238
2020-07-23,7,0,3,4,1333,1022,69,242
2020-07-24,10,0,9,1,1343,1031,69,243
2020-07-25,4,1,9,-6,1347,1040,70,237
2020-07-26,9,0,1,8,1356,1041,70,245
2020-07-27,5,0,19,-14,1361,1060,70,231
2020-07-28,8,0,12,-4,1369,1072,70,227
2020-07-29,10,0,20,-10,1379,1092,70,217
2020-07-30,22,1,12,9,1401,1104,71,226
2020-07-31,27,1,7,19,1428,1111,72,245
2020-08-01,17,0,32,-15,1445,1143,72,230
2020-08-02,8,1,7,0,1453,1150,73,230
2020-08-03,17,0,15,2,1470,1165,73,232
2020-08-04,27,0,11,16,1497,1176,73,248
2020-08-05,19,0,9,10,1516,1185,73,258
2020-08-06,29,2,12,15,1545,1197,75,273
2020-08-07,25,0,13,12,1570,1210,75,285
2020-08-08,17,0,19,-2,1587,1229,75,283
2020-08-09,16,0,7,9,1603,1236,75,292
2020-08-10,19,1,30,-12,1622,1266,76,280
2020-08-11,13,1,15,-3,1635,1281,77,277
2020-08-12,40,1,15,24,1675,1296,78,301
2020-08-13,34,2,14,18,1709,1310,80,319
2020-08-14,16,2,7,7,1725,1317,82,326
2020-08-15,26,1,28,-3,1751,1345,83,323
2020-08-16,39,0,16,23,1790,1361,83,346
2020-08-17,13,0,5,8,1803,1366,83,354
2020-08-18,51,0,24,27,1854,1390,83,381
2020-08-19,43,1,10,32,1897,1400,84,413
2020-08-20,17,2,26,-11,1914,1426,86,402
2020-08-21,29,1,33,-5,1943,1459,87,397
2020-08-22,35,2,18,15,1978,1477,89,412
2020-08-23,23,1,41,-19,2001,1518,90,393
2020-08-24,48,3,22,23,2049,1540,93,416
2020-08-25,24,0,47,-23,2073,1587,93,393
2020-08-26,24,0,21,3,2097,1608,93,396
2020-08-27,46,1,94,-49,2143,1702,94,347
2020-08-28,35,2,60,-27,2178,1762,96,320
2020-08-29,50,2,16,32,2228,1778,98,352
2020-08-30,37,0,18,19,2265,1796,98,371
2020-08-31,30,2,35,-7,2295,1831,100,364
2020-09-01,24,1,50,-27,2319,1881,101,337
2020-09-02,55,0,26,29,2374,1907,101,366
2020-09-03,27,2,82,-57,2401,1989,103,309
2020-09-04,17,0,37,-20,2418,2026,103,289
2020-09-05,40,1,33,6,2458,2059,104,295
2020-09-06,69,1,42,26,2527,2101,105,321
2020-09-07,60,1,41,18,2587,2142,106,339
2020-09-08,49,1,35,13,2636,2177,107,352
2020-09-09,22,4,42,-24,2658,2219,111,328
2020-09-10,34,3,53,-22,2692,2272,114,306
2020-09-11,41,2,71,-32,2733,2343,116,274
2020-09-12,16,2,34,-20,2749,2377,118,254
2020-09-13,42,0,19,23,2791,2396,118,277
2020-09-14,46,1,57,-12,2837,2453,119,265
2020-09-15,52,1,41,10,2889,2494,120,275
2020-09-16,109,2,56,51,2998,2550,122,326
2020-09-17,89,3,27,59,3087,2577,125,385
2020-09-18,112,0,53,59,3199,2630,125,444
2020-09-19,95,0,57,38,3294,2687,125,482
2020-09-20,141,0,118,23,3435,2805,125,505
2020-09-21,98,2,218,-122,3533,3023,127,383
2020-09-22,113,3,43,67,3646,3066,130,450
2020-09-23,162,0,108,54,3808,3174,130,504
2020-09-24,92,2,41,49,3900,3215,132,553
2020-09-25,80,2,143,-65,3980,3358,134,488
2020-09-26,106,0,151,-45,4086,3509,134,443
2020-09-27,87,1,57,29,4173,3566,135,472
2020-09-28,108,1,99,8,4281,3665,136,480
2020-09-29,66,7,218,-159,4347,3883,143,321
2020-09-30,114,1,102,11,4461,3985,144,332
2020-10-01,79,5,99,-25,4540,4084,149,307
2020-10-02,56,0,156,-100,4596,4240,149,207
2020-10-03,103,3,80,20,4699,4320,152,227
2020-10-04,140,2,79,59,4839,4399,154,286
2020-10-05,111,1,144,-34,4950,4543,155,252
2020-10-06,79,3,105,-29,5029,4648,158,223
2020-10-07,67,3,46,18,5096,4694,161,241
2020-10-08,99,1,80,18,5195,4774,162,259
2020-10-09,109,1,73,35,5304,4847,163,294
2020-10-10,140,4,93,43,5444,4940,167,337
2020-10-11,90,1,63,26,5534,5003,168,363
2020-10-12,70,3,104,-37,5604,5107,171,326
2020-10-13,68,2,64,2,5672,5171,173,328
2020-10-14,72,2,60,10,5744,5231,175,338
2020-10-15,79,2,76,1,5823,5307,177,339
2020-10-16,85,1,60,24,5908,5367,178,363
2020-10-17,98,1,51,46,6006,5418,179,409
2020-10-18,99,3,52,44,6105,5470,182,453
2020-10-19,92,4,96,-8,6197,5566,186,445
2020-10-20,69,1,130,-62,6266,5696,187,383
2020-10-21,140,4,47,89,6406,5743,191,472
2020-10-22,154,1,97,56,6560,5840,192,528
2020-10-23,113,2,61,50,6673,5901,194,578
2020-10-24,78,1,94,-17,6751,5995,195,561
2020-10-25,178,4,87,87,6929,6082,199,648
2020-10-26,100,0,67,33,7029,6149,199,681
2020-10-27,103,4,79,20,7132,6228,203,701
2020-10-28,142,4,73,65,7274,6301,207,766
2020-10-29,73,4,112,-43,7347,6413,211,723
2020-10-30,83,3,93,-13,7430,6506,214,710
2020-10-31,71,1,55,15,7501,6561,215,725
2020-11-01,75,2,47,26,7576,6608,217,751
2020-11-02,61,1,53,7,7637,6661,218,758
2020-11-03,54,2,83,-31,7691,6744,220,727
2020-11-04,74,2,51,21,7765,6795,222,748
2020-11-05,43,0,66,-23,7808,6861,222,725
2020-11-06,89,2,70,17,7897,6931,224,742
2020-11-07,106,7,71,28,8003,7002,231,770
2020-11-08,40,2,30,8,8043,7032,233,778
2020-11-09,92,1,58,33,8135,7090,234,811
2020-11-10,40,2,70,-32,8175,7160,236,779
2020-11-11,103,3,48,52,8278,7208,239,831
2020-11-12,85,3,57,25,8363,7265,242,856
2020-11-13,83,1,32,50,8446,7297,243,906
2020-11-14,140,2,58,80,8586,7355,245,986
2020-11-15,118,3,59,56,8704,7414,248,1042
2020-11-16,0,2,73,-75,8704,7487,250,967
2020-11-17,0,4,81,-85,8704,7568,254,882
2020-11-18,45,1,78,-34,8749,7646,255,848
2020-11-19,121,3,128,-10,8870,7774,258,838
2020-11-20,105,2,80,23,8975,7854,260,861
2020-11-21,143,8,105,30,9118,7959,268,891
2020-11-22,107,1,67,39,9225,8026,269,930
2020-11-23,138,1,105,32,9363,8131,270,962
2020-11-24,117,4,80,33,9480,8211,274,995
2020-11-25,98,5,73,20,9578,8284,279,1015
2020-11-26,113,4,87,22,9691,8371,283,1037
2020-11-27,147,3,86,58,9838,8457,286,1095
2020-11-28,173,2,71,100,10011,8528,288,1195
2020-11-29,125,4,122,-1,10136,8650,292,1194
2020-11-30,212,3,93,116,10348,8743,295,1310
2020-12-01,125,0,99,26,10473,8842,295,1336
2020-12-02,97,3,84,10,10570,8926,298,1346
2020-12-03,105,1,102,2,10675,9028,299,1348
2020-12-04,114,5,77,32,10789,9105,304,1380
2020-12-05,113,5,113,-5,10902,9218,309,1375
2020-12-06,107,2,123,-18,11009,9341,311,1357
2020-12-07,104,4,132,-32,11113,9473,315,1325
2020-12-08,77,4,122,-49,11190,9595,319,1276
2020-12-09,135,2,129,4,11325,9724,321,1280
2020-12-10,134,4,142,-12,11459,9866,325,1268
2020-12-11,158,2,100,56,11617,9966,327,1324
2020-12-12,162,3,125,34,11779,10091,330,1358
2020-12-13,104,3,86,15,11883,10177,333,1373
2020-12-14,120,2,116,2,12003,10293,335,1375
2020-12-15,135,6,119,10,12138,10412,341,1385
2020-12-16,140,4,108,28,12278,10520,345,1413
2020-12-17,131,4,115,12,12409,10635,349,1425
2020-12-18,117,7,103,7,12526,10738,356,1432
2020-12-19,140,7,137,-4,12666,10875,363,1428
2020-12-20,147,2,126,19,12813,11001,365,1447
2020-12-21,158,4,115,39,12971,11116,369,1486
2020-12-22,192,3,119,70,13163,11235,372,1556
2020-12-23,158,6,105,47,13321,11340,378,1603
2020-12-24,117,3,125,-11,13438,11465,381,1592
2020-12-25,126,4,161,-39,13564,11626,385,1553
2020-12-26,199,5,132,62,13763,11758,390,1615
2020-12-27,108,4,127,-23,13871,11885,394,1592
2020-12-28,93,2,166,-75,13964,12051,396,1517
2020-12-29,93,5,104,-16,14057,12155,401,1501
2020-12-30,139,5,127,7,14196,12282,406,1508
2020-12-31,219,2,127,90,14415,12409,408,1598
2021-01-01,233,9,145,79,14648,12554,417,1677
2021-01-02,193,7,275,-89,14841,12829,424,1588
2021-01-03,120,1,110,9,14961,12939,425,1597
2021-01-04,129,4,201,-76,15090,13140,429,1521
2021-01-05,147,6,164,-23,15237,13304,435,1498
2021-01-06,132,4,98,30,15369,13402,439,1528
2021-01-07,297,7,167,123,15666,13569,446,1651
2021-01-08,193,4,161,28,15859,13730,450,1679
2021-01-09,209,4,134,71,16068,13864,454,1750
2021-01-10,217,5,173,39,16285,14037,459,1789
2021-01-11,142,5,146,-9,16427,14183,464,1780
2021-01-12,139,17,491,-369,16566,14674,481,1411
2021-01-13,149,7,199,-57,16715,14873,488,1354
2021-01-14,197,4,166,27,16912,15039,492,1381
2021-01-15,232,8,209,15,17144,15248,500,1396
2021-01-16,206,3,138,65,17350,15386,503,1461
2021-01-17,218,7,183,28,17568,15569,510,1489
2021-01-18,204,2,334,-132,17772,15903,512,1357
2021-01-19,144,0,232,-88,17916,16135,512,1269
2021-01-20,233,4,185,44,18149,16320,516,1313
2021-01-21,188,2,127,59,18337,16447,518,1372
2021-01-22,266,3,187,76,18603,16634,521,1448
2021-01-23,296,7,164,125,18899,16798,528,1573
2021-01-24,325,3,149,173,19224,16947,531,1746
2021-01-25,225,3,129,93,19449,17076,534,1839
2021-01-26,416,7,250,159,19865,17326,541,1998
2021-01-27,241,3,118,120,20106,17444,544,2118
2021-01-28,34,6,490,-462,20140,17934,550,1656
2021-01-29,262,3,224,35,20402,18158,553,1691
2021-01-30,234,1,117,116,20636,18275,554,1807
2021-01-31,221,3,172,46,20857,18447,557,1853
2021-02-01,25,4,128,-107,20882,18575,561,1746
2021-02-02,28,14,437,-423,20910,19012,575,1323
2021-02-03,103,3,228,-128,21013,19240,578,1195
2021-02-04,17,2,164,-149,21030,19404,580,1046
2021-02-05,54,6,132,-84,21084,19536,586,962
2021-02-06,39,3,193,-157,21123,19729,589,805
2021-02-07,74,2,127,-55,21197,19856,591,750
2021-02-08,37,12,471,-446,21234,20327,603,304
2021-02-09,54,1,224,-171,21288,20551,604,133
2021-02-10,22,3,154,-135,21310,20705,607,-2
2021-02-11,27,4,144,-121,21337,20849,611,-123
2021-02-12,122,0,101,21,21459,20950,611,-102
2021-02-13,95,7,313,-225,21554,21263,618,-327
2021-02-14,59,6,145,-92,21613,21408,624,-419
2021-02-15,146,4,209,-67,21759,21617,628,-486
2021-02-16,283,8,196,79,22042,21813,636,-407
2021-02-17,262,2,179,81,22304,21992,638,-326
2021-02-18,68,7,243,-182,22372,22235,645,-508
2021-02-19,63,2,259,-198,22435,22494,647,-706
2021-02-20,59,7,95,-43,22494,22589,654,-749
2021-02-21,185,2,81,102,22679,22670,656,-647
2021-02-22,91,3,199,-111,22770,22869,659,-758
2021-02-23,193,5,252,-64,22963,23121,664,-822
2021-02-24,30,6,146,-122,22993,23267,670,-944
2021-02-25,208,3,175,30,23201,23442,673,-914
2021-02-26,178,3,229,-54,23379,23671,676,-968
2021-02-27,30,5,141,-116,23409,23812,681,-1084
2021-02-28,38,2,176,-140,23447,23988,683,-1224
2021-03-01,18,1,153,-136,23465,24141,684,-1360
2021-03-02,75,2,151,-78,23540,24292,686,-1438
2021-03-03,59,5,187,-133,23599,24479,691,-1571
2021-03-04,10,5,207,-202,23609,24686,696,-1773
2021-03-05,416,5,141,270,24025,24827,701,-1503
2021-03-06,10,2,78,-70,24035,24905,703,-1573
2021-03-07,12,3,114,-105,24047,25019,706,-1678
2021-03-08,463,4,150,309,24510,25169,710,-1369
2021-03-09,78,1,213,-136,24588,25382,711,-1505
2021-03-10,107,1,135,-29,24695,25517,712,-1534
2021-03-11,37,1,146,-110,24732,25663,713,-1644
2021-03-12,377,6,70,301,25109,25733,719,-1343
2021-03-13,199,0,72,127,25308,25805,719,-1216
2021-03-14,252,1,55,196,25560,25860,720,-1020
2021-03-15,225,2,102,121,25785,25962,722,-899
2021-03-16,197,0,115,82,25982,26077,722,-817
2021-03-17,698,2,200,496,26680,26277,724,-321
2021-03-18,229,3,66,160,26909,26343,727,-161
2021-03-19,254,4,74,176,27163,26417,731,15
2021-03-20,188,2,57,129,27351,26474,733,144
2021-03-21,167,0,34,133,27518,26508,733,277
2021-03-22,351,0,39,312,27869,26547,733,589
2021-03-23,245,2,56,187,28114,26603,735,776
2021-03-24,208,0,141,67,28322,26744,735,843
2021-03-25,81,0,34,47,28403,26778,735,890
2021-03-26,149,1,39,109,28552,26817,736,999
2021-03-27,180,0,56,124,28732,26873,736,1123
2021-03-28,66,0,25,41,28798,26898,736,1164
2021-03-29,259,1,70,188,29057,26968,737,1352
2021-03-30,269,1,70,198,29326,27038,738,1550
2021-03-31,761,3,566,192,30087,27604,741,1742
2021-04-01,723,8,605,110,30810,28209,749,1852
2021-04-02,675,6,295,374,31485,28504,755,2226
2021-04-03,712,8,122,582,32197,28626,763,2808
2021-04-04,2806,140,4452,-1786,35003,33078,903,1022
2021-04-05,213,0,64,149,35216,33142,903,1171
2021-04-06,155,0,9,146,35371,33151,903,1317
2021-04-07,134,1,96,37,35505,33247,904,1354
2021-04-08,100,1,29,70,35605,33276,905,1424
2021-04-09,110,2,47,61,35715,33323,907,1485
2021-04-10,72,2,19,51,35787,33342,909,1536
2021-04-11,82,0,54,28,35869,33396,909,1564
2021-04-12,249,0,164,85,36118,33560,909,1649
2021-04-13,161,1,125,35,36279,33685,910,1684
2021-04-14,70,1,82,-13,36349,33767,911,1671
2021-04-15,61,1,83,-23,36410,33850,912,1648
2021-04-16,125,2,43,80,36535,33893,914,1728
2021-04-17,79,8,64,7,36614,33957,922,1735
2021-04-18,40,0,198,-158,36654,34155,922,1577
2021-04-19,65,1,32,32,36719,34187,923,1609
2021-04-20,87,1,30,56,36806,34217,924,1665
2021-04-21,60,2,126,-68,36866,34343,926,1597
2021-04-22,84,0,80,4,36950,34423,926,1601
2021-04-23,138,2,72,64,37088,34495,928,1665
2021-04-24,47,0,101,-54,37135,34596,928,1611
2021-04-25,63,1,98,-36,37198,34694,929,1575
2021-04-26,171,1,145,25,37369,34839,930,1600
2021-04-27,183,0,153,30,37552,34992,930,1630
2021-04-28,50,0,43,7,37602,35035,930,1637
2021-04-29,93,0,110,-17,37695,35145,930,1620
2021-04-30,58,9,26,23,37753,35171,939,1643
2021-05-01,42,0,21,21,37795,35192,939,1664
2021-05-02,45,1,52,-8,37840,35244,940,1656
2021-05-03,95,0,32,63,37935,35276,940,1719
2021-05-04,87,2,136,-51,38022,35412,942,1668
2021-05-05,65,2,145,-82,38087,35557,944,1586
2021-05-06,51,1,34,16,38138,35591,945,1602
2021-05-07,54,0,39,15,38192,35630,945,1617
2021-05-08,62,3,24,35,38254,35654,948,1652
2021-05-09,47,0,139,-92,38301,35793,948,1560
2021-05-10,75,4,58,13,38376,35851,952,1573
2021-05-11,67,1,40,26,38443,35891,953,1599
2021-05-12,43,0,18,25,38486,35909,953,1624
2021-05-13,29,0,1,28,38515,35910,953,1652
2021-05-14,32,0,13,19,38547,35923,953,1671
2021-05-15,18,0,76,-58,38565,35999,953,1613
2021-05-16,58,1,34,23,38623,36033,954,1636
2021-05-17,38,2,247,-211,38661,36280,956,1425
2021-05-18,24,1,0,23,38685,36280,957,1448
2021-05-19,40,1,55,-16,38725,36335,958,1432
2021-05-20,72,0,281,-209,38797,36616,958,1223
2021-05-21,48,2,65,-19,38845,36681,960,1204
2021-05-22,49,3,84,-38,38894,36765,963,1166
2021-05-23,29,2,46,-19,38923,36811,965,1147
2021-05-24,38,1,39,-2,38961,36850,966,1145
2021-05-25,81,2,7,72,39042,36857,968,1217
2021-05-26,36,0,15,21,39078,36872,968,1238
2021-05-27,118,1,35,82,39196,36907,969,1320
2021-05-28,43,1,45,-3,39239,36952,970,1317
2021-05-29,63,3,59,1,39302,37011,973,1318
2021-05-30,38,0,48,-10,39340,37059,973,1308
2021-05-31,119,0,229,-110,39459,37288,973,1198
2021-06-01,101,1,25,75,39560,37313,974,1273
2021-06-02,53,0,43,10,39613,37356,974,1283
2021-06-03,83,3,70,10,39696,37426,977,1293
2021-06-04,109,3,19,87,39805,37445,980,1380
2021-06-05,71,1,23,47,39876,37468,981,1427
2021-06-06,37,0,25,12,39913,37493,981,1439
2021-06-07,85,0,34,51,39998,37527,981,1490
2021-06-08,117,4,67,46,40115,37594,985,1536
2021-06-09,79,1,23,55,40194,37617,986,1591
2021-06-10,146,1,38,107,40340,37655,987,1698
2021-06-11,167,1,137,29,40507,37792,988,1727
2021-06-12,174,3,66,105,40681,37858,991,1832
2021-06-13,148,4,39,105,40829,37897,995,1937
2021-06-14,216,3,44,169,41045,37941,998,2106
2021-06-15,105,1,38,66,41150,37979,999,2172
2021-06-16,123,3,26,94,41273,38005,1002,2266
2021-06-17,134,4,26,104,41407,38031,1006,2370
2021-06-18,202,1,135,66,41609,38166,1007,2436
2021-06-19,225,6,86,133,41834,38252,1013,2569
2021-06-20,186,3,118,65,42020,38370,1016,2634
2021-06-21,260,6,63,191,42280,38433,1022,2825
2021-06-22,378,4,181,193,42658,38614,1026,3018
2021-06-23,211,6,184,21,42869,38798,1032,3039
2021-06-24,481,3,160,318,43350,38958,1035,3357
2021-06-25,250,4,23,223,43600,38981,1039,3580
2021-06-26,216,4,13,199,43816,38994,1043,3779
2021-06-27,586,11,238,337,44402,39232,1054,4116
2021-06-28,401,5,165,231,44803,39397,1059,4347
2021-06-29,413,7,166,240,45216,39563,1066,4587
2021-06-30,380,13,54,313,45596,39617,1079,4900
2021-07-01,240,2,16,222,45836,39633,1081,5122
2021-07-02,236,3,17,216,46072,39650,1084,5338
2021-07-03,582,6,18,558,46654,39668,1090,5896
2021-07-04,494,15,18,461,47148,39686,1105,6357
2021-07-05,441,2,22,417,47589,39708,1107,6774
2021-07-06,357,3,212,142,47946,39920,1110,6916
2021-07-07,495,11,139,345,48441,40059,1121,7261
2021-07-08,401,5,114,282,48842,40173,1126,7543
2021-07-09,420,4,39,377,49262,40212,1130,7920
2021-07-10,449,7,364,78,49711,40576,1137,7998
2021-07-11,539,8,252,279,50250,40828,1145,8277
2021-07-12,2114,7,264,1843,52364,41092,1152,10120
2021-07-13,3211,2,781,2428,55575,41873,1154,12548
2021-07-14,3102,19,295,2788,58677,42168,1173,15336
2021-07-15,3179,7,693,2479,61856,42861,1180,17815
2021-07-16,2886,17,644,2225,64742,43505,1197,20040
2021-07-17,2720,12,376,2332,67462,43881,1209,22372
2021-07-18,2482,4,253,2225,69944,44134,1213,24597
2021-07-19,1720,5,320,1395,71664,44454,1218,25992
2021-07-20,2244,10,373,1861,73908,44827,1228,27853
2021-07-21,1503,27,1080,396,75411,45907,1255,28249
2021-07-22,2652,16,621,2015,78063,46528,1271,30264
2021-07-23,2068,18,332,1718,80131,46860,1289,31982
2021-07-24,1893,12,365,1516,82024,47225,1301,33498
2021-07-25,1297,14,397,886,83321,47622,1315,34384
2021-07-26,699,8,633,58,84020,48255,1323,34442
2021-07-27,1303,31,728,544,85323,48983,1354,34986
2021-07-28,1313,29,1333,-49,86636,50316,1383,34937
2021-07-29,1182,23,3161,-2002,87818,53477,1406,32935
2021-07-30,971,49,1934,-1012,88789,55411,1455,31923
2021-07-31,1105,61,3192,-2148,89894,58603,1516,29775
2021-08-01,1073,61,6386,-5374,90967,64989,1577,24401
2021-08-02,872,72,2600,-1800,91839,67589,1649,22601
2021-08-03,1083,71,1037,-25,92922,68626,1720,22576
2021-08-04,782,64,1908,-1190,93704,70534,1784,21386
2021-08-05,771,10,607,154,94475,71141,1794,21540
2021-08-06,820,13,5499,-4692,95295,76640,1807,16848
2021-08-07,654,11,2086,-1443,95949,78726,1818,15405
2021-08-08,360,21,1627,-1288,96309,80353,1839,14117
2021-08-09,268,26,1973,-1731,96577,82326,1865,12386
2021-08-10,659,13,1229,-583,97236,83555,1878,11803
2021-08-11,522,26,976,-480,97758,84531,1904,11323
2021-08-12,322,19,278,25,98080,84809,1923,11348
2021-08-13,563,13,3046,-2496,98643,87855,1936,8852
2021-08-14,488,14,823,-349,99131,88678,1950,8503
2021-08-15,327,21,1164,-858,99458,89842,1971,7645
2021-08-16,171,13,1099,-941,99629,90941,1984,6704
2021-08-17,317,9,1073,-765,99946,92014,1993,5939
2021-08-18,167,12,508,-353,100113,92522,2005,5586
2021-08-19,310,14,339,-43,100423,92861,2019,5543
2021-08-20,356,3,384,-31,100779,93245,2022,5512
2021-08-21,305,4,120,181,101084,93365,2026,5693
2021-08-22,176,1,687,-512,101260,94052,2027,5181
2021-08-23,104,8,776,-680,101364,94828,2035,4501
2021-08-24,291,7,244,40,101655,95072,2042,4541
2021-08-25,284,8,441,-165,101939,95513,2050,4376
2021-08-26,172,5,707,-540,102111,96220,2055,3836
2021-08-27,222,5,333,-116,102333,96553,2060,3720
2021-08-28,172,5,392,-225,102505,96945,2065,3495
2021-08-29,134,2,84,48,102639,97029,2067,3543
2021-08-30,72,7,773,-708,102711,97802,2074,2835
2021-08-31,215,3,420,-208,102926,98222,2077,2627
2021-09-01,138,2,290,-154,103064,98512,2079,2473
2021-09-02,141,3,162,-24,103205,98674,2082,2449
2021-09-03,116,3,190,-77,103321,98864,2085,2372
2021-09-04,119,1,259,-141,103440,99123,2086,2231
2021-09-05,84,1,83,0,103524,99206,2087,2231
2021-09-06,84,2,188,-106,103608,99394,2089,2125
2021-09-07,72,1,289,-218,103680,99683,2090,1907
2021-09-08,85,4,249,-168,103765,99932,2094,1739
2021-09-09,114,2,201,-89,103879,100133,2096,1650
2021-09-10,66,1,178,-113,103945,100311,2097,1537
2021-09-11,68,1,46,21,104013,100357,2098,1558
2021-09-12,44,2,98,-56,104057,100455,2100,1502
2021-09-13,35,0,109,-74,104092,100564,2100,1428
2021-09-14,83,1,151,-69,104175,100715,2101,1359
2021-09-15,64,0,59,5,104239,100774,2101,1364
2021-09-16,31,5,327,-301,104270,101101,2106,1063
2021-09-17,38,2,36,0,104308,101137,2108,1063
2021-09-18,63,1,83,-21,104371,101220,2109,1042
2021-09-19,54,0,145,-91,104425,101365,2109,951
2021-09-20,25,2,58,-35,104450,101423,2111,916
2021-09-21,69,3,266,-200,104519,101689,2114,716
2021-09-22,65,0,58,7,104584,101747,2114,723
2021-09-23,58,2,72,-16,104642,101819,2116,707
2021-09-24,56,1,30,25,104698,101849,2117,732
2021-09-25,32,2,28,2,104730,101877,2119,734
2021-09-26,40,1,28,11,104770,101905,2120,745
2021-09-27,20,0,36,-16,104790,101941,2120,729
2021-09-28,32,1,36,-5,104822,101977,2121,724
2021-09-29,35,1,40,-6,104857,102017,2122,718
2021-09-30,49,1,71,-23,104906,102088,2123,695
2021-10-01,56,2,33,21,104962,102121,2125,716
2021-10-02,43,1,44,-2,105005,102165,2126,714
2021-10-03,38,0,16,22,105043,102181,2126,736
2021-10-04,16,1,22,-7,105059,102203,2127,729
2021-10-05,34,0,97,-63,105093,102300,2127,666
2021-10-06,30,1,25,4,105123,102325,2128,670
2021-10-07,34,0,19,15,105157,102344,2128,685
2021-10-08,27,0,107,-80,105184,102451,2128,605
2021-10-09,26,0,41,-15,105210,102492,2128,590
2021-10-10,9,0,32,-23,105219,102524,2128,567
2021-10-11,15,0,20,-5,105234,102544,2128,562
2021-10-12,21,0,23,-2,105255,102567,2128,560
2021-10-13,26,2,11,13,105281,102578,2130,573
2021-10-14,24,0,15,9,105305,102593,2130,582
2021-10-15,23,1,15,7,105328,102608,2131,589
2021-10-16,20,0,109,-89,105348,102717,2131,500
2021-10-17,19,1,25,-7,105367,102742,2132,493
2021-10-18,13,0,13,0,105380,102755,2132,493
2021-10-19,20,1,15,4,105400,102770,2133,497
2021-10-20,19,1,105,-87,105419,102875,2134,410
2021-10-21,16,0,55,-39,105435,102930,2134,371
2021-10-22,15,1,20,-6,105450,102950,2135,365
2021-10-23,19,0,12,7,105469,102962,2135,372
2021-10-24,15,0,123,-108,105484,103085,2135,264
2021-10-25,9,0,11,-2,105493,103096,2135,262
2021-10-26,13,1,39,-27,105506,103135,2136,235
2021-10-27,26,0,11,15,105532,103146,2136,250
2021-10-28,14,0,7,7,105546,103153,2136,257
2021-10-29,21,0,16,5,105567,103169,2136,262
2021-10-30,17,0,19,-2,105584,103188,2136,260
2021-10-31,21,1,13,7,105605,103201,2137,267
2021-11-01,8,0,8,0,105613,103209,2137,267
2021-11-02,18,0,35,-17,105631,103244,2137,250
2021-11-03,19,0,10,9,105650,103254,2137,259
2021-11-04,18,0,12,6,105668,103266,2137,265
2021-11-05,14,0,25,-11,105682,103291,2137,254
2021-11-06,17,0,11,6,105699,103302,2137,260
2021-11-07,6,0,8,-2,105705,103310,2137,258
2021-11-08,17,0,3,14,105722,103313,2137,272
2021-11-09,14,0,8,6,105736,103321,2137,278
2021-11-10,7,0,8,-1,105743,103329,2137,277
2021-11-11,16,0,43,-27,105759,103372,2137,250
2021-11-12,14,0,10,4,105773,103382,2137,254
2021-11-13,4,0,3,1,105777,103385,2137,255
2021-11-14,4,0,10,-6,105781,103395,2137,249
2021-11-15,6,0,8,-2,105787,103403,2137,247
2021-11-16,5,0,10,-5,105792,103413,2137,242
2021-11-17,8,0,1,7,105800,103414,2137,249
2021-11-18,2,0,14,-12,105802,103428,2137,237
2021-11-19,3,0,13,-10,105805,103441,2137,227
2021-11-20,5,0,17,-12,105810,103458,2137,215
2021-11-21,7,0,6,1,105817,103464,2137,216
2021-11-22,2,0,4,-2,105819,103468,2137,214
2021-11-23,7,1,4,2,105826,103472,2138,216
2021-11-24,8,0,6,2,105834,103478,2138,218
2021-11-25,7,0,4,3,105841,103482,2138,221
2021-11-26,11,1,81,-71,105852,103563,2139,150
2021-11-27,4,0,1,3,105856,103564,2139,153
2021-11-28,4,0,1,3,105860,103565,2139,156
2021-11-29,4,0,3,1,105864,103568,2139,157
2021-11-30,4,0,9,-5,105868,103577,2139,152
2021-12-01,1,1,1,-1,105869,103578,2140,151
2021-12-02,14,0,18,-4,105883,103596,2140,147
2021-12-03,5,0,1,4,105888,103597,2140,151
2021-12-04,5,0,10,-5,105893,103607,2140,146
2021-12-05,7,0,3,4,105900,103610,2140,150
2021-12-06,2,0,0,2,105902,103610,2140,152
2021-12-07,5,0,7,-2,105907,103617,2140,150
2021-12-08,0,0,13,-13,105907,103630,2140,137
2021-12-09,4,0,6,-2,105911,103636,2140,135
2021-12-10,2,1,3,-2,105913,103639,2141,133
2021-12-11,5,0,3,2,105918,103642,2141,135
2021-12-12,3,0,3,0,105921,103645,2141,135
2021-12-13,3,0,7,-4,105924,103652,2141,131
2021-12-14,5,0,5,0,105929,103657,2141,131
2021-12-15,2,0,2,0,105931,103659,2141,131
2021-12-16,0,0,5,-5,105931,103664,2141,126
2021-12-17,1,0,6,-5,105932,103670,2141,121
2021-12-18,2,0,29,-27,105934,103699,2141,94
2021-12-19,1,0,3,-2,105935,103702,2141,92
2021-12-20,0,0,5,-5,105935,103707,2141,87
2021-12-21,6,0,2,4,105941,103709,2141,91
2021-12-22,9,0,2,7,105950,103711,2141,98
2021-12-23,1,0,3,-2,105951,103714,2141,96
2021-12-24,3,0,4,-1,105954,103718,2141,95
2021-12-25,3,1,3,-1,105957,103721,2142,94
2021-12-26,2,0,5,-3,105959,103726,2142,91
2021-12-27,3,0,7,-4,105962,103733,2142,87
2021-12-28,6,0,5,1,105968,103738,2142,88
2021-12-29,5,0,2,3,105973,103740,2142,91
2021-12-30,4,0,2,2,105977,103742,2142,93
2021-12-31,4,0,2,2,105981,103744,2142,95
2022-01-01,8,0,3,5,105989,103747,2142,100
2022-01-02,6,0,3,3,105995,103750,2142,103
2022-01-03,6,1,1,4,106001,103751,2143,107
2022-01-04,9,0,1,8,106010,103752,2143,115
2022-01-05,7,0,5,2,106017,103757,2143,117
2022-01-06,18,0,1,17,106035,103758,2143,134
2022-01-07,24,0,3,21,106059,103761,2143,155
2022-01-08,30,0,6,24,106089,103767,2143,179
2022-01-09,14,0,6,8,106103,103773,2143,187
2022-01-10,12,0,4,8,106115,103777,2143,195
2022-01-11,39,0,10,29,106154,103787,2143,224
2022-01-12,48,0,2,46,106202,103789,2143,270
2022-01-13,41,0,12,29,106243,103801,2143,299
2022-01-14,71,2,5,64,106314,103806,2145,363
2022-01-15,92,0,11,81,106406,103817,2145,444
2022-01-16,64,0,7,57,106470,103824,2145,501
2022-01-17,68,0,11,57,106538,103835,2145,558
2022-01-18,163,2,14,147,106701,103849,2147,705
2022-01-19,171,0,17,154,106872,103866,2147,859
2022-01-20,211,0,27,184,107083,103893,2147,1043
2022-01-21,265,0,22,243,107348,103915,2147,1286
2022-01-22,351,0,30,321,107699,103945,2147,1607
2022-01-23,372,0,16,356,108071,103961,2147,1963
2022-01-24,258,1,42,215,108329,104003,2148,2178
2022-01-25,684,0,31,653,109013,104034,2148,2831
2022-01-26,926,0,77,849,109939,104111,2148,3680
2022-01-27,1026,0,85,941,110965,104196,2148,4621
2022-01-28,1372,0,75,1297,112337,104271,2148,5918
2022-01-29,1503,1,70,1432,113840,104341,2149,7350
2022-01-30,1392,0,224,1168,115232,104565,2149,8518
2022-01-31,1241,0,379,862,116473,104944,2149,9380
2022-02-01,1965,1,204,1760,118438,105148,2150,11140
2022-02-02,1962,1,184,1777,120400,105332,2151,12917
2022-02-03,3440,2,440,2998,123840,105772,2153,15915
2022-02-04,3542,1,448,3093,127382,106220,2154,19008
2022-02-05,3965,1,335,3629,131347,106555,2155,22637
2022-02-06,3713,2,537,3174,135060,107092,2157,25811
2022-02-07,2552,4,1030,1518,137612,108122,2161,27329
2022-02-08,4125,3,1177,2945,141737,109299,2164,30274
2022-02-09,4845,5,1034,3806,146582,110333,2169,34080
2022-02-10,4076,4,1166,2906,150658,111499,2173,36986
2022-02-11,4119,2,1551,2566,154777,113050,2175,39552
2022-02-12,5798,5,1046,4747,160575,114096,2180,44299
2022-02-13,4494,7,2220,2267,165069,116316,2187,46566
2022-02-14,3213,4,2940,269,168282,119256,2191,46835
2022-02-15,5283,2,2645,2636,173565,121901,2193,49471
2022-02-16,5411,6,3036,2369,178976,124937,2199,51840
2022-02-17,5225,4,3452,1769,184201,128389,2203,53609
2022-02-18,4287,3,3119,1165,188488,131508,2206,54774
2022-02-19,3737,4,3233,500,192225,134741,2210,55274
2022-02-20,2886,7,2302,577,195111,137043,2217,55851
2022-02-21,2099,1,3439,-1341,197210,140482,2218,54510
2022-02-22,3214,9,4526,-1321,200424,145008,2227,53189
2022-02-23,3140,5,3761,-626,203564,148769,2232,52563
2022-02-24,2663,6,3662,-1005,206227,152431,2238,51558
2022-02-25,2153,5,18163,-16015,208380,170594,2243,35543
2022-02-26,1915,8,3702,-1795,210295,174296,2251,33748
2022-02-27,1518,5,3433,-1920,211813,177729,2256,31828
2022-02-28,824,4,3795,-2975,212637,181524,2260,28853
2022-03-01,853,4,3010,-2161,213490,184534,2264,26692
2022-03-02,1424,7,2511,-1094,214914,187045,2271,25598
2022-03-03,1402,4,2412,-1014,216316,189457,2275,24584
2022-03-04,812,3,2414,-1605,217128,191871,2278,22979
2022-03-05,1195,2,2571,-1378,218323,194442,2280,21601
2022-03-06,980,3,1690,-713,219303,196132,2283,20888
2022-03-07,705,2,1053,-350,220008,197185,2285,20538
2022-03-08,1154,6,1781,-633,221162,198966,2291,19905
2022-03-09,882,1,1156,-275,222044,200122,2292,19630
2022-03-10,762,5,631,126,222806,200753,2297,19756
2022-03-11,704,5,1691,-992,223510,202444,2302,18764
2022-03-12,611,1,895,-285,224121,203339,2303,18479
2022-03-13,599,2,797,-200,224720,204136,2305,18279
2022-03-14,385,0,4945,-4560,225105,209081,2305,13719
2022-03-15,550,1,760,-211,225655,209841,2306,13508
2022-03-16,527,2,2212,-1687,226182,212053,2308,11821
2022-03-17,528,2,506,20,226710,212559,2310,11841
2022-03-18,422,1,287,134,227132,212846,2311,11975
2022-03-19,367,1,534,-168,227499,213380,2312,11807
2022-03-20,365,0,563,-198,227864,213943,2312,11609
2022-03-21,284,0,670,-386,228148,214613,2312,11223
2022-03-22,392,1,6946,-6555,228540,221559,2313,4668
2022-03-23,356,4,564,-212,228896,222123,2317,4456
2022-03-24,358,3,265,90,229254,222388,2320,4546
2022-03-25,278,0,242,36,229532,222630,2320,4582
2022-03-26,281,2,736,-457,229813,223366,2322,4125
2022-03-27,203,0,280,-77,230016,223646,2322,4048
2022-03-28,276,0,187,89,230292,223833,2322,4137
2022-03-29,282,2,369,-89,230574,224202,2324,4048
2022-03-30,228,2,285,-59,230802,224487,2326,3989
2022-03-31,190,1,189,0,230992,224676,2327,3989
2022-04-01,205,0,1716,-1511,231197,226392,2327,2478
2022-04-02,172,0,148,24,231369,226540,2327,2502
2022-04-03,160,0,227,-67,231529,226767,2327,2435
2022-04-04,135,1,184,-50,231664,226951,2328,2385
2022-04-05,224,0,526,-302,231888,227477,2328,2083
2022-04-06,158,0,144,14,232046,227621,2328,2097
2022-04-07,171,0,125,46,232217,227746,2328,2143
2022-04-08,120,0,120,0,232337,227866,2328,2143
2022-04-09,124,0,503,-379,232461,228369,2328,1764
2022-04-10,81,0,228,-147,232542,228597,2328,1617
2022-04-11,78,1,114,-37,232620,228711,2329,1580
2022-04-12,83,0,134,-51,232703,228845,2329,1529
2022-04-13,94,2,165,-73,232797,229010,2331,1456
2022-04-14,101,0,115,-14,232898,229125,2331,1442
2022-04-15,51,0,120,-69,232949,229245,2331,1373
2022-04-16,50,0,136,-86,232999,229381,2331,1287
2022-04-17,41,0,631,-590,233040,230012,2331,697
2022-04-18,33,0,59,-26,233073,230071,2331,671
2022-04-19,49,0,53,-4,233122,230124,2331,667
2022-04-20,66,0,75,-9,233188,230199,2331,658
2022-04-21,44,0,34,10,233232,230233,2331,668
2022-04-22,40,0,40,0,233272,230273,2331,668
2022-04-23,39,0,43,-4,233311,230316,2331,664
2022-04-24,24,0,119,-95,233335,230435,2331,569
2022-04-25,23,1,123,-101,233358,230558,2332,468
2022-04-26,34,0,62,-28,233392,230620,2332,440
2022-04-27,33,0,21,12,233425,230641,2332,452
2022-04-28,31,0,47,-16,233456,230688,2332,436
2022-04-29,25,0,35,-10,233481,230723,2332,426
2022-04-30,23,0,31,-8,233504,230754,2332,418
2022-05-01,19,0,110,-91,233523,230864,2332,327
2022-05-02,14,0,21,-7,233537,230885,2332,320
2022-05-03,3,0,9,-6,233540,230894,2332,314
2022-05-04,18,0,12,6,233558,230906,2332,320
2022-05-05,23,0,67,-44,233581,230973,2332,276
2022-05-06,18,0,15,3,233599,230988,2332,279
2022-05-07,17,0,15,2,233616,231003,2332,281
2022-05-08,19,0,57,-38,233635,231060,2332,243
2022-05-09,22,0,17,5,233657,231077,2332,248
2022-05-10,39,0,11,28,233696,231088,2332,276
2022-05-11,24,0,5,19,233720,231093,2332,295
2022-05-12,31,0,2,29,233751,231095,2332,324
2022-05-13,32,0,0,32,233783,231095,2332,356
2022-05-14,18,0,86,-68,233801,231181,2332,288
2022-05-15,17,0,7,10,233818,231188,2332,298
2022-05-16,14,0,43,-29,233832,231231,2332,269
2022-05-17,21,0,13,8,233853,231244,2332,277
2022-05-18,28,0,7,21,233881,231251,2332,298
2022-05-19,25,1,17,7,233906,231268,2333,305
2022-05-20,22,0,16,6,233928,231284,2333,311
2022-05-21,22,0,12,10,233950,231296,2333,321
2022-05-22,24,0,78,-54,233974,231374,2333,267
2022-05-23,22,0,23,-1,233996,231397,2333,266
2022-05-24,21,0,8,13,234017,231405,2333,279
2022-05-25,21,1,11,9,234038,231416,2334,288
2022-05-26,16,0,32,-16,234054,231448,2334,272
2022-05-27,12,0,18,-6,234066,231466,2334,266
2022-05-28,23,0,11,12,234089,231477,2334,278
2022-05-29,21,0,47,-26,234110,231524,2334,252
2022-05-30,26,0,12,14,234136,231536,2334,266
2022-05-31,33,0,22,11,234169,231558,2334,277
2022-06-01,27,0,17,10,234196,231575,2334,287
2022-06-02,22,0,6,16,234218,231581,2334,303
2022-06-03,30,0,65,-35,234248,231646,2334,268
2022-06-04,38,0,13,25,234286,231659,2334,293
2022-06-05,31,0,4,27,234317,231663,2334,320
2022-06-06,38,0,45,-7,234355,231708,2334,313
2022-06-07,54,0,83,-29,234409,231791,2334,284
2022-06-08,41,0,31,10,234450,231822,2334,294
2022-06-09,58,0,44,14,234508,231866,2334,308
2022-06-10,55,0,30,25,234563,231896,2334,333
2022-06-11,60,0,66,-6,234623,231962,2334,327
2022-06-12,46,0,11,35,234669,231973,2334,362
2022-06-13,57,0,31,26,234726,232004,2334,388
2022-06-14,94,0,56,38,234820,232060,2334,426
2022-06-15,114,0,76,38,234934,232136,2334,464
2022-06-16,114,0,27,87,235048,232163,2334,551
2022-06-17,101,0,49,52,235149,232212,2334,603
2022-06-18,119,0,70,49,235268,232282,2334,652
2022-06-19,105,0,154,-49,235373,232436,2334,603
2022-06-20,134,0,18,116,235507,232454,2334,719
2022-06-21,164,0,100,64,235671,232554,2334,783
2022-06-22,167,0,27,140,235838,232581,2334,923
2022-06-23,177,0,177,0,236015,232758,2334,923
2022-06-24,180,0,47,133,236195,232805,2334,1056
2022-06-25,187,0,33,154,236382,232838,2334,1210
2022-06-26,188,0,202,-14,236570,233040,2334,1196
2022-06-27,116,0,263,-147,236686,233303,2334,1049
2022-06-28,176,0,64,112,236862,233367,2334,1161
2022-06-29,244,0,124,120,237106,233491,2334,1281
2022-06-30,193,0,53,140,237299,233544,2334,1421
2022-07-01,199,0,298,-99,237498,233842,2334,1322
2022-07-02,172,0,72,100,237670,233914,2334,1422
2022-07-03,141,1,59,81,237811,233973,2335,1503
2022-07-04,148,0,152,-4,237959,234125,2335,1499
2022-07-05,247,1,65,181,238206,234190,2336,1680
2022-07-06,233,0,605,-372,238439,234795,2336,1308
2022-07-07,291,0,39,252,238730,234834,2336,1560
2022-07-08,268,0,167,101,238998,235001,2336,1661
2022-07-09,260,0,268,-8,239258,235269,2336,1653
2022-07-10,211,0,247,-36,239469,235516,2336,1617
2022-07-11,203,0,57,146,239672,235573,2336,1763
2022-07-12,315,0,300,15,239987,235873,2336,1778
2022-07-13,361,0,210,151,240348,236083,2336,1929
2022-07-14,326,0,215,111,240674,236298,2336,2040
2022-07-15,370,1,306,63,241044,236604,2337,2103
2022-07-16,505,0,291,214,241549,236895,2337,2317
2022-07-17,317,0,462,-145,241866,237357,2337,2172
2022-07-18,371,0,129,242,242237,237486,2337,2414
2022-07-19,520,0,347,173,242757,237833,2337,2587
2022-07-20,568,0,470,98,243325,238303,2337,2685
2022-07-21,514,0,135,379,243839,238438,2337,3064
2022-07-22,444,0,391,53,244283,238829,2337,3117
2022-07-23,451,0,541,-90,244734,239370,2337,3027
2022-07-24,379,0,391,-12,245113,239761,2337,3015
2022-07-25,420,0,244,176,245533,240005,2337,3191
2022-07-26,740,0,498,242,246273,240503,2337,3433
2022-07-27,609,1,486,122,246882,240989,2338,3555
2022-07-28,586,0,192,394,247468,241181,2338,3949
2022-07-29,577,0,702,-125,248045,241883,2338,3824
2022-07-30,484,0,284,200,248529,242167,2338,4024
2022-07-31,432,0,760,-328,248961,242927,2338,3696
2022-08-01,419,0,228,191,249380,243155,2338,3887
2022-08-02,631,0,946,-315,250011,244101,2338,3572
2022-08-03,620,0,496,124,250631,244597,2338,3696
2022-08-04,702,1,586,115,251333,245183,2339,3811
2022-08-05,531,0,584,-53,251864,245767,2339,3758
2022-08-06,499,0,211,288,252363,245978,2339,4046
2022-08-07,508,1,319,188,252871,246297,2340,4234
2022-08-08,402,0,405,-3,253273,246702,2340,4231
2022-08-09,622,0,311,311,253895,247013,2340,4542
2022-08-10,596,0,1075,-479,254491,248088,2340,4063
2022-08-11,576,0,281,295,255067,248369,2340,4358
2022-08-12,511,0,593,-82,255578,248962,2340,4276
2022-08-13,449,0,572,-123,256027,249534,2340,4153
2022-08-14,402,0,570,-168,256429,250104,2340,3985
2022-08-15,315,0,244,71,256744,250348,2340,4056
2022-08-16,559,0,251,308,257303,250599,2340,4364
2022-08-17,527,0,329,198,257830,250928,2340,4562
2022-08-18,372,2,263,107,258202,251191,2342,4669
2022-08-19,429,0,563,-134,258631,251754,2342,4535
2022-08-20,383,0,336,47,259014,252090,2342,4582
2022-08-21,324,0,1510,-1186,259338,253600,2342,3396
2022-08-22,328,0,237,91,259666,253837,2342,3487
2022-08-23,547,1,907,-361,260213,254744,2343,3126
2022-08-24,524,1,219,304,260737,254963,2344,3430
2022-08-25,453,0,305,148,261190,255268,2344,3578
2022-08-26,393,1,659,-267,261583,255927,2345,3311
2022-08-27,377,0,204,173,261960,256131,2345,3484
2022-08-28,296,0,858,-562,262256,256989,2345,2922
2022-08-29,277,1,723,-447,262533,257712,2346,2475
2022-08-30,420,0,234,186,262953,257946,2346,2661
2022-08-31,394,0,168,226,263347,258114,2346,2887
2022-09-01,373,0,271,102,263720,258385,2346,2989
2022-09-02,311,1,236,74,264031,258621,2347,3063
2022-09-03,241,0,213,28,264272,258834,2347,3091
2022-09-04,253,0,666,-413,264525,259500,2347,2678
2022-09-05,242,0,258,-16,264767,259758,2347,2662
2022-09-06,370,0,203,167,265137,259961,2347,2829
2022-09-07,302,0,108,194,265439,260069,2347,3023
2022-09-08,252,0,140,112,265691,260209,2347,3135
2022-09-09,260,0,1308,-1048,265951,261517,2347,2087
2022-09-10,186,0,204,-18,266137,261721,2347,2069
2022-09-11,148,0,89,59,266285,261810,2347,2128
2022-09-12,192,0,225,-33,266477,262035,2347,2095
2022-09-13,267,0,199,68,266744,262234,2347,2163
2022-09-14,225,0,729,-504,266969,262963,2347,1659
2022-09-15,201,0,144,57,267170,263107,2347,1716
2022-09-16,176,0,185,-9,267346,263292,2347,1707
2022-09-17,144,0,138,6,267490,263430,2347,1713
2022-09-18,142,0,116,26,267632,263546,2347,1739
2022-09-19,129,0,133,-4,267761,263679,2347,1735
2022-09-20,212,0,112,100,267973,263791,2347,1835
2022-09-21,184,0,598,-414,268157,264389,2347,1421
2022-09-22,157,0,107,50,268314,264496,2347,1471
2022-09-23,147,0,151,-4,268461,264647,2347,1467
2022-09-24,122,0,116,6,268583,264763,2347,1473
2022-09-25,104,0,86,18,268687,264849,2347,1491
2022-09-26,96,0,430,-334,268783,265279,2347,1157
2022-09-27,61,0,24,37,268844,265303,2347,1194
2022-09-28,166,0,12,154,269010,265315,2347,1348
2022-09-29,70,0,90,-20,269080,265405,2347,1328
2022-09-30,100,0,38,62,269180,265443,2347,1390
