tanggal,KASUS,MENINGGAL,SEMBUH,DIRAWAT_OR_ISOLASI,AKUMULASI_KASUS,AKUMULASI_SEMBUH,AKUMULASI_MENINGGAL,AKUMULASI_DIRAWAT_OR_ISOLASI
2020-03-06,1,0,0,1,1,0,0,1
2020-03-07,0,0,0,0,1,0,0,1
2020-03-08,1,0,3,-2,2,3,0,-1
2020-03-09,0,0,0,0,2,3,0,-1
2020-03-10,0,0,4,-4,2,7,0,-5
2020-03-11,0,0,7,-7,2,14,0,-12
2020-03-12,0,1,2,-3,2,16,1,-15
2020-03-13,1,1,0,0,3,16,2,-15
2020-03-14,1,0,2,-1,4,18,2,-16
2020-03-15,1,0,5,-4,5,23,2,-20
2020-03-16,1,0,3,-2,6,26,2,-22
2020-03-17,0,0,3,-3,6,29,2,-25
2020-03-18,0,1,0,-1,6,29,3,-26
2020-03-19,0,1,3,-4,6,32,4,-30
2020-03-20,0,2,3,-5,6,35,6,-35
2020-03-21,0,0,2,-2,6,37,6,-37
2020-03-22,0,2,0,-2,6,37,8,-39
2020-03-23,0,1,3,-4,6,40,9,-43
2020-03-24,0,1,1,-2,6,41,10,-45
2020-03-25,0,1,3,-4,6,44,11,-49
2020-03-26,0,0,4,-4,6,48,11,-53
2020-03-27,25,2,3,20,31,51,13,-33
2020-03-28,10,1,5,4,41,56,14,-29
2020-03-29,2,1,2,-1,43,58,15,-30
2020-03-30,22,0,3,19,65,61,15,-11
2020-03-31,14,2,1,11,79,62,17,0
2020-04-01,12,1,6,5,91,68,18,5
2020-04-02,6,0,1,5,97,69,18,10
2020-04-03,4,0,4,0,101,73,18,10
2020-04-04,3,2,1,0,104,74,20,10
2020-04-05,4,2,3,-1,108,77,22,9
2020-04-06,11,2,8,1,119,85,24,10
2020-04-07,6,0,4,2,125,89,24,12
2020-04-08,19,0,5,14,144,94,24,26
2020-04-09,4,2,7,-5,148,101,26,21
2020-04-10,21,1,4,16,169,105,27,37
2020-04-11,31,1,20,10,200,125,28,47
2020-04-12,2,1,6,-5,202,131,29,42
2020-04-13,4,2,7,-5,206,138,31,37
2020-04-14,6,2,3,1,212,141,33,38
2020-04-15,1,1,7,-7,213,148,34,31
2020-04-16,15,0,3,12,228,151,34,43
2020-04-17,9,1,7,1,237,158,35,44
2020-04-18,12,1,4,7,249,162,36,51
2020-04-19,3,0,4,-1,252,166,36,50
2020-04-20,30,0,6,24,282,172,36,74
2020-04-21,0,2,6,-8,282,178,38,66
2020-04-22,3,0,5,-2,285,183,38,64
2020-04-23,3,0,1,2,288,184,38,66
2020-04-24,23,0,2,21,311,186,38,87
2020-04-25,11,1,2,8,322,188,39,95
2020-04-26,0,4,1,-5,322,189,43,90
2020-04-27,12,1,4,7,334,193,44,97
2020-04-28,6,0,3,3,340,196,44,100
2020-04-29,0,0,8,-8,340,204,44,92
2020-04-30,16,0,8,8,356,212,44,100
2020-05-01,15,0,3,12,371,215,44,112
2020-05-02,9,1,9,-1,380,224,45,111
2020-05-03,5,0,1,4,385,225,45,115
2020-05-04,14,0,8,6,399,233,45,121
2020-05-05,12,2,19,-9,411,252,47,112
2020-05-06,29,0,4,25,440,256,47,137
2020-05-07,0,0,3,-3,440,259,47,134
2020-05-08,20,1,6,13,460,265,48,147
2020-05-09,22,0,5,17,482,270,48,164
2020-05-10,10,0,5,5,492,275,48,169
2020-05-11,8,0,5,3,500,280,48,172
2020-05-12,18,0,4,14,518,284,48,186
2020-05-13,20,0,5,15,538,289,48,201
2020-05-14,14,1,14,-1,552,303,49,200
2020-05-15,28,0,16,12,580,319,49,212
2020-05-16,0,0,8,-8,580,327,49,204
2020-05-17,24,0,9,15,604,336,49,219
2020-05-18,31,0,15,16,635,351,49,235
2020-05-19,21,0,13,8,656,364,49,243
2020-05-20,1,0,28,-27,657,392,49,216
2020-05-21,43,1,8,34,700,400,50,250
2020-05-22,11,1,4,6,711,404,51,256
2020-05-23,0,0,6,-6,711,410,51,250
2020-05-24,15,0,4,11,726,414,51,261
2020-05-25,0,0,6,-6,726,420,51,255
2020-05-26,16,0,8,8,742,428,51,263
2020-05-27,8,0,7,1,750,435,51,264
2020-05-28,11,3,15,-7,761,450,54,257
2020-05-29,9,0,12,-3,770,462,54,254
2020-05-30,12,0,22,-10,782,484,54,244
2020-05-31,2,0,0,2,784,484,54,246
2020-06-01,4,1,9,-6,788,493,55,240
2020-06-02,11,0,18,-7,799,511,55,233
2020-06-03,54,0,20,34,853,531,55,267
2020-06-04,9,0,9,0,862,540,55,267
2020-06-05,23,1,24,-2,885,564,56,265
2020-06-06,27,1,6,20,912,570,57,285
2020-06-07,8,1,1,6,920,571,58,291
2020-06-08,9,1,5,3,929,576,59,294
2020-06-09,13,1,8,4,942,584,60,298
2020-06-10,27,0,44,-17,969,628,60,281
2020-06-11,20,0,23,-3,989,651,60,278
2020-06-12,28,0,10,18,1017,661,60,296
2020-06-13,63,0,2,61,1080,663,60,357
2020-06-14,6,0,8,-2,1086,671,60,355
2020-06-15,3,0,21,-18,1089,692,60,337
2020-06-16,23,0,8,15,1112,700,60,352
2020-06-17,25,0,22,3,1137,722,60,355
2020-06-18,14,0,14,0,1151,736,60,355
2020-06-19,4,0,21,-17,1155,757,60,338
2020-06-20,14,0,11,3,1169,768,60,341
2020-06-21,5,0,6,-1,1174,774,60,340
2020-06-22,8,1,19,-12,1182,793,61,328
2020-06-23,11,0,13,-2,1193,806,61,326
2020-06-24,14,1,31,-18,1207,837,62,308
2020-06-25,15,0,5,10,1222,842,62,318
2020-06-26,10,0,5,5,1232,847,62,323
2020-06-27,17,0,2,15,1249,849,62,338
2020-06-28,3,0,8,-5,1252,857,62,333
2020-06-29,3,0,6,-3,1255,863,62,330
2020-06-30,6,0,5,1,1261,868,62,331
2020-07-01,10,0,11,-1,1271,879,62,330
2020-07-02,7,0,8,-1,1278,887,62,329
2020-07-03,19,0,19,0,1297,906,62,329
2020-07-04,8,1,11,-4,1305,917,63,325
2020-07-05,7,1,5,1,1312,922,64,326
2020-07-06,10,1,5,4,1322,927,65,330
2020-07-07,6,0,9,-3,1328,936,65,327
2020-07-08,12,0,14,-2,1340,950,65,325
2020-07-09,11,1,23,-13,1351,973,66,312
2020-07-10,8,0,22,-14,1359,995,66,298
2020-07-11,4,0,13,-9,1363,1008,66,289
2020-07-12,12,0,6,6,1375,1014,66,295
2020-07-13,8,3,3,2,1383,1017,69,297
2020-07-14,7,0,6,1,1390,1023,69,298
2020-07-15,3,0,6,-3,1393,1029,69,295
2020-07-16,15,0,10,5,1408,1039,69,300
2020-07-17,8,0,4,4,1416,1043,69,304
2020-07-18,7,0,9,-2,1423,1052,69,302
2020-07-19,10,3,3,4,1433,1055,72,306
2020-07-20,6,0,19,-13,1439,1074,72,293
2020-07-21,7,0,19,-12,1446,1093,72,281
2020-07-22,2,0,13,-11,1448,1106,72,270
2020-07-23,7,0,4,3,1455,1110,72,273
2020-07-24,10,0,10,0,1465,1120,72,273
2020-07-25,4,1,9,-6,1469,1129,73,267
2020-07-26,9,0,3,6,1478,1132,73,273
2020-07-27,5,0,20,-15,1483,1152,73,258
2020-07-28,8,0,14,-6,1491,1166,73,252
2020-07-29,10,1,21,-12,1501,1187,74,240
2020-07-30,22,3,14,5,1523,1201,77,245
2020-07-31,27,1,8,18,1550,1209,78,263
2020-08-01,17,0,34,-17,1567,1243,78,246
2020-08-02,8,1,10,-3,1575,1253,79,243
2020-08-03,17,0,10,7,1592,1263,79,250
2020-08-04,27,0,13,14,1619,1276,79,264
2020-08-05,19,0,12,7,1638,1288,79,271
2020-08-06,22,2,12,8,1660,1300,81,279
2020-08-07,31,0,14,17,1691,1314,81,296
2020-08-08,19,0,19,0,1710,1333,81,296
2020-08-09,24,0,7,17,1734,1340,81,313
2020-08-10,20,1,31,-12,1754,1371,82,301
2020-08-11,12,2,14,-4,1766,1385,84,297
2020-08-12,26,1,15,10,1792,1400,85,307
2020-08-13,21,2,13,6,1813,1413,87,313
2020-08-14,14,2,5,7,1827,1418,89,320
2020-08-15,15,1,31,-17,1842,1449,90,303
2020-08-16,29,0,16,13,1871,1465,90,316
2020-08-17,15,0,6,9,1886,1471,90,325
2020-08-18,48,0,23,25,1934,1494,90,350
2020-08-19,38,1,10,27,1972,1504,91,377
2020-08-20,17,2,30,-15,1989,1534,93,362
2020-08-21,30,1,29,0,2019,1563,94,362
2020-08-22,38,2,20,16,2057,1583,96,378
2020-08-23,32,1,41,-10,2089,1624,97,368
2020-08-24,60,3,23,34,2149,1647,100,402
2020-08-25,28,0,44,-16,2177,1691,100,386
2020-08-26,23,0,25,-2,2200,1716,100,384
2020-08-27,49,1,99,-51,2249,1815,101,333
2020-08-28,42,2,55,-15,2291,1870,103,318
2020-08-29,53,2,19,32,2344,1889,105,350
2020-08-30,22,0,13,9,2366,1902,105,359
2020-08-31,13,2,39,-28,2379,1941,107,331
2020-09-01,17,1,52,-36,2396,1993,108,295
2020-09-02,43,0,25,18,2439,2018,108,313
2020-09-03,27,3,91,-67,2466,2109,111,246
2020-09-04,19,0,41,-22,2485,2150,111,224
2020-09-05,37,0,35,2,2522,2185,111,226
2020-09-06,85,2,40,43,2607,2225,113,269
2020-09-07,75,1,42,32,2682,2267,114,301
2020-09-08,45,2,38,5,2727,2305,116,306
2020-09-09,35,5,46,-16,2762,2351,121,290
2020-09-10,42,4,54,-16,2804,2405,125,274
2020-09-11,48,4,67,-23,2852,2472,129,251
2020-09-12,23,1,35,-13,2875,2507,130,238
2020-09-13,50,0,23,27,2925,2530,130,265
2020-09-14,56,1,61,-6,2981,2591,131,259
2020-09-15,51,2,39,10,3032,2630,133,269
2020-09-16,116,1,62,53,3148,2692,134,322
2020-09-17,100,3,27,70,3248,2719,137,392
2020-09-18,90,0,53,37,3338,2772,137,429
2020-09-19,84,0,63,21,3422,2835,137,450
2020-09-20,117,0,122,-5,3539,2957,137,445
2020-09-21,97,1,217,-121,3636,3174,138,324
2020-09-22,109,4,49,56,3745,3223,142,380
2020-09-23,174,2,128,44,3919,3351,144,424
2020-09-24,102,3,47,52,4021,3398,147,476
2020-09-25,86,2,137,-53,4107,3535,149,423
2020-09-26,135,0,157,-22,4242,3692,149,401
2020-09-27,106,1,65,40,4348,3757,150,441
2020-09-28,129,2,98,29,4477,3855,152,470
2020-09-29,85,7,226,-148,4562,4081,159,322
2020-09-30,144,1,110,33,4706,4191,160,355
2020-10-01,102,4,110,-12,4808,4301,164,343
2020-10-02,82,0,165,-83,4890,4466,164,260
2020-10-03,134,5,96,33,5024,4562,169,293
2020-10-04,168,1,94,73,5192,4656,170,366
2020-10-05,110,1,149,-40,5302,4805,171,326
2020-10-06,77,2,124,-49,5379,4929,173,277
2020-10-07,46,3,56,-13,5425,4985,176,264
2020-10-08,81,0,99,-18,5506,5084,176,246
2020-10-09,88,1,87,0,5594,5171,177,246
2020-10-10,130,2,95,33,5724,5266,179,279
2020-10-11,78,1,70,7,5802,5336,180,286
2020-10-12,67,3,115,-51,5869,5451,183,235
2020-10-13,79,3,65,11,5948,5516,186,246
2020-10-14,94,1,66,27,6042,5582,187,273
2020-10-15,93,3,78,12,6135,5660,190,285
2020-10-16,114,2,61,51,6249,5721,192,336
2020-10-17,127,2,53,72,6376,5774,194,408
2020-10-18,130,3,48,79,6506,5822,197,487
2020-10-19,121,4,97,20,6627,5919,201,507
2020-10-20,88,1,145,-58,6715,6064,202,449
2020-10-21,171,4,48,119,6886,6112,206,568
2020-10-22,220,2,113,105,7106,6225,208,673
2020-10-23,145,3,71,71,7251,6296,211,744
2020-10-24,102,1,112,-11,7353,6408,212,733
2020-10-25,188,2,119,67,7541,6527,214,800
2020-10-26,101,0,76,25,7642,6603,214,825
2020-10-27,97,4,88,5,7739,6691,218,830
2020-10-28,95,4,92,-1,7834,6783,222,829
2020-10-29,50,3,127,-80,7884,6910,225,749
2020-10-30,70,3,106,-39,7954,7016,228,710
2020-10-31,48,1,63,-16,8002,7079,229,694
2020-11-01,69,2,53,14,8071,7132,231,708
2020-11-02,74,0,59,15,8145,7191,231,723
2020-11-03,61,3,94,-36,8206,7285,234,687
2020-11-04,73,1,50,22,8279,7335,235,709
2020-11-05,51,0,67,-16,8330,7402,235,693
2020-11-06,81,2,69,10,8411,7471,237,703
2020-11-07,89,7,64,18,8500,7535,244,721
2020-11-08,48,2,28,18,8548,7563,246,739
2020-11-09,121,1,67,53,8669,7630,247,792
2020-11-10,55,2,63,-10,8724,7693,249,782
2020-11-11,124,3,42,79,8848,7735,252,861
2020-11-12,100,3,62,35,8948,7797,255,896
2020-11-13,111,0,34,77,9059,7831,255,973
2020-11-14,167,3,56,108,9226,7887,258,1081
2020-11-15,159,3,66,90,9385,7953,261,1171
2020-11-16,0,3,81,-84,9385,8034,264,1087
2020-11-17,0,6,98,-104,9385,8132,270,983
2020-11-18,47,3,92,-48,9432,8224,273,935
2020-11-19,115,3,124,-12,9547,8348,276,923
2020-11-20,73,1,89,-17,9620,8437,277,906
2020-11-21,104,10,116,-22,9724,8553,287,884
2020-11-22,60,1,72,-13,9784,8625,288,871
2020-11-23,120,2,116,2,9904,8741,290,873
2020-11-24,113,5,93,15,10017,8834,295,888
2020-11-25,102,5,91,6,10119,8925,300,894
2020-11-26,121,4,85,32,10240,9010,304,926
2020-11-27,191,4,89,98,10431,9099,308,1024
2020-11-28,234,1,71,162,10665,9170,309,1186
2020-11-29,151,3,114,34,10816,9284,312,1220
2020-11-30,262,4,91,167,11078,9375,316,1387
2020-12-01,154,1,106,47,11232,9481,317,1434
2020-12-02,121,4,92,25,11353,9573,321,1459
2020-12-03,131,2,113,16,11484,9686,323,1475
2020-12-04,103,3,81,19,11587,9767,326,1494
2020-12-05,90,5,120,-35,11677,9887,331,1459
2020-12-06,77,3,142,-68,11754,10029,334,1391
2020-12-07,76,7,148,-79,11830,10177,341,1312
2020-12-08,88,4,140,-56,11918,10317,345,1256
2020-12-09,129,3,134,-8,12047,10451,348,1248
2020-12-10,138,5,152,-19,12185,10603,353,1229
2020-12-11,192,4,126,62,12377,10729,357,1291
2020-12-12,204,4,152,48,12581,10881,361,1339
2020-12-13,136,2,88,46,12717,10969,363,1385
2020-12-14,138,3,124,11,12855,11093,366,1396
2020-12-15,166,4,129,33,13021,11222,370,1429
2020-12-16,176,5,110,61,13197,11332,375,1490
2020-12-17,181,4,118,59,13378,11450,379,1549
2020-12-18,156,8,107,41,13534,11557,387,1590
2020-12-19,181,7,153,21,13715,11710,394,1611
2020-12-20,147,2,147,-2,13862,11857,396,1609
2020-12-21,158,4,136,18,14020,11993,400,1627
2020-12-22,192,4,132,56,14212,12125,404,1683
2020-12-23,186,5,123,58,14398,12248,409,1741
2020-12-24,119,3,141,-25,14517,12389,412,1716
2020-12-25,108,5,164,-61,14625,12553,417,1655
2020-12-26,142,6,142,-6,14767,12695,423,1649
2020-12-27,124,4,136,-16,14891,12831,427,1633
2020-12-28,104,3,183,-82,14995,13014,430,1551
2020-12-29,102,6,111,-15,15097,13125,436,1536
2020-12-30,172,5,145,22,15269,13270,441,1558
2020-12-31,270,2,144,124,15539,13414,443,1682
2021-01-01,287,12,161,114,15826,13575,455,1796
2021-01-02,246,7,296,-57,16072,13871,462,1739
2021-01-03,136,2,116,18,16208,13987,464,1757
2021-01-04,158,4,232,-78,16366,14219,468,1679
2021-01-05,164,6,180,-22,16530,14399,474,1657
2021-01-06,189,3,118,68,16719,14517,477,1725
2021-01-07,297,6,188,103,17016,14705,483,1828
2021-01-08,193,5,186,2,17209,14891,488,1830
2021-01-09,209,5,142,62,17418,15033,493,1892
2021-01-10,217,6,187,24,17635,15220,499,1916
2021-01-11,142,5,161,-24,17777,15381,504,1892
2021-01-12,174,19,528,-373,17951,15909,523,1519
2021-01-13,151,7,203,-59,18102,16112,530,1460
2021-01-14,131,4,189,-62,18233,16301,534,1398
2021-01-15,217,9,247,-39,18450,16548,543,1359
2021-01-16,257,3,154,100,18707,16702,546,1459
2021-01-17,283,5,172,106,18990,16874,551,1565
2021-01-18,245,3,381,-139,19235,17255,554,1426
2021-01-19,183,0,247,-64,19418,17502,554,1362
2021-01-20,286,6,205,75,19704,17707,560,1437
2021-01-21,237,2,146,89,19941,17853,562,1526
2021-01-22,266,3,208,55,20207,18061,565,1581
2021-01-23,296,7,182,107,20503,18243,572,1688
2021-01-24,325,3,141,181,20828,18384,575,1869
2021-01-25,259,4,145,110,21087,18529,579,1979
2021-01-26,416,6,284,126,21503,18813,585,2105
2021-01-27,241,3,119,119,21744,18932,588,2224
2021-01-28,44,6,518,-480,21788,19450,594,1744
2021-01-29,263,3,243,17,22051,19693,597,1761
2021-01-30,300,3,120,177,22351,19813,600,1938
2021-01-31,273,4,186,83,22624,19999,604,2021
2021-02-01,33,4,139,-110,22657,20138,608,1911
2021-02-02,30,18,489,-477,22687,20627,626,1434
2021-02-03,87,3,256,-172,22774,20883,629,1262
2021-02-04,23,4,176,-157,22797,21059,633,1105
2021-02-05,55,4,142,-91,22852,21201,637,1014
2021-02-06,47,4,221,-178,22899,21422,641,836
2021-02-07,91,4,148,-61,22990,21570,645,775
2021-02-08,42,11,512,-481,23032,22082,656,294
2021-02-09,65,2,242,-179,23097,22324,658,115
2021-02-10,31,3,176,-148,23128,22500,661,-33
2021-02-11,27,3,160,-136,23155,22660,664,-169
2021-02-12,122,1,111,10,23277,22771,665,-159
2021-02-13,95,7,299,-211,23372,23070,672,-370
2021-02-14,59,4,133,-78,23431,23203,676,-448
2021-02-15,146,5,222,-81,23577,23425,681,-529
2021-02-16,351,9,205,137,23928,23630,690,-392
2021-02-17,262,4,190,68,24190,23820,694,-324
2021-02-18,68,9,278,-219,24258,24098,703,-543
2021-02-19,63,2,293,-232,24321,24391,705,-775
2021-02-20,59,6,121,-68,24380,24512,711,-843
2021-02-21,249,5,93,151,24629,24605,716,-692
2021-02-22,95,3,214,-122,24724,24819,719,-814
2021-02-23,108,5,277,-174,24832,25096,724,-988
2021-02-24,35,7,150,-122,24867,25246,731,-1110
2021-02-25,211,3,179,29,25078,25425,734,-1081
2021-02-26,236,2,234,0,25314,25659,736,-1081
2021-02-27,37,6,150,-119,25351,25809,742,-1200
2021-02-28,46,4,178,-136,25397,25987,746,-1336
2021-03-01,21,3,159,-141,25418,26146,749,-1477
2021-03-02,97,2,159,-64,25515,26305,751,-1541
2021-03-03,73,5,217,-149,25588,26522,756,-1690
2021-03-04,11,5,228,-222,25599,26750,761,-1912
2021-03-05,515,6,156,353,26114,26906,767,-1559
2021-03-06,10,2,79,-71,26124,26985,769,-1630
2021-03-07,12,3,117,-108,26136,27102,772,-1738
2021-03-08,463,4,175,284,26599,27277,776,-1454
2021-03-09,78,2,241,-165,26677,27518,778,-1619
2021-03-10,107,1,134,-28,26784,27652,779,-1647
2021-03-11,37,1,174,-138,26821,27826,780,-1785
2021-03-12,377,6,73,298,27198,27899,786,-1487
2021-03-13,199,0,76,123,27397,27975,786,-1364
2021-03-14,253,2,58,193,27650,28033,788,-1171
2021-03-15,228,2,103,123,27878,28136,790,-1048
2021-03-16,154,2,112,40,28032,28248,792,-1008
2021-03-17,691,2,226,463,28723,28474,794,-545
2021-03-18,238,3,69,166,28961,28543,797,-379
2021-03-19,262,5,74,183,29223,28617,802,-196
2021-03-20,192,2,62,128,29415,28679,804,-68
2021-03-21,211,0,38,173,29626,28717,804,105
2021-03-22,440,0,39,401,30066,28756,804,506
2021-03-23,298,1,64,233,30364,28820,805,739
2021-03-24,259,1,138,120,30623,28958,806,859
2021-03-25,91,0,41,50,30714,28999,806,909
2021-03-26,176,2,45,129,30890,29044,808,1038
2021-03-27,220,0,71,149,31110,29115,808,1187
2021-03-28,79,0,27,52,31189,29142,808,1239
2021-03-29,328,1,78,249,31517,29220,809,1488
2021-03-30,319,1,76,242,31836,29296,810,1730
2021-03-31,761,3,566,192,32597,29862,813,1922
2021-04-01,724,9,605,110,33321,30467,822,2032
2021-04-02,675,6,295,374,33996,30762,828,2406
2021-04-03,749,6,135,608,34745,30897,834,3014
2021-04-04,2081,115,3987,-2021,36826,34884,949,993
2021-04-05,156,0,77,79,36982,34961,949,1072
2021-04-06,60,0,3,57,37042,34964,949,1129
2021-04-07,137,1,97,39,37179,35061,950,1168
2021-04-08,91,1,32,58,37270,35093,951,1226
2021-04-09,115,2,44,69,37385,35137,953,1295
2021-04-10,82,2,18,62,37467,35155,955,1357
2021-04-11,105,1,40,64,37572,35195,956,1421
2021-04-12,331,2,132,197,37903,35327,958,1618
2021-04-13,183,1,110,72,38086,35437,959,1690
2021-04-14,86,1,70,15,38172,35507,960,1705
2021-04-15,81,0,65,16,38253,35572,960,1721
2021-04-16,152,3,48,101,38405,35620,963,1822
2021-04-17,102,9,68,25,38507,35688,972,1847
2021-04-18,50,0,170,-120,38557,35858,972,1727
2021-04-19,75,1,34,40,38632,35892,973,1767
2021-04-20,109,1,30,78,38741,35922,974,1845
2021-04-21,60,1,145,-86,38801,36067,975,1759
2021-04-22,84,0,76,8,38885,36143,975,1767
2021-04-23,138,2,85,51,39023,36228,977,1818
2021-04-24,46,0,109,-63,39069,36337,977,1755
2021-04-25,41,2,125,-86,39110,36462,979,1669
2021-04-26,134,1,158,-25,39244,36620,980,1644
2021-04-27,131,0,134,-3,39375,36754,980,1641
2021-04-28,42,0,53,-11,39417,36807,980,1630
2021-04-29,80,0,122,-42,39497,36929,980,1588
2021-04-30,54,8,25,21,39551,36954,988,1609
2021-05-01,53,0,23,30,39604,36977,988,1639
2021-05-02,55,2,56,-3,39659,37033,990,1636
2021-05-03,126,0,38,88,39785,37071,990,1724
2021-05-04,112,3,133,-24,39897,37204,993,1700
2021-05-05,73,3,165,-95,39970,37369,996,1605
2021-05-06,65,1,32,32,40035,37401,997,1637
2021-05-07,68,0,40,28,40103,37441,997,1665
2021-05-08,81,4,26,51,40184,37467,1001,1716
2021-05-09,61,0,123,-62,40245,37590,1001,1654
2021-05-10,75,3,68,4,40320,37658,1004,1658
2021-05-11,67,1,42,24,40387,37700,1005,1682
2021-05-12,43,0,21,22,40430,37721,1005,1704
2021-05-13,25,0,1,24,40455,37722,1005,1728
2021-05-14,31,0,15,16,40486,37737,1005,1744
2021-05-15,16,0,92,-76,40502,37829,1005,1668
2021-05-16,37,2,34,1,40539,37863,1007,1669
2021-05-17,31,1,260,-230,40570,38123,1008,1439
2021-05-18,19,2,0,17,40589,38123,1010,1456
2021-05-19,42,0,49,-7,40631,38172,1010,1449
2021-05-20,69,1,257,-189,40700,38429,1011,1260
2021-05-21,52,2,67,-17,40752,38496,1013,1243
2021-05-22,56,4,81,-29,40808,38577,1017,1214
2021-05-23,36,2,44,-10,40844,38621,1019,1204
2021-05-24,49,1,43,5,40893,38664,1020,1209
2021-05-25,89,2,8,79,40982,38672,1022,1288
2021-05-26,44,0,20,24,41026,38692,1022,1312
2021-05-27,156,2,38,116,41182,38730,1024,1428
2021-05-28,53,2,57,-6,41235,38787,1026,1422
2021-05-29,72,3,56,13,41307,38843,1029,1435
2021-05-30,46,0,48,-2,41353,38891,1029,1433
2021-05-31,137,2,241,-106,41490,39132,1031,1327
2021-06-01,101,1,25,75,41591,39157,1032,1402
2021-06-02,59,0,42,17,41650,39199,1032,1419
2021-06-03,62,2,77,-17,41712,39276,1034,1402
2021-06-04,83,3,23,57,41795,39299,1037,1459
2021-06-05,67,1,27,39,41862,39326,1038,1498
2021-06-06,38,0,26,12,41900,39352,1038,1510
2021-06-07,69,0,38,31,41969,39390,1038,1541
2021-06-08,142,3,79,60,42111,39469,1041,1601
2021-06-09,103,1,23,79,42214,39492,1042,1680
2021-06-10,188,4,43,141,42402,39535,1046,1821
2021-06-11,214,1,151,62,42616,39686,1047,1883
2021-06-12,214,3,71,140,42830,39757,1050,2023
2021-06-13,198,4,46,148,43028,39803,1054,2171
2021-06-14,216,3,44,169,43244,39847,1057,2340
2021-06-15,105,1,48,56,43349,39895,1058,2396
2021-06-16,123,3,33,87,43472,39928,1061,2483
2021-06-17,134,5,29,100,43606,39957,1066,2583
2021-06-18,230,1,151,78,43836,40108,1067,2661
2021-06-19,225,6,88,131,44061,40196,1073,2792
2021-06-20,228,4,121,103,44289,40317,1077,2895
2021-06-21,333,7,72,254,44622,40389,1084,3149
2021-06-22,280,4,204,72,44902,40593,1088,3221
2021-06-23,195,8,204,-17,45097,40797,1096,3204
2021-06-24,599,5,180,414,45696,40977,1101,3618
2021-06-25,313,5,26,282,46009,41003,1106,3900
2021-06-26,266,4,19,243,46275,41022,1110,4143
2021-06-27,586,13,261,312,46861,41283,1123,4455
2021-06-28,402,6,164,232,47263,41447,1129,4687
2021-06-29,499,9,171,319,47762,41618,1138,5006
2021-06-30,465,17,59,389,48227,41677,1155,5395
2021-07-01,258,2,18,238,48485,41695,1157,5633
2021-07-02,302,5,19,278,48787,41714,1162,5911
2021-07-03,715,7,19,689,49502,41733,1169,6600
2021-07-04,621,17,21,583,50123,41754,1186,7183
2021-07-05,541,3,23,515,50664,41777,1189,7698
2021-07-06,457,6,258,193,51121,42035,1195,7891
2021-07-07,612,13,166,433,51733,42201,1208,8324
2021-07-08,402,5,138,259,52135,42339,1213,8583
2021-07-09,468,4,47,417,52603,42386,1217,9000
2021-07-10,532,8,429,95,53135,42815,1225,9095
2021-07-11,587,9,260,318,53722,43075,1234,9413
2021-07-12,2383,8,318,2057,56105,43393,1242,11470
2021-07-13,3937,2,870,3065,60042,44263,1244,14535
2021-07-14,3504,21,355,3128,63546,44618,1265,17663
2021-07-15,3852,9,789,3054,67398,45407,1274,20717
2021-07-16,3646,18,709,2919,71044,46116,1292,23636
2021-07-17,3379,12,419,2948,74423,46535,1304,26584
2021-07-18,3097,9,295,2793,77520,46830,1313,29377
2021-07-19,2131,5,366,1760,79651,47196,1318,31137
2021-07-20,2843,10,458,2375,82494,47654,1328,33512
2021-07-21,1893,29,1234,630,84387,48888,1357,34142
2021-07-22,3304,19,712,2573,87691,49600,1376,36715
2021-07-23,2356,22,416,1918,90047,50016,1398,38633
2021-07-24,2028,15,411,1602,92075,50427,1413,40235
2021-07-25,1416,15,476,925,93491,50903,1428,41160
2021-07-26,857,10,721,126,94348,51624,1438,41286
2021-07-27,1597,35,860,702,95945,52484,1473,41988
2021-07-28,1624,39,1556,29,97569,54040,1512,42017
2021-07-29,1451,27,3817,-2393,99020,57857,1539,39624
2021-07-30,1193,54,2276,-1137,100213,60133,1593,38487
2021-07-31,1358,77,3893,-2612,101571,64026,1670,35875
2021-08-01,1086,72,7649,-6635,102657,71675,1742,29240
2021-08-02,1025,89,3093,-2157,103682,74768,1831,27083
2021-08-03,1353,83,1248,22,105035,76016,1914,27105
2021-08-04,881,76,2282,-1477,105916,78298,1990,25628
2021-08-05,862,16,740,106,106778,79038,2006,25734
2021-08-06,957,15,6650,-5708,107735,85688,2021,20026
2021-08-07,791,14,2434,-1657,108526,88122,2035,18369
2021-08-08,432,24,2017,-1609,108958,90139,2059,16760
2021-08-09,321,31,2403,-2113,109279,92542,2090,14647
2021-08-10,813,14,1471,-672,110092,94013,2104,13975
2021-08-11,652,29,1193,-570,110744,95206,2133,13405
2021-08-12,381,23,342,16,111125,95548,2156,13421
2021-08-13,682,17,3590,-2925,111807,99138,2173,10496
2021-08-14,589,17,986,-414,112396,100124,2190,10082
2021-08-15,367,23,1362,-1018,112763,101486,2213,9064
2021-08-16,194,20,1320,-1146,112957,102806,2233,7918
2021-08-17,370,13,1283,-926,113327,104089,2246,6992
2021-08-18,191,14,591,-414,113518,104680,2260,6578
2021-08-19,335,15,389,-69,113853,105069,2275,6509
2021-08-20,418,3,444,-29,114271,105513,2278,6480
2021-08-21,311,6,144,161,114582,105657,2284,6641
2021-08-22,155,1,811,-657,114737,106468,2285,5984
2021-08-23,108,9,896,-797,114845,107364,2294,5187
2021-08-24,347,8,306,33,115192,107670,2302,5220
2021-08-25,320,8,511,-199,115512,108181,2310,5021
2021-08-26,227,7,865,-645,115739,109046,2317,4376
2021-08-27,265,6,385,-126,116004,109431,2323,4250
2021-08-28,213,4,472,-263,116217,109903,2327,3987
2021-08-29,176,3,91,82,116393,109994,2330,4069
2021-08-30,98,7,903,-812,116491,110897,2337,3257
2021-08-31,249,3,465,-219,116740,111362,2340,3038
2021-09-01,170,4,316,-150,116910,111678,2344,2888
2021-09-02,168,3,173,-8,117078,111851,2347,2880
2021-09-03,124,3,200,-79,117202,112051,2350,2801
2021-09-04,144,1,302,-159,117346,112353,2351,2642
2021-09-05,98,1,96,1,117444,112449,2352,2643
2021-09-06,97,3,217,-123,117541,112666,2355,2520
2021-09-07,79,1,346,-268,117620,113012,2356,2252
2021-09-08,104,4,293,-193,117724,113305,2360,2059
2021-09-09,126,2,250,-126,117850,113555,2362,1933
2021-09-10,72,1,214,-143,117922,113769,2363,1790
2021-09-11,70,2,58,10,117992,113827,2365,1800
2021-09-12,48,3,119,-74,118040,113946,2368,1726
2021-09-13,31,0,134,-103,118071,114080,2368,1623
2021-09-14,76,1,196,-121,118147,114276,2369,1502
2021-09-15,60,0,61,-1,118207,114337,2369,1501
2021-09-16,39,5,376,-342,118246,114713,2374,1159
2021-09-17,49,3,42,4,118295,114755,2377,1163
2021-09-18,78,1,89,-12,118373,114844,2378,1151
2021-09-19,69,0,168,-99,118442,115012,2378,1052
2021-09-20,33,2,70,-39,118475,115082,2380,1013
2021-09-21,84,3,296,-215,118559,115378,2383,798
2021-09-22,76,0,61,15,118635,115439,2383,813
2021-09-23,73,1,74,-2,118708,115513,2384,811
2021-09-24,68,1,24,43,118776,115537,2385,854
2021-09-25,42,2,34,6,118818,115571,2387,860
2021-09-26,47,1,39,7,118865,115610,2388,867
2021-09-27,24,0,43,-19,118889,115653,2388,848
2021-09-28,43,1,36,6,118932,115689,2389,854
2021-09-29,46,1,47,-2,118978,115736,2390,852
2021-09-30,59,1,85,-27,119037,115821,2391,825
2021-10-01,71,2,47,22,119108,115868,2393,847
2021-10-02,49,1,51,-3,119157,115919,2394,844
2021-10-03,50,0,22,28,119207,115941,2394,872
2021-10-04,17,1,32,-16,119224,115973,2395,856
2021-10-05,39,0,119,-80,119263,116092,2395,776
2021-10-06,33,1,36,-4,119296,116128,2396,772
2021-10-07,41,0,25,16,119337,116153,2396,788
2021-10-08,39,0,102,-63,119376,116255,2396,725
2021-10-09,37,0,51,-14,119413,116306,2396,711
2021-10-10,13,0,37,-24,119426,116343,2396,687
2021-10-11,17,0,24,-7,119443,116367,2396,680
2021-10-12,24,0,29,-5,119467,116396,2396,675
2021-10-13,34,2,13,19,119501,116409,2398,694
2021-10-14,33,0,18,15,119534,116427,2398,709
2021-10-15,26,1,18,7,119560,116445,2399,716
2021-10-16,25,0,140,-115,119585,116585,2399,601
2021-10-17,20,1,28,-9,119605,116613,2400,592
2021-10-18,17,0,15,2,119622,116628,2400,594
2021-10-19,26,1,17,8,119648,116645,2401,602
2021-10-20,20,1,126,-107,119668,116771,2402,495
2021-10-21,19,0,67,-48,119687,116838,2402,447
2021-10-22,16,1,25,-10,119703,116863,2403,437
2021-10-23,24,0,19,5,119727,116882,2403,442
2021-10-24,18,0,144,-126,119745,117026,2403,316
2021-10-25,11,0,12,-1,119756,117038,2403,315
2021-10-26,20,1,49,-30,119776,117087,2404,285
2021-10-27,29,0,12,17,119805,117099,2404,302
2021-10-28,15,0,7,8,119820,117106,2404,310
2021-10-29,28,0,18,10,119848,117124,2404,320
2021-10-30,18,0,27,-9,119866,117151,2404,311
2021-10-31,28,1,14,13,119894,117165,2405,324
2021-11-01,10,0,10,0,119904,117175,2405,324
2021-11-02,28,0,49,-21,119932,117224,2405,303
2021-11-03,23,0,13,10,119955,117237,2405,313
2021-11-04,23,0,14,9,119978,117251,2405,322
2021-11-05,18,0,31,-13,119996,117282,2405,309
2021-11-06,20,0,18,2,120016,117300,2405,311
2021-11-07,9,0,8,1,120025,117308,2405,312
2021-11-08,23,0,4,19,120048,117312,2405,331
2021-11-09,16,0,9,7,120064,117321,2405,338
2021-11-10,9,0,10,-1,120073,117331,2405,337
2021-11-11,19,0,53,-34,120092,117384,2405,303
2021-11-12,16,0,11,5,120108,117395,2405,308
2021-11-13,4,0,5,-1,120112,117400,2405,307
2021-11-14,4,0,10,-6,120116,117410,2405,301
2021-11-15,9,0,13,-4,120125,117423,2405,297
2021-11-16,6,0,16,-10,120131,117439,2405,287
2021-11-17,11,0,1,10,120142,117440,2405,297
2021-11-18,2,0,16,-14,120144,117456,2405,283
2021-11-19,5,0,14,-9,120149,117470,2405,274
2021-11-20,6,0,19,-13,120155,117489,2405,261
2021-11-21,9,0,7,2,120164,117496,2405,263
2021-11-22,3,0,4,-1,120167,117500,2405,262
2021-11-23,8,1,4,3,120175,117504,2406,265
2021-11-24,10,0,8,2,120185,117512,2406,267
2021-11-25,9,0,8,1,120194,117520,2406,268
2021-11-26,14,1,103,-90,120208,117623,2407,178
2021-11-27,4,0,3,1,120212,117626,2407,179
2021-11-28,7,0,1,6,120219,117627,2407,185
2021-11-29,6,0,3,3,120225,117630,2407,188
2021-11-30,4,0,10,-6,120229,117640,2407,182
2021-12-01,1,1,1,-1,120230,117641,2408,181
2021-12-02,15,0,24,-9,120245,117665,2408,172
2021-12-03,6,0,2,4,120251,117667,2408,176
2021-12-04,5,0,12,-7,120256,117679,2408,169
2021-12-05,7,0,4,3,120263,117683,2408,172
2021-12-06,2,0,1,1,120265,117684,2408,173
2021-12-07,7,0,11,-4,120272,117695,2408,169
2021-12-08,3,0,15,-12,120275,117710,2408,157
2021-12-09,5,0,6,-1,120280,117716,2408,156
2021-12-10,4,1,7,-4,120284,117723,2409,152
2021-12-11,7,0,3,4,120291,117726,2409,156
2021-12-12,7,0,3,4,120298,117729,2409,160
2021-12-13,3,1,7,-5,120301,117736,2410,155
2021-12-14,5,1,6,-2,120306,117742,2411,153
2021-12-15,2,0,4,-2,120308,117746,2411,151
2021-12-16,2,0,6,-4,120310,117752,2411,147
2021-12-17,4,0,7,-3,120314,117759,2411,144
2021-12-18,3,0,35,-32,120317,117794,2411,112
2021-12-19,3,0,4,-1,120320,117798,2411,111
2021-12-20,0,0,6,-6,120320,117804,2411,105
2021-12-21,10,0,2,8,120330,117806,2411,113
2021-12-22,9,0,2,7,120339,117808,2411,120
2021-12-23,3,0,7,-4,120342,117815,2411,116
2021-12-24,4,0,5,-1,120346,117820,2411,115
2021-12-25,3,2,4,-3,120349,117824,2413,112
2021-12-26,2,0,6,-4,120351,117830,2413,108
2021-12-27,3,0,9,-6,120354,117839,2413,102
2021-12-28,7,0,5,2,120361,117844,2413,104
2021-12-29,5,0,6,-1,120366,117850,2413,103
2021-12-30,6,0,3,3,120372,117853,2413,106
2021-12-31,4,0,3,1,120376,117856,2413,107
2022-01-01,8,0,5,3,120384,117861,2413,110
2022-01-02,7,0,3,4,120391,117864,2413,114
2022-01-03,7,1,2,4,120398,117866,2414,118
2022-01-04,11,0,2,9,120409,117868,2414,127
2022-01-05,8,0,6,2,120417,117874,2414,129
2022-01-06,21,0,1,20,120438,117875,2414,149
2022-01-07,30,0,4,26,120468,117879,2414,175
2022-01-08,33,0,6,27,120501,117885,2414,202
2022-01-09,21,0,7,14,120522,117892,2414,216
2022-01-10,14,0,4,10,120536,117896,2414,226
2022-01-11,43,0,10,33,120579,117906,2414,259
2022-01-12,57,0,3,54,120636,117909,2414,313
2022-01-13,54,0,15,39,120690,117924,2414,352
2022-01-14,89,2,5,82,120779,117929,2416,434
2022-01-15,107,0,12,95,120886,117941,2416,529
2022-01-16,77,0,7,70,120963,117948,2416,599
2022-01-17,89,0,16,73,121052,117964,2416,672
2022-01-18,203,4,17,182,121255,117981,2420,854
2022-01-19,207,1,20,186,121462,118001,2421,1040
2022-01-20,276,0,34,242,121738,118035,2421,1282
2022-01-21,340,0,26,314,122078,118061,2421,1596
2022-01-22,451,0,34,417,122529,118095,2421,2013
2022-01-23,454,0,18,436,122983,118113,2421,2449
2022-01-24,311,1,49,261,123294,118162,2422,2710
2022-01-25,842,1,40,801,124136,118202,2423,3511
2022-01-26,1130,0,95,1035,125266,118297,2423,4546
2022-01-27,1287,0,107,1180,126553,118404,2423,5726
2022-01-28,1751,0,88,1663,128304,118492,2423,7389
2022-01-29,1903,1,87,1815,130207,118579,2424,9204
2022-01-30,1693,0,287,1406,131900,118866,2424,10610
2022-01-31,1525,0,476,1049,133425,119342,2424,11659
2022-02-01,2463,1,253,2209,135888,119595,2425,13868
2022-02-02,2452,1,224,2227,138340,119819,2426,16095
2022-02-03,4311,2,541,3768,142651,120360,2428,19863
2022-02-04,4372,1,550,3821,147023,120910,2429,23684
2022-02-05,4992,2,413,4577,152015,121323,2431,28261
2022-02-06,4648,2,659,3987,156663,121982,2433,32248
2022-02-07,3194,4,1252,1938,159857,123234,2437,34186
2022-02-08,5138,3,1496,3639,164995,124730,2440,37825
2022-02-09,5999,5,1293,4701,170994,126023,2445,42526
2022-02-10,4977,4,1467,3506,175971,127490,2449,46032
2022-02-11,5150,3,1909,3238,181121,129399,2452,49270
2022-02-12,7192,5,1280,5907,188313,130679,2457,55177
2022-02-13,5547,8,2781,2758,193860,133460,2465,57935
2022-02-14,3991,7,3662,322,197851,137122,2472,58257
2022-02-15,6508,2,3343,3163,204359,140465,2474,61420
2022-02-16,6787,6,3797,2984,211146,144262,2480,64404
2022-02-17,6411,8,4308,2095,217557,148570,2488,66499
2022-02-18,5231,5,3869,1357,222788,152439,2493,67856
2022-02-19,4468,8,4013,447,227256,156452,2501,68303
2022-02-20,3600,8,2853,739,230856,159305,2509,69042
2022-02-21,2609,1,4278,-1670,233465,163583,2510,67372
2022-02-22,3949,12,5585,-1648,237414,169168,2522,65724
2022-02-23,3983,5,4633,-655,241397,173801,2527,65069
2022-02-24,3341,6,4584,-1249,244738,178385,2533,63820
2022-02-25,2689,5,22547,-19863,247427,200932,2538,43957
2022-02-26,2390,8,4559,-2177,249817,205491,2546,41780
2022-02-27,1926,6,4260,-2340,251743,209751,2552,39440
2022-02-28,1047,7,4686,-3646,252790,214437,2559,35794
2022-03-01,1084,9,3731,-2656,253874,218168,2568,33138
2022-03-02,1781,7,3105,-1331,255655,221273,2575,31807
2022-03-03,1725,4,2904,-1183,257380,224177,2579,30624
2022-03-04,1048,4,2983,-1939,258428,227160,2583,28685
2022-03-05,1490,2,3232,-1744,259918,230392,2585,26941
2022-03-06,1198,3,2140,-945,261116,232532,2588,25996
2022-03-07,865,2,1350,-487,261981,233882,2590,25509
2022-03-08,1419,6,2225,-812,263400,236107,2596,24697
2022-03-09,1057,2,1464,-409,264457,237571,2598,24288
2022-03-10,867,6,784,77,265324,238355,2604,24365
2022-03-11,874,6,2097,-1229,266198,240452,2610,23136
2022-03-12,766,2,1099,-335,266964,241551,2612,22801
2022-03-13,705,3,1001,-299,267669,242552,2615,22502
2022-03-14,449,1,6099,-5651,268118,248651,2616,16851
2022-03-15,649,3,946,-300,268767,249597,2619,16551
2022-03-16,653,3,2749,-2099,269420,252346,2622,14452
2022-03-17,656,2,626,28,270076,252972,2624,14480
2022-03-18,536,1,333,202,270612,253305,2625,14682
2022-03-19,466,1,647,-182,271078,253952,2626,14500
2022-03-20,449,0,666,-217,271527,254618,2626,14283
2022-03-21,351,0,817,-466,271878,255435,2626,13817
2022-03-22,499,1,8599,-8101,272377,264034,2627,5716
2022-03-23,435,4,678,-247,272812,264712,2631,5469
2022-03-24,459,3,305,151,273271,265017,2634,5620
2022-03-25,338,0,293,45,273609,265310,2634,5665
2022-03-26,366,2,910,-546,273975,266220,2636,5119
2022-03-27,253,0,346,-93,274228,266566,2636,5026
