tanggal,KASUS,MENINGGAL,SEMBUH,DIRAWAT_OR_ISOLASI,AKUMULASI_KASUS,AKUMULASI_SEMBUH,AKUMULASI_MENINGGAL,AKUMULASI_DIRAWAT_OR_ISOLASI
2020-03-01,1,0,0,1,1,0,0,1
2020-03-02,0,0,0,0,1,0,0,1
2020-03-03,2,0,0,2,3,0,0,3
2020-03-04,2,0,0,2,5,0,0,5
2020-03-05,0,1,0,-1,5,0,1,4
2020-03-06,0,0,0,0,5,0,1,4
2020-03-07,0,2,0,-2,5,0,3,2
2020-03-08,0,0,0,0,5,0,3,2
2020-03-09,0,1,0,-1,5,0,4,1
2020-03-10,0,0,0,0,5,0,4,1
2020-03-11,0,0,0,0,5,0,4,1
2020-03-12,2,1,3,-2,7,3,5,-1
2020-03-13,4,1,3,0,11,6,6,-1
2020-03-14,1,0,1,0,12,7,6,-1
2020-03-15,4,1,0,3,16,7,7,2
2020-03-16,2,3,0,-1,18,7,10,1
2020-03-17,2,1,0,1,20,7,11,2
2020-03-18,1,1,0,0,21,7,12,2
2020-03-19,1,0,0,1,22,7,12,3
2020-03-20,4,3,0,1,26,7,15,4
2020-03-21,8,3,5,0,34,12,18,4
2020-03-22,2,0,3,-1,36,15,18,3
2020-03-23,0,0,0,0,36,15,18,3
2020-03-24,12,15,3,-6,48,18,33,-3
2020-03-25,1,1,0,0,49,18,34,-3
2020-03-26,41,1,0,40,90,18,35,37
2020-03-27,60,7,5,48,150,23,42,85
2020-03-28,38,6,6,26,188,29,48,111
2020-03-29,36,4,0,32,224,29,52,143
2020-03-30,21,6,0,15,245,29,58,158
2020-03-31,38,9,0,29,283,29,67,187
2020-04-01,44,0,0,44,327,29,67,231
2020-04-02,57,5,2,50,384,31,72,281
2020-04-03,61,4,2,55,445,33,76,336
2020-04-04,45,7,5,33,490,38,83,369
2020-04-05,69,8,1,60,559,39,91,429
2020-04-06,79,6,5,68,638,44,97,497
2020-04-07,92,11,2,79,730,46,108,576
2020-04-08,63,7,3,53,793,49,115,629
2020-04-09,179,23,3,153,972,52,138,782
2020-04-10,45,9,4,32,1017,56,147,814
2020-04-11,152,7,5,140,1169,61,154,954
2020-04-12,127,29,34,64,1296,95,183,1018
2020-04-13,111,3,1,107,1407,96,186,1125
2020-04-14,101,8,0,93,1508,96,194,1218
2020-04-15,118,8,16,94,1626,112,202,1312
2020-04-16,142,1,0,141,1768,112,203,1453
2020-04-17,131,5,29,97,1899,141,208,1550
2020-04-18,79,3,1,75,1978,142,211,1625
2020-04-19,86,2,18,66,2064,160,213,1691
2020-04-20,65,5,5,55,2129,165,218,1746
2020-04-21,153,2,46,105,2282,211,220,1851
2020-04-22,89,1,7,81,2371,218,221,1932
2020-04-23,97,0,1,96,2468,219,221,2028
2020-04-24,60,0,0,60,2528,219,221,2088
2020-04-25,58,17,7,34,2586,226,238,2122
2020-04-26,78,6,0,72,2664,226,244,2194
2020-04-27,59,9,1,49,2723,227,253,2243
2020-04-28,92,3,15,74,2815,242,256,2317
2020-04-29,82,0,57,25,2897,299,256,2342
2020-04-30,87,0,37,50,2984,336,256,2392
2020-05-01,117,3,1,113,3101,337,259,2505
2020-05-02,68,15,19,34,3169,356,274,2539
2020-05-03,103,4,90,9,3272,446,278,2548
2020-05-04,65,5,3,57,3337,449,283,2605
2020-05-05,110,1,51,58,3447,500,284,2663
2020-05-06,89,4,29,56,3536,529,288,2719
2020-05-07,64,7,3,54,3600,532,295,2773
2020-05-08,80,1,0,79,3680,532,296,2852
2020-05-09,76,2,4,70,3756,536,298,2922
2020-05-10,98,5,38,55,3854,574,303,2977
2020-05-11,63,6,8,49,3917,582,309,3026
2020-05-12,81,1,94,-14,3998,676,310,3012
2020-05-13,144,6,74,64,4142,750,316,3076
2020-05-14,109,2,107,0,4251,857,318,3076
2020-05-15,67,5,85,-23,4318,942,323,3053
2020-05-16,83,0,13,70,4401,955,323,3123
2020-05-17,100,3,9,88,4501,964,326,3211
2020-05-18,61,0,0,61,4562,964,326,3272
2020-05-19,74,7,19,48,4636,983,333,3320
2020-05-20,65,1,3,61,4701,986,334,3381
2020-05-21,52,6,103,-57,4753,1089,340,3324
2020-05-22,83,22,42,19,4836,1131,362,3343
2020-05-23,94,1,44,49,4930,1175,363,3392
2020-05-24,86,0,17,69,5016,1192,363,3461
2020-05-25,61,0,46,15,5077,1238,363,3476
2020-05-26,72,0,11,61,5149,1249,363,3537
2020-05-27,94,7,12,75,5243,1261,370,3612
2020-05-28,74,0,18,56,5317,1279,370,3668
2020-05-29,103,0,29,74,5420,1308,370,3742
2020-05-30,87,6,215,-134,5507,1523,376,3608
2020-05-31,90,0,62,28,5597,1585,376,3636
2020-06-01,124,2,150,-28,5721,1735,378,3608
2020-06-02,47,0,93,-46,5768,1828,378,3562
2020-06-03,65,2,139,-76,5833,1967,380,3486
2020-06-04,81,0,18,63,5914,1985,380,3549
2020-06-05,58,1,115,-58,5972,2100,381,3491
2020-06-06,101,0,72,29,6073,2172,381,3520
2020-06-07,127,3,218,-94,6200,2390,384,3426
2020-06-08,76,0,61,15,6276,2451,384,3441
2020-06-09,193,3,129,61,6469,2580,387,3502
2020-06-10,133,1,110,22,6602,2690,388,3524
2020-06-11,104,1,122,-19,6706,2812,389,3505
2020-06-12,77,4,88,-15,6783,2900,393,3490
2020-06-13,101,4,49,48,6884,2949,397,3538
2020-06-14,101,8,199,-106,6985,3148,405,3432
2020-06-15,117,1,86,30,7102,3234,406,3462
2020-06-16,76,0,106,-30,7178,3340,406,3432
2020-06-17,100,5,93,2,7278,3433,411,3434
2020-06-18,136,25,98,13,7414,3531,436,3447
2020-06-19,98,1,106,-9,7512,3637,437,3438
2020-06-20,153,8,102,43,7665,3739,445,3481
2020-06-21,115,0,183,-68,7780,3922,445,3413
2020-06-22,96,0,58,38,7876,3980,445,3451
2020-06-23,136,7,87,42,8012,4067,452,3493
2020-06-24,127,7,77,43,8139,4144,459,3536
2020-06-25,143,8,172,-37,8282,4316,467,3499
2020-06-26,163,3,0,160,8445,4316,470,3659
2020-06-27,155,7,54,94,8600,4370,477,3753
2020-06-28,105,0,207,-102,8705,4577,477,3651
2020-06-29,94,0,210,-116,8799,4787,477,3535
2020-06-30,146,6,312,-172,8945,5099,483,3363
2020-07-01,173,0,133,40,9118,5232,483,3403
2020-07-02,163,5,144,14,9281,5376,488,3417
2020-07-03,113,4,198,-89,9394,5574,492,3328
2020-07-04,179,0,212,-33,9573,5786,492,3295
2020-07-05,205,4,231,-30,9778,6017,496,3265
2020-07-06,178,0,300,-122,9956,6317,496,3143
2020-07-07,148,10,205,-67,10104,6522,506,3076
2020-07-08,282,6,116,160,10386,6638,512,3236
2020-07-09,225,5,181,39,10611,6819,517,3275
2020-07-10,199,0,131,68,10810,6950,517,3343
2020-07-11,315,8,175,132,11125,7125,525,3475
2020-07-12,324,7,130,187,11449,7255,532,3662
2020-07-13,233,5,173,55,11682,7428,537,3717
2020-07-14,221,4,98,119,11903,7526,541,3836
2020-07-15,193,4,164,25,12096,7690,545,3861
2020-07-16,247,7,102,138,12343,7792,552,3999
2020-07-17,197,5,117,75,12540,7909,557,4074
2020-07-18,257,7,92,158,12797,8001,564,4232
2020-07-19,266,8,263,-5,13063,8264,572,4227
2020-07-20,308,6,128,174,13371,8392,578,4401
2020-07-21,357,7,208,142,13728,8600,585,4543
2020-07-22,310,3,297,10,14038,8897,588,4553
2020-07-23,375,0,138,237,14413,9035,588,4790
2020-07-24,235,4,219,12,14648,9254,592,4802
2020-07-25,303,0,140,163,14951,9394,592,4965
2020-07-26,302,3,123,176,15253,9517,595,5141
2020-07-27,393,10,84,299,15646,9601,605,5440
2020-07-28,326,13,311,2,15972,9912,618,5442
2020-07-29,491,11,199,281,16463,10111,629,5723
2020-07-30,320,14,154,152,16783,10265,643,5875
2020-07-31,347,13,333,1,17130,10598,656,5876
2020-08-01,303,12,557,-266,17433,11155,668,5610
2020-08-02,303,0,121,182,17736,11276,668,5792
2020-08-03,385,12,105,268,18121,11381,680,6060
2020-08-04,328,9,175,144,18449,11556,689,6204
2020-08-05,276,12,298,-34,18725,11854,701,6170
2020-08-06,441,11,184,246,19166,12038,712,6416
2020-08-07,548,10,151,387,19714,12189,722,6803
2020-08-08,550,9,418,123,20264,12607,731,6926
2020-08-09,334,6,464,-136,20598,13071,737,6790
2020-08-10,346,1,143,202,20944,13214,738,6992
2020-08-11,363,8,147,208,21307,13361,746,7200
2020-08-12,438,14,664,-240,21745,14025,760,6960
2020-08-13,503,10,329,164,22248,14354,770,7124
2020-08-14,429,4,542,-117,22677,14896,774,7007
2020-08-15,467,6,425,36,23144,15321,780,7043
2020-08-16,425,1,507,-83,23569,15828,781,6960
2020-08-17,445,12,172,261,24014,16000,793,7221
2020-08-18,412,16,480,-84,24426,16480,809,7137
2020-08-19,434,17,460,-43,24860,16940,826,7094
2020-08-20,488,14,595,-121,25348,17535,840,6973
2020-08-21,510,15,343,152,25858,17878,855,7125
2020-08-22,465,11,514,-60,26323,18392,866,7065
2020-08-23,488,11,566,-89,26811,18958,877,6976
2020-08-24,510,13,1501,-1004,27321,20459,890,5972
2020-08-25,523,13,434,76,27844,20893,903,6048
2020-08-26,560,6,623,-69,28404,21516,909,5979
2020-08-27,618,8,1240,-630,29022,22756,917,5349
2020-08-28,709,7,710,-8,29731,23466,924,5341
2020-08-29,706,14,473,219,30437,23939,938,5560
2020-08-30,863,6,306,551,31300,24245,944,6111
2020-08-31,844,13,317,514,32144,24562,957,6625
2020-09-01,714,14,584,116,32858,25146,971,6741
2020-09-02,842,15,389,438,33700,25535,986,7179
2020-09-03,1086,11,560,515,34786,26095,997,7694
2020-09-04,687,5,649,33,35473,26744,1002,7727
2020-09-05,707,10,577,120,36180,27321,1012,7847
2020-09-06,954,9,655,290,37134,27976,1021,8137
2020-09-07,833,16,548,269,37967,28524,1037,8406
2020-09-08,814,14,767,33,38781,29291,1051,8439
2020-09-09,801,14,667,120,39582,29958,1065,8559
2020-09-10,1028,13,786,229,40610,30744,1078,8788
2020-09-11,757,15,743,-1,41367,31487,1093,8787
2020-09-12,960,15,522,423,42327,32009,1108,9210
2020-09-13,1132,3,764,365,43459,32773,1111,9575
2020-09-14,716,23,1213,-520,44175,33986,1134,9055
2020-09-15,829,28,773,28,45004,34759,1162,9083
2020-09-16,1036,24,919,93,46040,35678,1186,9176
2020-09-17,904,12,614,278,46944,36292,1198,9454
2020-09-18,985,16,834,135,47929,37126,1214,9589
2020-09-19,809,8,817,-16,48738,37943,1222,9573
2020-09-20,906,11,857,38,49644,38800,1233,9611
2020-09-21,1087,28,1029,30,50731,39829,1261,9641
2020-09-22,992,22,670,300,51723,40499,1283,9941
2020-09-23,914,21,884,9,52637,41383,1304,9950
2020-09-24,844,18,948,-122,53481,42331,1322,9828
2020-09-25,923,6,1308,-391,54404,43639,1328,9437
2020-09-26,1076,6,593,477,55480,44232,1334,9914
2020-09-27,979,10,1049,-80,56459,45281,1344,9834
2020-09-28,705,7,1057,-359,57164,46338,1351,9475
2020-09-29,974,19,890,65,58138,47228,1370,9540
2020-09-30,921,13,1169,-261,59059,48397,1383,9279
2020-10-01,993,6,903,84,60052,49300,1389,9363
2020-10-02,940,3,536,401,60992,49836,1392,9764
2020-10-03,1053,3,967,83,62045,50803,1395,9847
2020-10-04,1118,9,821,288,63163,51624,1404,10135
2020-10-05,826,15,788,23,63989,52412,1419,10158
2020-10-06,886,23,802,61,64875,53214,1442,10219
2020-10-07,983,12,795,176,65858,54009,1454,10395
2020-10-08,945,15,861,69,66803,54870,1469,10464
2020-10-09,751,16,654,81,67554,55524,1485,10545
2020-10-10,1022,13,1027,-18,68576,56551,1498,10527
2020-10-11,1115,13,831,271,69691,57382,1511,10798
2020-10-12,988,18,897,73,70679,58279,1529,10871
2020-10-13,834,16,862,-44,71513,59141,1545,10827
2020-10-14,830,13,974,-157,72343,60115,1558,10670
2020-10-15,857,18,860,-21,73200,60975,1576,10649
2020-10-16,859,20,790,49,74059,61765,1596,10698
2020-10-17,776,17,884,-125,74835,62649,1613,10573
2020-10-18,761,17,863,-119,75596,63512,1630,10454
2020-10-19,722,14,923,-215,76318,64435,1644,10239
2020-10-20,787,18,663,106,77105,65098,1662,10345
2020-10-21,793,20,845,-72,77898,65943,1682,10273
2020-10-22,776,11,945,-180,78674,66888,1693,10093
2020-10-23,776,18,881,-123,79450,67769,1711,9970
2020-10-24,835,14,926,-105,80285,68695,1725,9865
2020-10-25,624,15,1000,-391,80909,69695,1740,9474
2020-10-26,724,10,954,-240,81633,70649,1750,9234
2020-10-27,614,11,903,-300,82247,71552,1761,8934
2020-10-28,668,10,858,-200,82915,72410,1771,8734
2020-10-29,578,14,870,-306,83493,73280,1785,8428
2020-10-30,491,12,848,-369,83984,74128,1797,8059
2020-10-31,596,14,824,-242,84580,74952,1811,7817
2020-11-01,503,17,1181,-695,85083,76133,1828,7122
2020-11-02,844,15,830,-1,85927,76963,1843,7121
2020-11-03,495,10,833,-348,86422,77796,1853,6773
2020-11-04,627,12,737,-122,87049,78533,1865,6651
2020-11-05,655,11,790,-146,87704,79323,1876,6505
2020-11-06,530,11,819,-300,88234,80142,1887,6205
2020-11-07,913,10,777,126,89147,80919,1897,6331
2020-11-08,666,7,793,-134,89813,81712,1904,6197
2020-11-09,575,9,901,-335,90388,82613,1913,5862
2020-11-10,823,10,1026,-213,91211,83639,1923,5649
2020-11-11,464,11,785,-332,91675,84424,1934,5317
2020-11-12,674,8,866,-200,92349,85290,1942,5117
2020-11-13,814,8,10,796,93163,85300,1950,5913
2020-11-14,1020,4,10,1006,94183,85310,1954,6919
2020-11-15,937,1,16,920,95120,85326,1955,7839
2020-11-16,815,2,702,111,95935,86028,1957,7950
2020-11-17,843,26,678,139,96778,86706,1983,8089
2020-11-18,935,10,1753,-828,97713,88459,1993,7261
2020-11-19,927,12,2165,-1250,98640,90624,2005,6011
2020-11-20,992,0,465,527,99632,91089,2005,6538
2020-11-21,1280,12,875,393,100912,91964,2017,6931
2020-11-22,1070,16,861,193,101982,92825,2033,7124
2020-11-23,809,3,838,-32,102791,93663,2036,7092
2020-11-24,830,16,891,-77,103621,94554,2052,7015
2020-11-25,1002,14,884,104,104623,95438,2066,7119
2020-11-26,843,12,896,-65,105466,96334,2078,7054
2020-11-27,1157,13,665,479,106623,96999,2091,7533
2020-11-28,1066,10,989,67,107689,97988,2101,7600
2020-11-29,1160,17,647,496,108849,98635,2118,8096
2020-11-30,882,20,724,138,109731,99359,2138,8234
2020-12-01,858,21,839,-2,110589,100198,2159,8232
2020-12-02,917,17,872,28,111506,101070,2176,8260
2020-12-03,914,31,843,40,112420,101913,2207,8300
2020-12-04,822,20,749,53,113242,102662,2227,8353
2020-12-05,1103,18,815,270,114345,103477,2245,8623
2020-12-06,1046,18,834,194,115391,104311,2263,8817
2020-12-07,1160,20,725,415,116551,105036,2283,9232
2020-12-08,948,16,963,-31,117499,105999,2299,9201
2020-12-09,981,13,872,96,118480,106871,2312,9297
2020-12-10,939,15,843,81,119419,107714,2327,9378
2020-12-11,983,3,882,98,120402,108596,2330,9476
2020-12-12,748,13,715,20,121150,109311,2343,9496
2020-12-13,1029,14,894,121,122179,110205,2357,9617
2020-12-14,1226,15,1165,46,123405,111370,2372,9663
2020-12-15,909,16,918,-25,124314,112288,2388,9638
2020-12-16,967,16,895,56,125281,113183,2404,9694
2020-12-17,1356,17,1085,254,126637,114268,2421,9948
2020-12-18,1253,18,988,247,127890,115256,2439,10195
2020-12-19,1507,17,882,608,129397,116138,2456,10803
2020-12-20,1313,16,1493,-196,130710,117631,2472,10607
2020-12-21,1199,12,1086,101,131909,118717,2484,10708
2020-12-22,1052,11,1087,-46,132961,119804,2495,10662
2020-12-23,1587,13,1181,393,134548,120985,2508,11055
2020-12-24,1531,14,1080,437,136079,122065,2522,11492
2020-12-25,1645,19,1365,261,137724,123430,2541,11753
2020-12-26,1671,9,2036,-374,139395,125466,2550,11379
2020-12-27,1620,17,1452,151,141015,126918,2567,11530
2020-12-28,1358,16,1408,-66,142373,128326,2583,11464
2020-12-29,1627,13,823,791,144000,129149,2596,12255
2020-12-30,1638,16,1261,361,145638,130410,2612,12616
2020-12-31,1614,17,1585,12,147252,131995,2629,12628
2021-01-01,1555,16,1310,229,148807,133305,2645,12857
2021-01-02,1550,20,1795,-265,150357,135100,2665,12592
2021-01-03,1342,10,1367,-35,151699,136467,2675,12557
2021-01-04,1488,19,2059,-590,153187,138526,2694,11967
2021-01-05,1480,14,1082,384,154667,139608,2708,12351
2021-01-06,1920,13,850,1057,156587,140458,2721,13408
2021-01-07,1886,16,1173,697,158473,141631,2737,14105
2021-01-08,2373,19,2141,213,160846,143772,2756,14318
2021-01-09,2176,19,1682,475,163022,145454,2775,14793
2021-01-10,2148,24,2347,-223,165170,147801,2799,14570
2021-01-11,1960,22,2045,-107,167130,149846,2821,14463
2021-01-12,2123,31,1332,760,169253,151178,2852,15223
2021-01-13,2787,36,2376,375,172040,153554,2888,15598
2021-01-14,2549,35,1647,867,174589,155201,2923,16465
2021-01-15,2031,32,1974,25,176620,157175,2955,16490
2021-01-16,2811,23,1409,1379,179431,158584,2978,17869
2021-01-17,2694,25,3011,-342,182125,161595,3003,17527
2021-01-18,1904,32,2207,-335,184029,163802,3035,17192
2021-01-19,2063,32,1988,43,186092,165790,3067,17235
2021-01-20,3004,28,3027,-51,189096,168817,3095,17184
2021-01-21,2517,22,2067,428,191613,170884,3117,17612
2021-01-22,3039,33,1737,1269,194652,172621,3150,18881
2021-01-23,2637,21,2782,-166,197289,175403,3171,18715
2021-01-24,2807,31,1863,913,200096,177266,3202,19628
2021-01-25,1988,34,1974,-20,202084,179240,3236,19608
2021-01-26,1864,42,2380,-558,203948,181620,3278,19050
2021-01-27,1449,30,2367,-948,205397,183987,3308,18102
2021-01-28,2369,31,2158,180,207766,186145,3339,18282
2021-01-29,2764,35,1941,788,210530,188086,3374,19070
2021-01-30,2819,25,2860,-66,213349,190946,3399,19004
2021-01-31,2775,37,2698,40,216124,193644,3436,19044
2021-02-01,2882,37,1864,981,219006,195508,3473,20025
2021-02-02,2676,33,3702,-1059,221682,199210,3506,18966
2021-02-03,2858,36,1119,1703,224540,200329,3542,20669
2021-02-04,2853,34,3189,-370,227393,203518,3576,20299
2021-02-05,2712,38,2005,669,230105,205523,3614,20968
2021-02-06,1905,35,3556,-1686,232010,209079,3649,19282
2021-02-07,3401,31,3465,-95,235411,212544,3680,19187
2021-02-08,2496,36,2713,-253,237907,215257,3716,18934
2021-02-09,2734,45,2206,483,240641,217463,3761,19417
2021-02-10,2680,36,2599,45,243321,220062,3797,19462
2021-02-11,2003,41,3239,-1277,245324,223301,3838,18185
2021-02-12,3058,40,4556,-1538,248382,227857,3878,16647
2021-02-13,2444,45,4023,-1624,250826,231880,3923,15023
2021-02-14,1983,37,3169,-1223,252809,235049,3960,13800
2021-02-15,1488,35,1666,-213,254297,236715,3995,13587
2021-02-16,1481,52,1250,179,255778,237965,4047,13766
2021-02-17,1167,23,2088,-944,256945,240053,4070,12822
2021-02-18,287,30,2169,-1912,257232,242222,4100,10910
2021-02-19,1546,6,2239,-699,258778,244461,4106,10211
2021-02-20,2319,30,2012,277,261097,246473,4136,10488
2021-02-21,2189,46,2132,11,263286,248605,4182,10499
2021-02-22,1950,33,1815,102,265236,250420,4215,10601
2021-02-23,633,37,1642,-1046,265869,252062,4252,9555
2021-02-24,631,33,1483,-885,266500,253545,4285,8670
2021-02-25,1288,47,2143,-902,267788,255688,4332,7768
2021-02-26,1345,35,1494,-184,269133,257182,4367,7584
2021-02-27,1384,32,934,418,270517,258116,4399,8002
2021-02-28,1691,35,729,927,272208,258845,4434,8929
2021-03-01,1642,44,2490,-892,273850,261335,4478,8037
2021-03-02,464,24,1735,-1295,274314,263070,4502,6742
2021-03-03,1135,31,2029,-925,275449,265099,4533,5817
2021-03-04,1588,42,1393,153,277037,266492,4575,5970
2021-03-05,949,37,1038,-126,277986,267530,4612,5844
2021-03-06,1311,35,1265,11,279297,268795,4647,5855
2021-03-07,1446,40,1385,21,280743,270180,4687,5876
2021-03-08,1419,37,1348,34,282162,271528,4724,5910
2021-03-09,710,39,1291,-620,282872,272819,4763,5290
2021-03-10,848,33,1217,-402,283720,274036,4796,4888
2021-03-11,1395,20,784,591,285115,274820,4816,5479
2021-03-12,1497,42,987,468,286612,275807,4858,5947
2021-03-13,852,9,456,387,287464,276263,4867,6334
2021-03-14,961,25,1902,-966,288425,278165,4892,5368
2021-03-15,1229,32,1421,-224,289654,279586,4924,5144
2021-03-16,661,18,1204,-561,290315,280790,4942,4583
2021-03-17,1063,3,931,129,291378,281721,4945,4712
2021-03-18,1384,17,961,406,292762,282682,4962,5118
2021-03-19,1280,20,929,331,294042,283611,4982,5449
2021-03-20,1553,17,948,588,295595,284559,4999,6037
2021-03-21,1280,15,1496,-231,296875,286055,5014,5806
2021-03-22,1138,5,1380,-247,298013,287435,5019,5559
2021-03-23,658,10,1355,-707,298671,288790,5029,4852
2021-03-24,717,6,1593,-882,299388,290383,5035,3970
2021-03-25,1417,10,392,1015,300805,290775,5045,4985
2021-03-26,1082,9,719,354,301887,291494,5054,5339
2021-03-27,1099,13,448,638,302986,291942,5067,5977
2021-03-28,1190,17,920,253,304176,292862,5084,6230
2021-03-29,799,15,855,-71,304975,293717,5099,6159
2021-03-30,314,15,899,-600,305289,294616,5114,5559
2021-03-31,777,0,872,-95,306066,295488,5114,5464
2021-04-01,1083,16,784,283,307149,296272,5130,5747
2021-04-02,971,6,1021,-56,308120,297293,5136,5691
2021-04-03,879,2,486,391,308999,297779,5138,6082
2021-04-04,578,6,1300,-728,309577,299079,5144,5354
2021-04-05,404,3,933,-532,309981,300012,5147,4822
2021-04-06,387,4,484,-101,310368,300496,5151,4721
2021-04-07,711,6,558,147,311079,301054,5157,4868
2021-04-08,977,3,387,587,312056,301441,5160,5455
2021-04-09,790,9,513,268,312846,301954,5169,5723
2021-04-10,775,4,657,114,313621,302611,5173,5837
2021-04-11,826,6,1121,-301,314447,303732,5179,5536
2021-04-12,556,5,1064,-513,315003,304796,5184,5023
2021-04-13,662,6,727,-71,315665,305523,5190,4952
2021-04-14,527,6,500,21,316192,306023,5196,4973
2021-04-15,1056,5,551,500,317248,306574,5201,5473
2021-04-16,779,14,669,96,318027,307243,5215,5569
2021-04-17,823,12,798,13,318850,308041,5227,5582
2021-04-18,743,10,775,-42,319593,308816,5237,5540
2021-04-19,772,10,786,-24,320365,309602,5247,5516
2021-04-20,370,13,723,-366,320735,310325,5260,5150
2021-04-21,489,11,451,27,321224,310776,5271,5177
2021-04-22,1027,6,513,508,322251,311289,5277,5685
2021-04-23,708,14,595,99,322959,311884,5291,5784
2021-04-24,730,10,699,21,323689,312583,5301,5805
2021-04-25,724,12,744,-32,324413,313327,5313,5773
2021-04-26,582,12,1066,-496,324995,314393,5325,5277
2021-04-27,321,13,470,-162,325316,314863,5338,5115
2021-04-28,521,12,550,-41,325837,315413,5350,5074
2021-04-29,776,19,394,363,326613,315807,5369,5437
2021-04-30,657,4,424,229,327270,316231,5373,5666
2021-05-01,749,14,645,90,328019,316876,5387,5756
2021-05-02,672,7,792,-127,328691,317668,5394,5629
2021-05-03,610,17,547,46,329301,318215,5411,5675
2021-05-04,348,14,479,-145,329649,318694,5425,5530
2021-05-05,661,11,547,103,330310,319241,5436,5633
2021-05-06,714,17,461,236,331024,319702,5453,5869
2021-05-07,634,18,469,147,331658,320171,5471,6016
2021-05-08,579,18,461,100,332237,320632,5489,6116
2021-05-09,634,12,562,60,332871,321194,5501,6176
2021-05-10,546,19,501,26,333417,321695,5520,6202
2021-05-11,323,16,532,-225,333740,322227,5536,5977
2021-05-12,521,13,541,-33,334261,322768,5549,5944
2021-05-13,626,12,451,163,334887,323219,5561,6107
2021-05-14,513,14,450,49,335400,323669,5575,6156
2021-05-15,185,11,481,-307,335585,324150,5586,5849
2021-05-16,134,12,454,-332,335719,324604,5598,5517
2021-05-17,328,24,0,304,336047,324604,5622,5821
2021-05-18,173,11,145,17,336220,324749,5633,5838
2021-05-19,470,16,161,293,336690,324910,5649,6131
2021-05-20,707,20,77,610,337397,324987,5669,6741
2021-05-21,696,15,75,606,338093,325062,5684,7347
2021-05-22,740,12,316,412,338833,325378,5696,7759
2021-05-23,692,10,272,410,339525,325650,5706,8169
2021-05-24,653,9,229,415,340178,325879,5715,8584
2021-05-25,316,12,405,-101,340494,326284,5727,8483
2021-05-26,486,8,405,73,340980,326689,5735,8556
2021-05-27,756,12,464,280,341736,327153,5747,8836
2021-05-28,479,14,721,-256,342215,327874,5761,8580
2021-05-29,709,11,793,-95,342924,328667,5772,8485
2021-05-30,855,11,811,33,343779,329478,5783,8518
2021-05-31,574,10,475,89,344353,329953,5793,8607
2021-06-01,422,8,400,14,344775,330353,5801,8621
2021-06-02,492,16,451,25,345267,330804,5817,8646
2021-06-03,577,16,385,176,345844,331189,5833,8822
2021-06-04,705,16,650,39,346549,331839,5849,8861
2021-06-05,1062,17,675,370,347611,332514,5866,9231
2021-06-06,797,16,702,79,348408,333216,5882,9310
2021-06-07,955,18,693,244,349363,333909,5900,9554
2021-06-08,593,16,772,-195,349956,334681,5916,9359
2021-06-09,1109,8,891,210,351065,335572,5924,9569
2021-06-10,1654,17,870,767,352719,336442,5941,10336
2021-06-11,1815,15,955,845,354534,337397,5956,11181
2021-06-12,1956,17,591,1348,356490,337988,5973,12529
2021-06-13,2189,17,746,1426,358679,338734,5990,13955
2021-06-14,2160,27,848,1285,360839,339582,6017,15240
2021-06-15,1178,16,928,234,362017,340510,6033,15474
2021-06-16,1890,32,1024,834,363907,341534,6065,16308
2021-06-17,3273,42,1487,1744,367180,343021,6107,18052
2021-06-18,3823,52,1687,2084,371003,344708,6159,20136
2021-06-19,3899,48,1922,1929,374902,346630,6207,22065
2021-06-20,4479,61,1959,2459,379381,348589,6268,24524
2021-06-21,4040,57,2237,1746,383421,350826,6325,26270
2021-06-22,2594,52,2762,-220,386015,353588,6377,26050
2021-06-23,3760,35,946,2779,389775,354534,6412,28829
2021-06-24,5940,40,1911,3989,395715,356445,6452,32818
2021-06-25,5513,56,2047,3410,401228,358492,6508,36228
2021-06-26,7455,45,2143,5267,408683,360635,6553,41495
2021-06-27,7433,43,2818,4572,416116,363453,6596,46067
2021-06-28,6646,63,2739,3844,422762,366192,6659,49911
2021-06-29,5867,63,2802,3002,428629,368994,6722,52913
2021-06-30,6212,52,2830,3330,434841,371824,6774,56243
2021-07-01,6014,37,2828,3149,440855,374652,6811,59392
2021-07-02,7500,53,4034,3413,448355,378686,6864,62805
2021-07-03,7808,12,4557,3239,456163,383243,6876,66044
2021-07-04,8365,56,4623,3686,464528,387866,6932,69730
2021-07-05,8737,99,5233,3405,473265,393099,7031,73135
2021-07-06,7524,108,4878,2538,480789,397977,7139,75673
2021-07-07,7474,108,2925,4441,488263,400902,7247,80114
2021-07-08,10391,115,8600,1676,498654,409502,7362,81790
2021-07-09,10528,107,12020,-1599,509182,421522,7469,80191
2021-07-10,10397,74,13468,-3145,519579,434990,7543,77046
2021-07-11,10481,33,16452,-6004,530060,451442,7576,71042
2021-07-12,11743,117,16413,-4787,541803,467855,7693,66255
2021-07-13,9648,55,3648,5945,551451,471503,7748,72200
2021-07-14,10206,47,2427,7732,561657,473930,7795,79932
2021-07-15,10264,120,2409,7735,571921,476339,7915,87667
2021-07-16,9952,105,6766,3081,581873,483105,8020,90748
2021-07-17,8127,54,9355,-1282,590000,492460,8074,89466
2021-07-18,7251,125,9453,-2327,597251,501913,8199,87139
2021-07-19,3997,204,10157,-6364,601248,512070,8403,80775
2021-07-20,4939,197,9777,-5035,606187,521847,8600,75740
2021-07-21,4766,80,8366,-3680,610953,530213,8680,72060
2021-07-22,5640,156,8487,-3003,616593,538700,8836,69057
2021-07-23,6421,113,11585,-5277,623014,550285,8949,63780
2021-07-24,6670,124,11659,-5113,629684,561944,9073,58667
2021-07-25,4356,134,11468,-7246,634040,573412,9207,51421
2021-07-26,2148,122,11763,-9737,636188,585175,9329,41684
2021-07-27,2823,153,11902,-9232,639011,597077,9482,32452
2021-07-28,4391,59,8684,-4352,643402,605761,9541,28100
2021-07-29,3102,23,9163,-6084,646504,614924,9564,22016
2021-07-30,2772,32,8905,-6165,649276,623829,9596,15851
2021-07-31,2664,203,3967,-1506,651940,627796,9799,14345
2021-08-01,2172,63,3655,-1546,654112,631451,9862,12799
2021-08-02,1151,123,1716,-688,655263,633167,9985,12111
2021-08-03,1306,55,1993,-742,656569,635160,10040,11369
2021-08-04,2410,51,2034,325,658979,637194,10091,11694
2021-08-05,1839,106,2199,-466,660818,639393,10197,11228
2021-08-06,1759,41,2555,-837,662577,641948,10238,10391
2021-08-07,1586,54,3695,-2163,664163,645643,10292,8228
2021-08-08,1299,17,978,304,665462,646621,10309,8532
2021-08-09,575,10,831,-266,666037,647452,10319,8266
2021-08-10,1157,35,937,185,667194,648389,10354,8451
2021-08-11,1615,36,1050,529,668809,649439,10390,8980
2021-08-12,868,38,1991,-1161,669677,651430,10428,7819
2021-08-13,964,56,1246,-338,670641,652676,10484,7481
2021-08-14,1088,21,950,117,671729,653626,10505,7598
2021-08-15,945,15,845,85,672674,654471,10520,7683
2021-08-16,394,22,738,-366,673068,655209,10542,7317
2021-08-17,532,19,757,-244,673600,655966,10561,7073
2021-08-18,810,9,718,83,674410,656684,10570,7156
2021-08-19,596,28,778,-210,675006,657462,10598,6946
2021-08-20,758,9,779,-30,675764,658241,10607,6916
2021-08-21,687,12,734,-59,676451,658975,10619,6857
2021-08-22,554,24,710,-180,677005,659685,10643,6677
2021-08-23,373,16,512,-155,677378,660197,10659,6522
2021-08-24,379,8,424,-53,677757,660621,10667,6469
2021-08-25,651,6,566,79,678408,661187,10673,6548
2021-08-26,448,6,811,-369,678856,661998,10679,6179
2021-08-27,500,9,287,204,679356,662285,10688,6383
2021-08-28,364,10,363,-9,679720,662648,10698,6374
2021-08-29,382,4,551,-173,680102,663199,10702,6201
2021-08-30,277,4,711,-438,680379,663910,10706,5763
2021-08-31,331,24,425,-118,680710,664335,10730,5645
2021-09-01,519,7,845,-333,681229,665180,10737,5312
2021-09-02,328,7,657,-336,681557,665837,10744,4976
2021-09-03,284,10,641,-367,681841,666478,10754,4609
2021-09-04,283,7,380,-104,682124,666858,10761,4505
2021-09-05,247,9,264,-26,682371,667122,10770,4479
2021-09-06,173,12,595,-434,682544,667717,10782,4045
2021-09-07,210,11,416,-217,682754,668133,10793,3828
2021-09-08,351,12,522,-183,683105,668655,10805,3645
2021-09-09,250,9,381,-140,683355,669036,10814,3505
2021-09-10,206,9,376,-179,683561,669412,10823,3326
2021-09-11,216,15,328,-127,683777,669740,10838,3199
2021-09-12,242,5,246,-9,684019,669986,10843,3190
2021-09-13,159,6,354,-201,684178,670340,10849,2989
2021-09-14,154,3,378,-227,684332,670718,10852,2762
2021-09-15,263,7,414,-158,684595,671132,10859,2604
2021-09-16,146,7,161,-22,684741,671293,10866,2582
2021-09-17,168,3,300,-135,684909,671593,10869,2447
2021-09-18,165,4,195,-34,685074,671788,10873,2413
2021-09-19,118,4,67,47,685192,671855,10877,2460
2021-09-20,70,3,413,-346,685262,672268,10880,2114
2021-09-21,80,3,255,-178,685342,672523,10883,1936
2021-09-22,175,3,226,-54,685517,672749,10886,1882
2021-09-23,124,2,214,-92,685641,672963,10888,1790
2021-09-24,150,4,258,-112,685791,673221,10892,1678
2021-09-25,109,1,166,-58,685900,673387,10893,1620
2021-09-26,139,3,107,29,686039,673494,10896,1649
2021-09-27,86,3,216,-133,686125,673710,10899,1516
2021-09-28,87,3,145,-61,686212,673855,10902,1455
2021-09-29,142,5,156,-19,686354,674011,10907,1436
2021-09-30,118,3,160,-45,686472,674171,10910,1391
2021-10-01,116,3,105,8,686588,674276,10913,1399
2021-10-02,125,3,124,-2,686713,674400,10916,1397
2021-10-03,104,4,66,34,686817,674466,10920,1431
2021-10-04,118,1,131,-14,686935,674597,10921,1417
2021-10-05,54,3,123,-72,686989,674720,10924,1345
2021-10-06,160,3,127,30,687149,674847,10927,1375
2021-10-07,120,1,88,31,687269,674935,10928,1406
2021-10-08,119,0,250,-131,687388,675185,10928,1275
2021-10-09,86,0,2,84,687474,675187,10928,1359
2021-10-10,111,2,58,51,687585,675245,10930,1410
2021-10-11,30,2,248,-220,687615,675493,10932,1190
2021-10-12,109,1,266,-158,687724,675759,10933,1032
2021-10-13,214,0,159,55,687938,675918,10933,1087
2021-10-14,89,0,78,11,688027,675996,10933,1098
2021-10-15,86,0,51,35,688113,676047,10933,1133
2021-10-16,123,1,170,-48,688236,676217,10934,1085
2021-10-17,104,0,106,-2,688340,676323,10934,1083
2021-10-18,86,1,117,-32,688426,676440,10935,1051
2021-10-19,79,0,102,-23,688505,676542,10935,1028
2021-10-20,82,0,101,-19,688587,676643,10935,1009
2021-10-21,64,1,119,-56,688651,676762,10936,953
2021-10-22,70,0,62,8,688721,676824,10936,961
2021-10-23,92,1,130,-39,688813,676954,10937,922
2021-10-24,102,1,105,-4,688915,677059,10938,918
2021-10-25,68,1,117,-50,688983,677176,10939,868
2021-10-26,28,0,82,-54,689011,677258,10939,814
2021-10-27,87,1,111,-25,689098,677369,10940,789
2021-10-28,103,0,81,22,689201,677450,10940,811
2021-10-29,82,0,91,-9,689283,677541,10940,802
2021-10-30,74,1,111,-38,689357,677652,10941,764
2021-10-31,86,1,60,25,689443,677712,10942,789
2021-11-01,66,0,37,29,689509,677749,10942,818
2021-11-02,60,0,99,-39,689569,677848,10942,779
2021-11-03,111,1,80,30,689680,677928,10943,809
2021-11-04,88,0,38,50,689768,677966,10943,859
2021-11-05,86,1,27,58,689854,677993,10944,917
2021-11-06,54,1,208,-155,689908,678201,10945,762
2021-11-07,96,0,91,5,690004,678292,10945,767
2021-11-08,27,0,62,-35,690031,678354,10945,732
2021-11-09,77,0,112,-35,690108,678466,10945,697
2021-11-10,72,0,46,26,690180,678512,10945,723
2021-11-11,84,1,79,4,690264,678591,10946,727
2021-11-12,57,0,144,-87,690321,678735,10946,640
2021-11-13,46,0,71,-25,690367,678806,10946,615
2021-11-14,80,1,94,-15,690447,678900,10947,600
2021-11-15,26,1,64,-39,690473,678964,10948,561
2021-11-16,64,0,89,-25,690537,679053,10948,536
2021-11-17,109,1,137,-29,690646,679190,10949,507
2021-11-18,79,0,108,-29,690725,679298,10949,478
2021-11-19,80,2,84,-6,690805,679382,10951,472
2021-11-20,88,1,134,-47,690893,679516,10952,425
2021-11-21,91,0,96,-5,690984,679612,10952,420
2021-11-22,18,0,39,-21,691002,679651,10952,399
2021-11-23,54,0,37,17,691056,679688,10952,416
2021-11-24,68,1,88,-21,691124,679776,10953,395
2021-11-25,39,1,32,6,691163,679808,10954,401
2021-11-26,60,0,45,15,691223,679853,10954,416
2021-11-27,46,0,68,-22,691269,679921,10954,394
2021-11-28,45,0,41,4,691314,679962,10954,398
2021-11-29,34,0,58,-24,691348,680020,10954,374
2021-11-30,34,0,0,34,691382,680020,10954,408
2021-12-01,52,0,58,-6,691434,680078,10954,402
2021-12-02,22,0,56,-34,691456,680134,10954,368
2021-12-03,32,0,49,-17,691488,680183,10954,351
2021-12-04,38,0,51,-13,691526,680234,10954,338
2021-12-05,34,1,53,-20,691560,680287,10955,318
2021-12-06,12,2,45,-35,691572,680332,10957,283
2021-12-07,28,1,30,-3,691600,680362,10958,280
2021-12-08,36,1,34,1,691636,680396,10959,281
2021-12-09,30,1,57,-28,691666,680453,10960,253
2021-12-10,21,0,27,-6,691687,680480,10960,247
2021-12-11,25,0,32,-7,691712,680512,10960,240
2021-12-12,27,0,30,-3,691739,680542,10960,237
2021-12-13,14,0,35,-21,691753,680577,10960,216
2021-12-14,14,0,19,-5,691767,680596,10960,211
2021-12-15,14,0,23,-9,691781,680619,10960,202
2021-12-16,26,0,33,-7,691807,680652,10960,195
2021-12-17,34,0,26,8,691841,680678,10960,203
2021-12-18,62,0,25,37,691903,680703,10960,240
2021-12-19,37,0,37,0,691940,680740,10960,240
2021-12-20,25,0,19,6,691965,680759,10960,246
2021-12-21,45,2,18,25,692010,680777,10962,271
2021-12-22,34,1,13,20,692044,680790,10963,291
2021-12-23,13,0,32,-19,692057,680822,10963,272
2021-12-24,52,0,25,27,692109,680847,10963,299
2021-12-25,67,0,39,28,692176,680886,10963,327
2021-12-26,39,0,20,19,692215,680906,10963,346
2021-12-27,33,0,77,-44,692248,680983,10963,302
2021-12-28,69,3,104,-38,692317,681087,10966,264
2021-12-29,23,0,0,23,692340,681087,10966,287
2021-12-30,40,0,0,40,692380,681087,10966,327
2021-12-31,71,1,0,70,692451,681087,10967,397
2022-01-01,93,0,32,61,692544,681119,10967,458
2022-01-02,81,0,88,-7,692625,681207,10967,451
2022-01-03,135,0,20,115,692760,681227,10967,566
2022-01-04,90,0,34,56,692850,681261,10967,622
2022-01-05,202,0,51,151,693052,681312,10967,773
2022-01-06,216,0,37,179,693268,681349,10967,952
2022-01-07,240,0,63,177,693508,681412,10967,1129
2022-01-08,218,0,60,158,693726,681472,10967,1287
2022-01-09,321,0,89,232,694047,681561,10967,1519
2022-01-10,298,0,79,219,694345,681640,10967,1738
2022-01-11,445,0,143,302,694790,681783,10967,2040
2022-01-12,328,0,109,219,695118,681892,10967,2259
2022-01-13,356,0,240,116,695474,682132,10967,2375
2022-01-14,453,1,134,318,695927,682266,10968,2693
2022-01-15,584,0,219,365,696511,682485,10968,3058
2022-01-16,452,0,500,-48,696963,682985,10968,3010
2022-01-17,395,0,296,99,697358,683281,10968,3109
2022-01-18,532,0,258,274,697890,683539,10968,3383
2022-01-19,798,0,318,480,698688,683857,10968,3863
2022-01-20,949,0,349,600,699637,684206,10968,4463
2022-01-21,1203,0,498,705,700840,684704,10968,5168
2022-01-22,1472,0,385,1087,702312,685089,10968,6255
2022-01-23,1398,3,414,981,703710,685503,10971,7236
2022-01-24,1580,0,463,1117,705290,685966,10971,8353
2022-01-25,1765,12,362,1391,707055,686328,10983,9744
2022-01-26,2756,3,1200,1553,709811,687528,10986,11297
2022-01-27,3368,0,1020,2348,713179,688548,10986,13645
2022-01-28,3687,1,1168,2518,716866,689716,10987,16163
2022-01-29,4580,11,1424,3145,721446,691140,10998,19308
2022-01-30,5297,10,1603,3684,726743,692743,11008,22992
2022-01-31,4214,8,1417,2789,730957,694160,11016,25781
2022-02-01,5088,11,1327,3750,736045,695487,11027,29531
2022-02-02,7353,11,3311,4031,743398,698798,11038,33562
2022-02-03,8078,17,3571,4490,751476,702369,11055,38052
2022-02-04,10666,20,4371,6275,762142,706740,11075,44327
2022-02-05,10229,19,6646,3564,772371,713386,11094,47891
2022-02-06,12711,24,6636,6051,785082,720022,11118,53942
2022-02-07,10153,33,3624,6496,795235,723646,11151,60438
2022-02-08,8577,33,4115,4429,803812,727761,11184,64867
2022-02-09,11446,16,7174,4256,815258,734935,11200,69123
2022-02-10,8866,17,9019,-170,824124,743954,11217,68953
2022-02-11,8581,30,13764,-5213,832705,757718,11247,63740
2022-02-12,9971,30,19153,-9212,842676,776871,11277,54528
2022-02-13,8199,29,13049,-4879,850875,789920,11306,49649
2022-02-14,8251,43,68,8140,859126,789988,11349,57789
2022-02-15,7611,39,7182,390,866737,797170,11388,58179
2022-02-16,9868,42,5906,3920,876605,803076,11430,62099
2022-02-17,6847,52,15213,-8418,883452,818289,11482,53681
2022-02-18,6554,30,9442,-2918,890006,827731,11512,50763
2022-02-19,7583,20,9021,-1458,897589,836752,11532,49305
2022-02-20,6457,25,9839,-3407,904046,846591,11557,45898
2022-02-21,4297,17,9705,-5425,908343,856296,11574,40473
2022-02-22,4119,30,7543,-3454,912462,863839,11604,37019
2022-02-23,5927,45,6554,-672,918389,870393,11649,36347
2022-02-24,5472,31,9869,-4428,923861,880262,11680,31919
2022-02-25,3623,34,3954,-365,927484,884216,11714,31554
2022-02-26,3711,24,3,3684,931195,884219,11738,35238
2022-02-27,3126,18,3227,-119,934321,887446,11756,35119
2022-02-28,5825,48,9076,-3299,940146,896522,11804,31820
2022-03-01,2893,19,4148,-1274,943039,900670,11823,30546
2022-03-02,3392,12,3238,142,946431,903908,11835,30688
2022-03-03,3733,14,6376,-2657,950164,910284,11849,28031
2022-03-04,2998,20,4477,-1499,953162,914761,11869,26532
2022-03-05,2447,14,4189,-1756,955609,918950,11883,24776
2022-03-06,2984,14,3535,-565,958593,922485,11897,24211
2022-03-07,2143,22,3225,-1104,960736,925710,11919,23107
2022-03-08,2842,18,3384,-560,963578,929094,11937,22547
2022-03-09,3084,6,2939,139,966662,932033,11943,22686
2022-03-10,2893,13,2998,-118,969555,935031,11956,22568
2022-03-11,2020,11,4471,-2462,971575,939502,11967,20106
2022-03-12,1671,19,3292,-1640,973246,942794,11986,18466
2022-03-13,1525,28,2112,-615,974771,944906,12014,17851
2022-03-14,1045,25,3216,-2196,975816,948122,12039,15655
2022-03-15,1264,24,1837,-597,977080,949959,12063,15058
2022-03-16,1351,10,1923,-582,978431,951882,12073,14476
2022-03-17,1258,8,2912,-1662,979689,954794,12081,12814
2022-03-18,1204,12,2344,-1152,980893,957138,12093,11662
2022-03-19,1173,6,2050,-883,982066,959188,12099,10779
2022-03-20,957,12,1793,-848,983023,960981,12111,9931
2022-03-21,698,5,1467,-774,983721,962448,12116,9157
2022-03-22,817,9,2348,-1540,984538,964796,12125,7617
2022-03-23,993,3,768,222,985531,965564,12128,7839
2022-03-24,849,5,495,349,986380,966059,12133,8188
2022-03-25,694,3,1319,-628,987074,967378,12136,7560
2022-03-26,621,1,1135,-515,987695,968513,12137,7045
2022-03-27,477,3,1112,-638,988172,969625,12140,6407
2022-03-28,457,10,1032,-585,988629,970657,12150,5822
2022-03-29,602,9,743,-150,989231,971400,12159,5672
2022-03-30,734,10,687,37,989965,972087,12169,5709
2022-03-31,569,4,1058,-493,990534,973145,12173,5216
2022-04-01,510,7,850,-347,991044,973995,12180,4869
2022-04-02,510,7,818,-315,991554,974813,12187,4554
2022-04-03,496,5,606,-115,992050,975419,12192,4439
2022-04-04,381,5,577,-201,992431,975996,12197,4238
2022-04-05,454,4,462,-12,992885,976458,12201,4226
2022-04-06,601,2,439,160,993486,976897,12203,4386
2022-04-07,541,4,681,-144,994027,977578,12207,4242
2022-04-08,463,2,600,-139,994490,978178,12209,4103
2022-04-09,350,2,549,-201,994840,978727,12211,3902
2022-04-10,303,2,479,-178,995143,979206,12213,3724
2022-04-11,256,3,530,-277,995399,979736,12216,3447
2022-04-12,291,5,381,-95,995690,980117,12221,3352
2022-04-13,536,2,437,97,996226,980554,12223,3449
2022-04-14,51,2,635,-586,996277,981189,12225,2863
2022-04-15,252,4,482,-234,996529,981671,12229,2629
2022-04-16,156,2,458,-304,996685,982129,12231,2325
2022-04-17,149,3,370,-224,996834,982499,12234,2101
2022-04-18,131,5,337,-211,996965,982836,12239,1890
2022-04-19,142,2,248,-108,997107,983084,12241,1782
2022-04-20,170,2,210,-42,997277,983294,12243,1740
2022-04-21,119,3,342,-226,997396,983636,12246,1514
2022-04-22,174,2,316,-144,997570,983952,12248,1370
2022-04-23,139,2,277,-140,997709,984229,12250,1230
2022-04-24,110,0,202,-92,997819,984431,12250,1138
2022-04-25,75,1,113,-39,997894,984544,12251,1099
2022-04-26,166,1,180,-15,998060,984724,12252,1084
2022-04-27,99,2,113,-16,998159,984837,12254,1068
2022-04-28,98,1,174,-77,998257,985011,12255,991
2022-04-29,100,1,141,-42,998357,985152,12256,949
2022-04-30,120,0,202,-82,998477,985354,12256,867
2022-05-01,68,0,80,-12,998545,985434,12256,855
2022-05-02,70,1,156,-87,998615,985590,12257,768
2022-05-03,31,1,98,-68,998646,985688,12258,700
2022-05-04,49,2,84,-37,998695,985772,12260,663
2022-05-05,70,0,137,-67,998765,985909,12260,596
2022-05-06,76,1,106,-31,998841,986015,12261,565
2022-05-07,47,1,78,-32,998888,986093,12262,533
2022-05-08,61,1,132,-72,998949,986225,12263,461
2022-05-09,86,0,29,57,999035,986254,12263,518
2022-05-10,128,1,66,61,999163,986320,12264,579
2022-05-11,108,0,71,37,999271,986391,12264,616
2022-05-12,76,1,24,51,999347,986415,12265,667
2022-05-13,83,0,37,46,999430,986452,12265,713
2022-05-14,93,0,72,21,999523,986524,12265,734
2022-05-15,81,1,65,15,999604,986589,12266,749
2022-05-16,54,0,54,0,999658,986643,12266,749
2022-05-17,60,0,80,-20,999718,986723,12266,729
2022-05-18,96,0,89,7,999814,986812,12266,736
2022-05-19,72,0,152,-80,999886,986964,12266,656
2022-05-20,70,0,85,-15,999956,987049,12266,641
2022-05-21,74,0,64,10,1000030,987113,12266,651
2022-05-22,83,2,70,11,1000113,987183,12268,662
2022-05-23,47,1,97,-51,1000160,987280,12269,611
2022-05-24,121,3,76,42,1000281,987356,12272,653
2022-05-25,104,0,53,51,1000385,987409,12272,704
2022-05-26,101,0,68,33,1000486,987477,12272,737
2022-05-27,89,0,58,31,1000575,987535,12272,768
2022-05-28,81,0,73,8,1000656,987608,12272,776
2022-05-29,67,0,85,-18,1000723,987693,12272,758
2022-05-30,57,2,75,-20,1000780,987768,12274,738
2022-05-31,106,0,87,19,1000886,987855,12274,757
2022-06-01,129,0,61,68,1001015,987916,12274,825
2022-06-02,129,0,129,0,1001144,988045,12274,825
2022-06-03,136,0,115,21,1001280,988160,12274,846
2022-06-04,139,0,88,51,1001419,988248,12274,897
2022-06-05,156,0,76,80,1001575,988324,12274,977
2022-06-06,119,0,79,40,1001694,988403,12274,1017
2022-06-07,205,0,75,130,1001899,988478,12274,1147
2022-06-08,242,0,77,165,1002141,988555,12274,1312
2022-06-09,218,0,107,111,1002359,988662,12274,1423
2022-06-10,253,0,126,127,1002612,988788,12274,1550
2022-06-11,251,0,140,111,1002863,988928,12274,1661
2022-06-12,265,0,131,134,1003128,989059,12274,1795
2022-06-13,282,0,143,139,1003410,989202,12274,1934
2022-06-14,417,0,153,264,1003827,989355,12274,2198
2022-06-15,581,0,126,455,1004408,989481,12274,2653
2022-06-16,561,0,232,329,1004969,989713,12274,2982
2022-06-17,560,0,235,325,1005529,989948,12274,3307
2022-06-18,591,0,223,368,1006120,990171,12274,3675
2022-06-19,600,1,220,379,1006720,990391,12275,4054
2022-06-20,561,0,310,251,1007281,990701,12275,4305
2022-06-21,770,2,268,500,1008051,990969,12277,4805
2022-06-22,990,0,292,698,1009041,991261,12277,5503
2022-06-23,809,0,491,318,1009850,991752,12277,5821
2022-06-24,1029,0,530,499,1010879,992282,12277,6320
2022-06-25,852,0,580,272,1011731,992862,12277,6592
2022-06-26,838,0,557,281,1012569,993419,12277,6873
2022-06-27,660,0,707,-47,1013229,994126,12277,6826
2022-06-28,1004,1,573,430,1014233,994699,12278,7256
2022-06-29,917,0,567,350,1015150,995266,12278,7606
2022-06-30,1025,0,896,129,1016175,996162,12278,7735
2022-07-01,856,0,928,-72,1017031,997090,12278,7663
2022-07-02,787,2,1024,-239,1017818,998114,12280,7424
2022-07-03,740,2,877,-139,1018558,998991,12282,7285
2022-07-04,597,2,907,-312,1019155,999898,12284,6973
2022-07-05,999,1,711,287,1020154,1000609,12285,7260
2022-07-06,1209,2,672,535,1021363,1001281,12287,7795
2022-07-07,1144,1,1006,137,1022507,1002287,12288,7932
2022-07-08,909,2,858,49,1023416,1003145,12290,7981
2022-07-09,1185,0,945,240,1024601,1004090,12290,8221
2022-07-10,1327,3,943,381,1025928,1005033,12293,8602
2022-07-11,653,2,937,-286,1026581,1005970,12295,8316
2022-07-12,1314,3,576,735,1027895,1006546,12298,9051
2022-07-13,1609,0,684,925,1029504,1007230,12298,9976
2022-07-14,1383,2,1247,134,1030887,1008477,12300,10110
2022-07-15,1282,2,1283,-3,1032169,1009760,12302,10107
2022-07-16,1686,5,1247,434,1033855,1011007,12307,10541
2022-07-17,1596,0,1160,436,1035451,1012167,12307,10977
2022-07-18,1468,2,1086,380,1036919,1013253,12309,11357
2022-07-19,1968,1,1108,859,1038887,1014361,12310,12216
2022-07-20,2410,2,487,1921,1041297,1014848,12312,14137
2022-07-21,2308,3,1477,828,1043605,1016325,12315,14965
2022-07-22,1964,5,1406,553,1045569,1017731,12320,15518
2022-07-23,2146,1,1975,170,1047715,1019706,12321,15688
2022-07-24,1713,0,1014,699,1049428,1020720,12321,16387
2022-07-25,1711,3,1868,-160,1051139,1022588,12324,16227
2022-07-26,2329,3,1200,1126,1053468,1023788,12327,17353
2022-07-27,2621,0,1501,1120,1056089,1025289,12327,18473
2022-07-28,2544,2,2491,51,1058633,1027780,12329,18524
2022-07-29,2408,3,1925,480,1061041,1029705,12332,19004
2022-07-30,2076,2,2217,-143,1063117,1031922,12334,18861
2022-07-31,1752,2,2098,-348,1064869,1034020,12336,18513
2022-08-01,1176,1,2142,-967,1066045,1036162,12337,17546
2022-08-02,1606,3,1483,120,1067651,1037645,12340,17666
2022-08-03,2059,3,1725,331,1069710,1039370,12343,17997
2022-08-04,2240,1,3151,-912,1071950,1042521,12344,17085
2022-08-05,2078,3,2278,-203,1074028,1044799,12347,16882
2022-08-06,1906,3,2337,-434,1075934,1047136,12350,16448
2022-08-07,1444,5,2403,-964,1077378,1049539,12355,15484
2022-08-08,1838,2,2159,-323,1079216,1051698,12357,15161
2022-08-09,1813,4,1747,62,1081029,1053445,12361,15223
2022-08-10,1779,4,1274,501,1082808,1054719,12365,15724
2022-08-11,1762,3,1935,-176,1084570,1056654,12368,15548
2022-08-12,2296,0,2072,224,1086866,1058726,12368,15772
2022-08-13,1816,4,2019,-207,1088682,1060745,12372,15565
2022-08-14,1700,3,1904,-207,1090382,1062649,12375,15358
2022-08-15,1510,3,1745,-238,1091892,1064394,12378,15120
2022-08-16,1990,2,1430,558,1093882,1065824,12380,15678
2022-08-17,1936,3,1707,226,1095818,1067531,12383,15904
2022-08-18,1638,1,1919,-282,1097456,1069450,12384,15622
2022-08-19,1767,5,1823,-61,1099223,1071273,12389,15561
2022-08-20,1838,3,1805,30,1101061,1073078,12392,15591
2022-08-21,1509,3,2168,-662,1102570,1075246,12395,14929
2022-08-22,1236,3,1850,-617,1103806,1077096,12398,14312
2022-08-23,1170,2,1489,-321,1104976,1078585,12400,13991
2022-08-24,1786,2,1521,263,1106762,1080106,12402,14254
2022-08-25,1992,4,2472,-484,1108754,1082578,12406,13770
2022-08-26,1520,3,2480,-963,1110274,1085058,12409,12807
2022-08-27,1532,2,568,962,1111806,1085626,12411,13769
2022-08-28,1174,2,2160,-988,1112980,1087786,12413,12781
2022-08-29,979,3,1442,-466,1113959,1089228,12416,12315
2022-08-30,1384,2,1591,-209,1115343,1090819,12418,12106
2022-08-31,1556,2,1224,330,1116899,1092043,12420,12436
2022-09-01,1361,4,1413,-56,1118260,1093456,12424,12380
2022-09-02,1206,3,1777,-574,1119466,1095233,12427,11806
2022-09-03,1204,4,1775,-575,1120670,1097008,12431,11231
2022-09-04,1002,2,1347,-347,1121672,1098355,12433,10884
2022-09-05,789,3,1518,-732,1122461,1099873,12436,10152
2022-09-06,1116,3,1129,-16,1123577,1101002,12439,10136
2022-09-07,1195,4,1052,139,1124772,1102054,12443,10275
2022-09-08,1078,1,1439,-362,1125850,1103493,12444,9913
2022-09-09,936,2,1724,-790,1126786,1105217,12446,9123
2022-09-10,898,1,1295,-398,1127684,1106512,12447,8725
2022-09-11,702,0,1139,-437,1128386,1107651,12447,8288
2022-09-12,590,1,1083,-494,1128976,1108734,12448,7794
2022-09-13,848,0,849,-1,1129824,1109583,12448,7793
2022-09-14,993,3,797,193,1130817,1110380,12451,7986
2022-09-15,890,3,1307,-420,1131707,1111687,12454,7566
2022-09-16,827,3,1082,-258,1132534,1112769,12457,7308
2022-09-17,698,2,1291,-595,1133232,1114060,12459,6713
2022-09-18,624,2,551,71,1133856,1114611,12461,6784
2022-09-19,482,2,923,-443,1134338,1115534,12463,6341
2022-09-20,758,2,613,143,1135096,1116147,12465,6484
2022-09-21,766,3,625,138,1135862,1116772,12468,6622
2022-09-22,710,1,923,-214,1136572,1117695,12469,6408
2022-09-23,585,1,1019,-435,1137157,1118714,12470,5973
2022-09-24,558,1,816,-259,1137715,1119530,12471,5714
2022-09-25,466,3,1347,-884,1138181,1120877,12474,4830
2022-09-26,424,2,198,224,1138605,1121075,12476,5054
2022-09-27,613,0,13,600,1139218,1121088,12476,5654
2022-09-28,553,1,14,538,1139771,1121102,12477,6192
2022-09-29,630,2,32,596,1140401,1121134,12479,6788
2022-09-30,592,2,17,573,1140993,1121151,12481,7361
