tanggal,KASUS,MENINGGAL,SEMBUH,DIRAWAT_OR_ISOLASI,AKUMULASI_KASUS,AKUMULASI_SEMBUH,AKUMULASI_MENINGGAL,AKUMULASI_DIRAWAT_OR_ISOLASI
2020-03-01,2,0,0,2,2,0,0,2
2020-03-02,2,0,0,2,4,0,0,4
2020-03-03,2,0,0,2,6,0,0,6
2020-03-04,2,0,0,2,8,0,0,8
2020-03-05,0,1,0,-1,8,0,1,7
2020-03-06,0,0,0,0,8,0,1,7
2020-03-07,0,2,0,-2,8,0,3,5
2020-03-08,0,0,0,0,8,0,3,5
2020-03-09,0,1,0,-1,8,0,4,4
2020-03-10,0,0,0,0,8,0,4,4
2020-03-11,0,0,0,0,8,0,4,4
2020-03-12,2,1,4,-3,10,4,5,1
2020-03-13,4,1,3,0,14,7,6,1
2020-03-14,2,1,1,0,16,8,7,1
2020-03-15,8,3,0,5,24,8,10,6
2020-03-16,2,3,0,-1,26,8,13,5
2020-03-17,2,1,0,1,28,8,14,6
2020-03-18,1,1,0,0,29,8,15,6
2020-03-19,2,0,1,1,31,9,15,7
2020-03-20,5,3,1,1,36,10,18,8
2020-03-21,8,3,6,-1,44,16,21,7
2020-03-22,2,0,3,-1,46,19,21,6
2020-03-23,0,0,0,0,46,19,21,6
2020-03-24,16,19,3,-6,62,22,40,0
2020-03-25,1,1,0,0,63,22,41,0
2020-03-26,57,2,0,55,120,22,43,55
2020-03-27,74,7,6,61,194,28,50,116
2020-03-28,48,9,9,30,242,37,59,146
2020-03-29,52,10,0,42,294,37,69,188
2020-03-30,33,7,0,26,327,37,76,214
2020-03-31,44,10,0,34,371,37,86,248
2020-04-01,59,1,0,58,430,37,87,306
2020-04-02,70,5,2,63,500,39,92,369
2020-04-03,71,6,2,63,571,41,98,432
2020-04-04,57,8,5,44,628,46,106,476
2020-04-05,87,11,2,74,715,48,117,550
2020-04-06,103,7,7,89,818,55,124,639
2020-04-07,113,14,3,96,931,58,138,735
2020-04-08,90,8,5,77,1021,63,146,812
2020-04-09,228,34,5,189,1249,68,180,1001
2020-04-10,53,11,4,38,1302,72,191,1039
2020-04-11,190,10,7,173,1492,79,201,1212
2020-04-12,156,33,37,86,1648,116,234,1298
2020-04-13,135,7,1,127,1783,117,241,1425
2020-04-14,122,10,0,112,1905,117,251,1537
2020-04-15,143,9,20,114,2048,137,260,1651
2020-04-16,174,1,0,173,2222,137,261,1824
2020-04-17,170,7,35,128,2392,172,268,1952
2020-04-18,101,7,1,93,2493,173,275,2045
2020-04-19,113,3,25,85,2606,198,278,2130
2020-04-20,74,5,7,62,2680,205,283,2192
2020-04-21,183,2,59,122,2863,264,285,2314
2020-04-22,110,1,8,101,2973,272,286,2415
2020-04-23,122,0,4,118,3095,276,286,2533
2020-04-24,78,0,1,77,3173,277,286,2610
2020-04-25,78,19,7,52,3251,284,305,2662
2020-04-26,104,7,1,96,3355,285,312,2758
2020-04-27,66,13,1,52,3421,286,325,2810
2020-04-28,124,4,22,98,3545,308,329,2908
2020-04-29,110,0,75,35,3655,383,329,2943
2020-04-30,106,0,46,60,3761,429,329,3003
2020-05-01,135,4,2,129,3896,431,333,3132
2020-05-02,92,17,24,51,3988,455,350,3183
2020-05-03,129,5,112,12,4117,567,355,3195
2020-05-04,80,8,3,69,4197,570,363,3264
2020-05-05,132,1,66,65,4329,636,364,3329
2020-05-06,106,5,37,64,4435,673,369,3393
2020-05-07,82,8,4,70,4517,677,377,3463
2020-05-08,96,1,0,95,4613,677,378,3558
2020-05-09,98,3,5,90,4711,682,381,3648
2020-05-10,125,6,49,70,4836,731,387,3718
2020-05-11,81,6,9,66,4917,740,393,3784
2020-05-12,96,2,108,-14,5013,848,395,3770
2020-05-13,180,6,96,78,5193,944,401,3848
2020-05-14,135,2,134,-1,5328,1078,403,3847
2020-05-15,86,7,106,-27,5414,1184,410,3820
2020-05-16,101,0,18,83,5515,1202,410,3903
2020-05-17,127,3,11,113,5642,1213,413,4016
2020-05-18,79,0,0,79,5721,1213,413,4095
2020-05-19,94,7,21,66,5815,1234,420,4161
2020-05-20,84,1,3,80,5899,1237,421,4241
2020-05-21,70,8,130,-68,5969,1367,429,4173
2020-05-22,106,29,55,22,6075,1422,458,4195
2020-05-23,111,1,54,56,6186,1476,459,4251
2020-05-24,112,0,20,92,6298,1496,459,4343
2020-05-25,76,0,65,11,6374,1561,459,4354
2020-05-26,87,0,13,74,6461,1574,459,4428
2020-05-27,109,8,16,85,6570,1590,467,4513
2020-05-28,100,0,20,80,6670,1610,467,4593
2020-05-29,125,0,38,87,6795,1648,467,4680
2020-05-30,108,7,255,-154,6903,1903,474,4526
2020-05-31,113,1,70,42,7016,1973,475,4568
2020-06-01,157,2,185,-30,7173,2158,477,4538
2020-06-02,59,0,120,-61,7232,2278,477,4477
2020-06-03,91,5,181,-95,7323,2459,482,4382
2020-06-04,109,0,21,88,7432,2480,482,4470
2020-06-05,70,1,138,-69,7502,2618,483,4401
2020-06-06,117,0,86,31,7619,2704,483,4432
2020-06-07,168,4,287,-123,7787,2991,487,4309
2020-06-08,90,0,75,15,7877,3066,487,4324
2020-06-09,239,4,163,72,8116,3229,491,4396
2020-06-10,166,2,141,23,8282,3370,493,4419
2020-06-11,131,1,147,-17,8413,3517,494,4402
2020-06-12,92,4,118,-30,8505,3635,498,4372
2020-06-13,121,8,58,55,8626,3693,506,4427
2020-06-14,118,9,246,-137,8744,3939,515,4290
2020-06-15,141,2,111,28,8885,4050,517,4318
2020-06-16,97,0,132,-35,8982,4182,517,4283
2020-06-17,122,5,115,2,9104,4297,522,4285
2020-06-18,171,30,130,11,9275,4427,552,4296
2020-06-19,133,1,126,6,9408,4553,553,4302
2020-06-20,189,8,123,58,9597,4676,561,4360
2020-06-21,141,1,234,-94,9738,4910,562,4266
2020-06-22,123,0,75,48,9861,4985,562,4314
2020-06-23,160,8,109,43,10021,5094,570,4357
2020-06-24,152,8,97,47,10173,5191,578,4404
2020-06-25,181,9,220,-48,10354,5411,587,4356
2020-06-26,197,4,0,193,10551,5411,591,4549
2020-06-27,192,8,68,116,10743,5479,599,4665
2020-06-28,132,1,255,-124,10875,5734,600,4541
2020-06-29,122,0,252,-130,10997,5986,600,4411
2020-06-30,182,8,394,-220,11179,6380,608,4191
2020-07-01,215,0,168,47,11394,6548,608,4238
2020-07-02,200,6,192,2,11594,6740,614,4240
2020-07-03,140,5,240,-105,11734,6980,619,4135
2020-07-04,218,0,268,-50,11952,7248,619,4085
2020-07-05,255,5,286,-36,12207,7534,624,4049
2020-07-06,221,0,374,-153,12428,7908,624,3896
2020-07-07,193,12,242,-61,12621,8150,636,3835
2020-07-08,350,6,147,197,12971,8297,642,4032
2020-07-09,277,6,223,48,13248,8520,648,4080
2020-07-10,252,0,180,72,13500,8700,648,4152
2020-07-11,383,10,215,158,13883,8915,658,4310
2020-07-12,395,10,159,226,14278,9074,668,4536
2020-07-13,281,7,208,66,14559,9282,675,4602
2020-07-14,266,4,120,142,14825,9402,679,4744
2020-07-15,251,5,197,49,15076,9599,684,4793
2020-07-16,309,8,135,166,15385,9734,692,4959
2020-07-17,257,6,139,112,15642,9873,698,5071
2020-07-18,339,8,121,210,15981,9994,706,5281
2020-07-19,319,9,327,-17,16300,10321,715,5264
2020-07-20,381,9,155,217,16681,10476,724,5481
2020-07-21,432,8,266,158,17113,10742,732,5639
2020-07-22,387,5,367,15,17500,11109,737,5654
2020-07-23,462,2,168,292,17962,11277,739,5946
2020-07-24,293,4,270,19,18255,11547,743,5965
2020-07-25,369,0,175,194,18624,11722,743,6159
2020-07-26,384,4,161,219,19008,11883,747,6378
2020-07-27,501,10,112,379,19509,11995,757,6757
2020-07-28,409,16,374,19,19918,12369,773,6776
2020-07-29,617,14,250,353,20535,12619,787,7129
2020-07-30,397,19,188,190,20932,12807,806,7319
2020-07-31,430,14,405,11,21362,13212,820,7330
2020-08-01,368,12,680,-324,21730,13892,832,7006
2020-08-02,377,0,141,236,22107,14033,832,7242
2020-08-03,472,16,134,322,22579,14167,848,7564
2020-08-04,410,14,224,172,22989,14391,862,7736
2020-08-05,354,14,379,-39,23343,14770,876,7697
2020-08-06,556,13,248,295,23899,15018,889,7992
2020-08-07,665,12,196,457,24564,15214,901,8449
2020-08-08,686,11,509,166,25250,15723,912,8615
2020-08-09,440,6,560,-126,25690,16283,918,8489
2020-08-10,433,2,179,252,26123,16462,920,8741
2020-08-11,462,12,184,266,26585,16646,932,9007
2020-08-12,529,15,822,-308,27114,17468,947,8699
2020-08-13,608,11,400,197,27722,17868,958,8896
2020-08-14,538,4,694,-160,28260,18562,962,8736
2020-08-15,583,6,527,50,28843,19089,968,8786
2020-08-16,518,1,654,-137,29361,19743,969,8649
2020-08-17,552,14,209,329,29913,19952,983,8978
2020-08-18,513,19,589,-95,30426,20541,1002,8883
2020-08-19,551,18,570,-37,30977,21111,1020,8846
2020-08-20,594,16,729,-151,31571,21840,1036,8695
2020-08-21,657,16,435,206,32228,22275,1052,8901
2020-08-22,588,17,653,-82,32816,22928,1069,8819
2020-08-23,614,17,693,-96,33430,23621,1086,8723
2020-08-24,633,16,1901,-1284,34063,25522,1102,7439
2020-08-25,638,15,526,97,34701,26048,1117,7536
2020-08-26,713,7,764,-58,35414,26812,1124,7478
2020-08-27,760,11,1539,-790,36174,28351,1135,6688
2020-08-28,869,10,880,-21,37043,29231,1145,6667
2020-08-29,861,18,600,243,37904,29831,1163,6910
2020-08-30,1094,9,368,717,38998,30199,1172,7627
2020-08-31,1049,14,402,633,40047,30601,1186,8260
2020-09-01,901,17,737,147,40948,31338,1203,8407
2020-09-02,1054,17,479,558,42002,31817,1220,8965
2020-09-03,1359,15,702,642,43361,32519,1235,9607
2020-09-04,880,6,823,51,44241,33342,1241,9658
2020-09-05,877,14,731,132,45118,34073,1255,9790
2020-09-06,1176,10,805,361,46294,34878,1265,10151
2020-09-07,1046,22,662,362,47340,35540,1287,10513
2020-09-08,1014,21,931,62,48354,36471,1308,10575
2020-09-09,1004,17,844,143,49358,37315,1325,10718
2020-09-10,1274,17,1008,249,50632,38323,1342,10967
2020-09-11,964,17,904,43,51596,39227,1359,11010
2020-09-12,1205,18,665,522,52801,39892,1377,11532
2020-09-13,1380,5,957,418,54181,40849,1382,11950
2020-09-14,879,27,1511,-659,55060,42360,1409,11291
2020-09-15,1076,33,982,61,56136,43342,1442,11352
2020-09-16,1294,31,1146,117,57430,44488,1473,11469
2020-09-17,1113,14,748,351,58543,45236,1487,11820
2020-09-18,1258,22,1036,200,59801,46272,1509,12020
2020-09-19,988,10,1032,-54,60789,47304,1519,11966
2020-09-20,1138,14,1069,55,61927,48373,1533,12021
2020-09-21,1352,29,1294,29,63279,49667,1562,12050
2020-09-22,1236,30,849,357,64515,50516,1592,12407
2020-09-23,1135,28,1105,2,65650,51621,1620,12409
2020-09-24,1044,20,1162,-138,66694,52783,1640,12271
2020-09-25,1171,13,1626,-468,67865,54409,1653,11803
2020-09-26,1323,12,764,547,69188,55173,1665,12350
2020-09-27,1217,13,1294,-90,70405,56467,1678,12260
2020-09-28,898,9,1331,-442,71303,57798,1687,11818
2020-09-29,1238,21,1121,96,72541,58919,1708,11914
2020-09-30,1159,13,1452,-306,73700,60371,1721,11608
2020-10-01,1253,6,1118,129,74953,61489,1727,11737
2020-10-02,1198,3,675,520,76151,62164,1730,12257
2020-10-03,1265,4,1190,71,77416,63354,1734,12328
2020-10-04,1398,13,1031,354,78814,64385,1747,12682
2020-10-05,1022,16,980,26,79836,65365,1763,12708
2020-10-06,1106,31,1016,59,80942,66381,1794,12767
2020-10-07,1211,15,987,209,82153,67368,1809,12976
2020-10-08,1182,17,1047,118,83335,68415,1826,13094
2020-10-09,943,21,849,73,84278,69264,1847,13167
2020-10-10,1259,16,1284,-41,85537,70548,1863,13126
2020-10-11,1389,18,1062,309,86926,71610,1881,13435
2020-10-12,1211,25,1113,73,88137,72723,1906,13508
2020-10-13,1054,19,1101,-66,89191,73824,1925,13442
2020-10-14,1038,17,1203,-182,90229,75027,1942,13260
2020-10-15,1072,20,1050,2,91301,76077,1962,13262
2020-10-16,1045,24,982,39,92346,77059,1986,13301
2020-10-17,974,23,1108,-157,93320,78167,2009,13144
2020-10-18,971,17,1080,-126,94291,79247,2026,13018
2020-10-19,926,14,1128,-216,95217,80375,2040,12802
2020-10-20,964,22,837,105,96181,81212,2062,12907
2020-10-21,1000,21,1073,-94,97181,82285,2083,12813
2020-10-22,989,16,1157,-184,98170,83442,2099,12629
2020-10-23,952,21,1093,-162,99122,84535,2120,12467
2020-10-24,1062,20,1157,-115,100184,85692,2140,12352
2020-10-25,771,18,1231,-478,100955,86923,2158,11874
2020-10-26,906,13,1185,-292,101861,88108,2171,11582
2020-10-27,781,11,1130,-360,102642,89238,2182,11222
2020-10-28,844,17,1060,-233,103486,90298,2199,10989
2020-10-29,713,14,1084,-385,104199,91382,2213,10604
2020-10-30,612,14,1081,-483,104811,92463,2227,10121
2020-10-31,750,19,1047,-316,105561,93510,2246,9805
2020-11-01,608,19,1474,-885,106169,94984,2265,8920
2020-11-02,1024,18,1058,-52,107193,96042,2283,8868
2020-11-03,617,10,1025,-418,107810,97067,2293,8450
2020-11-04,768,14,940,-186,108578,98007,2307,8264
2020-11-05,797,15,974,-192,109375,98981,2322,8072
2020-11-06,672,18,1028,-374,110047,100009,2340,7698
2020-11-07,1118,11,987,120,111165,100996,2351,7818
2020-11-08,826,8,984,-166,111991,101980,2359,7652
2020-11-09,716,12,1131,-427,112707,103111,2371,7225
2020-11-10,1013,13,1257,-257,113720,104368,2384,6968
2020-11-11,587,13,959,-385,114307,105327,2397,6583
2020-11-12,831,11,1072,-252,115138,106399,2408,6331
2020-11-13,1033,10,13,1010,116171,106412,2418,7341
2020-11-14,1255,5,11,1239,117426,106423,2423,8580
2020-11-15,1164,2,23,1139,118590,106446,2425,9719
2020-11-16,1006,2,867,137,119596,107313,2427,9856
2020-11-17,1037,36,825,176,120633,108138,2463,10032
2020-11-18,1148,11,2193,-1056,121781,110331,2474,8976
2020-11-19,1185,14,2671,-1500,122966,113002,2488,7476
2020-11-20,1240,0,569,671,124206,113571,2488,8147
2020-11-21,1579,15,1085,479,125785,114656,2503,8626
2020-11-22,1342,16,1070,256,127127,115726,2519,8882
2020-11-23,1009,3,1052,-46,128136,116778,2522,8836
2020-11-24,1015,19,1089,-93,129151,117867,2541,8743
2020-11-25,1273,17,1090,166,130424,118957,2558,8909
2020-11-26,1064,14,1133,-83,131488,120090,2572,8826
2020-11-27,1436,15,838,583,132924,120928,2587,9409
2020-11-28,1370,15,1232,123,134294,122160,2602,9532
2020-11-29,1431,19,820,592,135725,122980,2621,10124
2020-11-30,1099,25,910,164,136824,123890,2646,10288
2020-12-01,1058,23,1042,-7,137882,124932,2669,10281
2020-12-02,1166,23,1063,80,139048,125995,2692,10361
2020-12-03,1153,34,1073,46,140201,127068,2726,10407
2020-12-04,1032,23,928,81,141233,127996,2749,10488
2020-12-05,1360,23,1031,306,142593,129027,2772,10794
2020-12-06,1331,23,1040,268,143924,130067,2795,11062
2020-12-07,1466,24,944,498,145390,131011,2819,11560
2020-12-08,1194,21,1203,-30,146584,132214,2840,11530
2020-12-09,1217,18,1072,127,147801,133286,2858,11657
2020-12-10,1180,18,1046,116,148981,134332,2876,11773
2020-12-11,1232,4,1096,132,150213,135428,2880,11905
2020-12-12,951,17,923,11,151164,136351,2897,11916
2020-12-13,1298,16,1112,170,152462,137463,2913,12086
2020-12-14,1506,17,1471,18,153968,138934,2930,12104
2020-12-15,1116,22,1135,-41,155084,140069,2952,12063
2020-12-16,1221,22,1142,57,156305,141211,2974,12120
2020-12-17,1690,20,1371,299,157995,142582,2994,12419
2020-12-18,1587,19,1234,334,159582,143816,3013,12753
2020-12-19,1899,20,1097,782,161481,144913,3033,13535
2020-12-20,1592,19,1874,-301,163073,146787,3052,13234
2020-12-21,1466,15,1368,83,164539,148155,3067,13317
2020-12-22,1311,14,1374,-77,165850,149529,3081,13240
2020-12-23,1954,15,1444,495,167804,150973,3096,13735
2020-12-24,1933,16,1341,576,169737,152314,3112,14311
2020-12-25,2096,21,1727,348,171833,154041,3133,14659
2020-12-26,2058,14,2551,-507,173891,156592,3147,14152
2020-12-27,1997,22,1824,151,175888,158416,3169,14303
2020-12-28,1678,21,1713,-56,177566,160129,3190,14247
2020-12-29,2056,18,1002,1036,179622,161131,3208,15283
2020-12-30,2053,21,1566,466,181675,162697,3229,15749
2020-12-31,2022,21,1968,33,183697,164665,3250,15782
2021-01-01,1956,20,1643,293,185653,166308,3270,16075
2021-01-02,1894,26,2280,-412,187547,168588,3296,15663
2021-01-03,1658,10,1691,-43,189205,170279,3306,15620
2021-01-04,1832,21,2527,-716,191037,172806,3327,14904
2021-01-05,1824,19,1339,466,192861,174145,3346,15370
2021-01-06,2402,17,1095,1290,195263,175240,3363,16660
2021-01-07,2398,21,1446,931,197661,176686,3384,17591
2021-01-08,2959,24,2690,245,200620,179376,3408,17836
2021-01-09,2753,27,2118,608,203373,181494,3435,18444
2021-01-10,2711,31,2898,-218,206084,184392,3466,18226
2021-01-11,2461,31,2510,-80,208545,186902,3497,18146
2021-01-12,2669,34,1657,978,211214,188559,3531,19124
2021-01-13,3476,45,2952,479,214690,191511,3576,19603
2021-01-14,3165,43,2075,1047,217855,193586,3619,20650
2021-01-15,2541,35,2490,16,220396,196076,3654,20666
2021-01-16,3536,32,1772,1732,223932,197848,3686,22398
2021-01-17,3395,33,3776,-414,227327,201624,3719,21984
2021-01-18,2361,36,2801,-476,229688,204425,3755,21508
2021-01-19,2563,40,2500,23,232251,206925,3795,21531
2021-01-20,3786,33,3770,-17,236037,210695,3828,21514
2021-01-21,3151,30,2570,551,239188,213265,3858,22065
2021-01-22,3791,41,2169,1581,242979,215434,3899,23646
2021-01-23,3285,31,3492,-238,246264,218926,3930,23408
2021-01-24,3512,39,2328,1145,249776,221254,3969,24553
2021-01-25,2451,43,2504,-96,252227,223758,4012,24457
2021-01-26,2313,46,2939,-672,254540,226697,4058,23785
2021-01-27,1836,34,2970,-1168,256376,229667,4092,22617
2021-01-28,2889,40,2731,118,259265,232398,4132,22735
2021-01-29,3448,44,2428,976,262713,234826,4176,23711
2021-01-30,3491,30,3565,-104,266204,238391,4206,23607
2021-01-31,3474,42,3354,78,269678,241745,4248,23685
2021-02-01,3614,45,2352,1217,273292,244097,4293,24902
2021-02-02,3362,44,4577,-1259,276654,248674,4337,23643
2021-02-03,3567,44,1391,2132,280221,250065,4381,25775
2021-02-04,3632,40,3963,-371,283853,254028,4421,25404
2021-02-05,3340,45,2475,820,287193,256503,4466,26224
2021-02-06,2379,44,4433,-2098,289572,260936,4510,24126
2021-02-07,4212,45,4305,-138,293784,265241,4555,23988
2021-02-08,3142,43,3415,-316,296926,268656,4598,23672
2021-02-09,3437,57,2786,594,300363,271442,4655,24266
2021-02-10,3308,43,3244,21,303671,274686,4698,24287
2021-02-11,2513,51,4096,-1634,306184,278782,4749,22653
2021-02-12,3807,50,5636,-1879,309991,284418,4799,20774
2021-02-13,3016,53,5010,-2047,313007,289428,4852,18727
2021-02-14,2497,48,3977,-1528,315504,293405,4900,17199
2021-02-15,1879,42,2081,-244,317383,295486,4942,16955
2021-02-16,1861,62,1579,220,319244,297065,5004,17175
2021-02-17,1446,31,2591,-1176,320690,299656,5035,15999
2021-02-18,373,35,2717,-2379,321063,302373,5070,13620
2021-02-19,1920,6,2757,-843,322983,305130,5076,12777
2021-02-20,2872,40,2490,342,325855,307620,5116,13119
2021-02-21,2725,55,2681,-11,328580,310301,5171,13108
2021-02-22,2465,40,2305,120,331045,312606,5211,13228
2021-02-23,782,45,2052,-1315,331827,314658,5256,11913
2021-02-24,782,35,1857,-1110,332609,316515,5291,10803
2021-02-25,1581,55,2656,-1130,334190,319171,5346,9673
2021-02-26,1662,42,1864,-244,335852,321035,5388,9429
2021-02-27,1736,44,1163,529,337588,322198,5432,9958
2021-02-28,2098,43,891,1164,339686,323089,5475,11122
2021-03-01,2058,52,3132,-1126,341744,326221,5527,9996
2021-03-02,577,36,2165,-1624,342321,328386,5563,8372
2021-03-03,1437,38,2487,-1088,343758,330873,5601,7284
2021-03-04,2009,46,1750,213,345767,332623,5647,7497
2021-03-05,1160,45,1290,-175,346927,333913,5692,7322
2021-03-06,1615,44,1568,3,348542,335481,5736,7325
2021-03-07,1835,45,1764,26,350377,337245,5781,7351
2021-03-08,1783,48,1675,60,352160,338920,5829,7411
2021-03-09,867,45,1643,-821,353027,340563,5874,6590
2021-03-10,1046,45,1477,-476,354073,342040,5919,6114
2021-03-11,1754,25,980,749,355827,343020,5944,6863
2021-03-12,1872,50,1263,559,357699,344283,5994,7422
2021-03-13,1034,10,577,447,358733,344860,6004,7869
2021-03-14,1204,36,2367,-1199,359937,347227,6040,6670
2021-03-15,1555,35,1762,-242,361492,348989,6075,6428
2021-03-16,835,20,1491,-676,362327,350480,6095,5752
2021-03-17,1330,3,1183,144,363657,351663,6098,5896
2021-03-18,1719,20,1168,531,365376,352831,6118,6427
2021-03-19,1588,24,1174,390,366964,354005,6142,6817
2021-03-20,1935,22,1184,729,368899,355189,6164,7546
2021-03-21,1638,23,1884,-269,370537,357073,6187,7277
2021-03-22,1474,8,1715,-249,372011,358788,6195,7028
2021-03-23,816,11,1691,-886,372827,360479,6206,6142
2021-03-24,890,11,1986,-1107,373717,362465,6217,5035
2021-03-25,1727,12,490,1225,375444,362955,6229,6260
2021-03-26,1381,11,897,473,376825,363852,6240,6733
2021-03-27,1354,18,599,737,378179,364451,6258,7470
2021-03-28,1470,23,1175,272,379649,365626,6281,7742
2021-03-29,1014,22,1079,-87,380663,366705,6303,7655
2021-03-30,384,21,1087,-724,381047,367792,6324,6931
2021-03-31,965,0,1073,-108,382012,368865,6324,6823
2021-04-01,1337,18,988,331,383349,369853,6342,7154
2021-04-02,1240,7,1292,-59,384589,371145,6349,7095
2021-04-03,1098,4,600,494,385687,371745,6353,7589
2021-04-04,736,6,1599,-869,386423,373344,6359,6720
2021-04-05,523,4,1187,-668,386946,374531,6363,6052
2021-04-06,487,4,587,-104,387433,375118,6367,5948
2021-04-07,862,9,695,158,388295,375813,6376,6106
2021-04-08,1238,4,485,749,389533,376298,6380,6855
2021-04-09,1013,10,623,380,390546,376921,6390,7235
2021-04-10,977,7,856,114,391523,377777,6397,7349
2021-04-11,1031,7,1396,-372,392554,379173,6404,6977
2021-04-12,692,7,1357,-672,393246,380530,6411,6305
2021-04-13,828,6,900,-78,394074,381430,6417,6227
2021-04-14,661,7,614,40,394735,382044,6424,6267
2021-04-15,1330,6,690,634,396065,382734,6430,6901
2021-04-16,980,18,871,91,397045,383605,6448,6992
2021-04-17,1037,18,999,20,398082,384604,6466,7012
2021-04-18,950,13,987,-50,399032,385591,6479,6962
2021-04-19,973,14,971,-12,400005,386562,6493,6950
2021-04-20,460,14,897,-451,400465,387459,6507,6499
2021-04-21,602,12,573,17,401067,388032,6519,6516
2021-04-22,1266,11,652,603,402333,388684,6530,7119
2021-04-23,884,18,721,145,403217,389405,6548,7264
2021-04-24,907,12,886,9,404124,390291,6560,7273
2021-04-25,896,14,962,-80,405020,391253,6574,7193
2021-04-26,748,14,1339,-605,405768,392592,6588,6588
2021-04-27,394,17,600,-223,406162,393192,6605,6365
2021-04-28,639,14,682,-57,406801,393874,6619,6308
2021-04-29,987,23,480,484,407788,394354,6642,6792
2021-04-30,789,4,539,246,408577,394893,6646,7038
2021-05-01,926,15,793,118,409503,395686,6661,7156
2021-05-02,854,10,984,-140,410357,396670,6671,7016
2021-05-03,757,20,687,50,411114,397357,6691,7066
2021-05-04,416,18,586,-188,411530,397943,6709,6878
2021-05-05,845,12,687,146,412375,398630,6721,7024
2021-05-06,906,21,566,319,413281,399196,6742,7343
2021-05-07,783,20,595,168,414064,399791,6762,7511
2021-05-08,732,26,584,122,414796,400375,6788,7633
2021-05-09,809,16,690,103,415605,401065,6804,7736
2021-05-10,693,22,607,64,416298,401672,6826,7800
2021-05-11,406,20,667,-281,416704,402339,6846,7519
2021-05-12,656,13,674,-31,417360,403013,6859,7488
2021-05-13,785,15,585,185,418145,403598,6874,7673
2021-05-14,632,16,547,69,418777,404145,6890,7742
2021-05-15,227,15,573,-361,419004,404718,6905,7381
2021-05-16,161,18,592,-449,419165,405310,6923,6932
2021-05-17,421,25,0,396,419586,405310,6948,7328
2021-05-18,219,15,194,10,419805,405504,6963,7338
2021-05-19,611,19,197,395,420416,405701,6982,7733
2021-05-20,895,20,96,779,421311,405797,7002,8512
2021-05-21,856,16,100,740,422167,405897,7018,9252
2021-05-22,932,12,397,523,423099,406294,7030,9775
2021-05-23,867,12,340,515,423966,406634,7042,10290
2021-05-24,819,10,302,507,424785,406936,7052,10797
2021-05-25,384,14,506,-136,425169,407442,7066,10661
2021-05-26,617,11,516,90,425786,407958,7077,10751
2021-05-27,940,18,586,336,426726,408544,7095,11087
2021-05-28,602,18,908,-324,427328,409452,7113,10763
2021-05-29,898,12,998,-112,428226,410450,7125,10651
2021-05-30,1064,13,1004,47,429290,411454,7138,10698
2021-05-31,726,19,581,126,430016,412035,7157,10824
2021-06-01,519,11,509,-1,430535,412544,7168,10823
2021-06-02,602,20,587,-5,431137,413131,7188,10818
2021-06-03,715,21,501,193,431852,413632,7209,11011
2021-06-04,906,20,814,72,432758,414446,7229,11083
2021-06-05,1317,22,828,467,434075,415274,7251,11550
2021-06-06,1019,20,884,115,435094,416158,7271,11665
2021-06-07,1197,20,874,303,436291,417032,7291,11968
2021-06-08,755,20,948,-213,437046,417980,7311,11755
2021-06-09,1375,14,1112,249,438421,419092,7325,12004
2021-06-10,2091,25,1105,961,440512,420197,7350,12965
2021-06-11,2293,21,1182,1090,442805,421379,7371,14055
2021-06-12,2455,19,746,1690,445260,422125,7390,15745
2021-06-13,2769,19,935,1815,448029,423060,7409,17560
2021-06-14,2722,39,1034,1649,450751,424094,7448,19209
2021-06-15,1502,20,1194,288,452253,425288,7468,19497
2021-06-16,2376,34,1276,1066,454629,426564,7502,20563
2021-06-17,4144,50,1877,2217,458773,428441,7552,22780
2021-06-18,4737,65,2110,2562,463510,430551,7617,25342
2021-06-19,4893,60,2441,2392,468403,432992,7677,27734
2021-06-20,5582,69,2457,3056,473985,435449,7746,30790
2021-06-21,5014,74,2835,2105,478999,438284,7820,32895
2021-06-22,3220,59,3481,-320,482219,441765,7879,32575
2021-06-23,4693,47,1190,3456,486912,442955,7926,36031
2021-06-24,7504,49,2438,5017,494416,445393,7975,41048
2021-06-25,6933,69,2571,4293,501349,447964,8044,45341
2021-06-26,9269,51,2724,6494,510618,450688,8095,51835
2021-06-27,9393,51,3505,5837,520011,454193,8146,57672
2021-06-28,8348,80,3414,4854,528359,457607,8226,62526
2021-06-29,7379,79,3505,3795,535738,461112,8305,66321
2021-06-30,7680,71,3522,4087,543418,464634,8376,70408
2021-07-01,7541,46,3527,3968,550959,468161,8422,74376
2021-07-02,9398,70,5013,4315,560357,473174,8492,78691
2021-07-03,9701,16,5681,4004,570058,478855,8508,82695
2021-07-04,10485,64,5816,4605,580543,484671,8572,87300
2021-07-05,10902,120,6596,4186,591445,491267,8692,91486
2021-07-06,9439,136,6100,3203,600884,497367,8828,94689
2021-07-07,9365,141,3655,5569,610249,501022,8969,100258
2021-07-08,12974,136,10854,1984,623223,511876,9105,102242
2021-07-09,13111,138,15029,-2056,636334,526905,9243,100186
2021-07-10,12920,87,16839,-4006,649254,543744,9330,96180
2021-07-11,13133,46,20602,-7515,662387,564346,9376,88665
2021-07-12,14622,134,20477,-5989,677009,584823,9510,82676
2021-07-13,12183,68,4571,7544,689192,589394,9578,90220
2021-07-14,12669,63,3069,9537,701861,592463,9641,99757
2021-07-15,12691,141,3034,9516,714552,595497,9782,109273
2021-07-16,12416,132,8448,3836,726968,603945,9914,113109
2021-07-17,10168,67,11610,-1509,737136,615555,9981,111600
2021-07-18,9129,158,11852,-2881,746265,627407,10139,108719
2021-07-19,5000,250,12659,-7909,751265,640066,10389,100810
2021-07-20,6213,267,12066,-6120,757478,652132,10656,94690
2021-07-21,5904,95,10545,-4736,763382,662677,10751,89954
2021-07-22,7060,195,10631,-3766,770442,673308,10946,86188
2021-07-23,8033,157,14510,-6634,778475,687818,11103,79554
2021-07-24,8359,151,14528,-6320,786834,702346,11254,73234
2021-07-25,5394,157,14224,-8987,792228,716570,11411,64247
2021-07-26,2661,160,14652,-12151,794889,731222,11571,52096
2021-07-27,3567,184,14849,-11466,798456,746071,11755,40630
2021-07-28,5524,69,10936,-5481,803980,757007,11824,35149
2021-07-29,3845,27,11422,-7604,807825,768429,11851,27545
2021-07-30,3454,43,11146,-7735,811279,779575,11894,19810
2021-07-31,3328,250,4961,-1883,814607,784536,12144,17927
2021-08-01,2701,71,4595,-1965,817308,789131,12215,15962
2021-08-02,1410,153,2161,-904,818718,791292,12368,15058
2021-08-03,1600,70,2506,-976,820318,793798,12438,14082
2021-08-04,2981,63,2470,448,823299,796268,12501,14530
2021-08-05,2312,126,2759,-573,825611,799027,12627,13957
2021-08-06,2185,53,3206,-1074,827796,802233,12680,12883
2021-08-07,2008,68,4556,-2616,829804,806789,12748,10267
2021-08-08,1649,19,1199,431,831453,807988,12767,10698
2021-08-09,727,14,1009,-296,832180,808997,12781,10402
2021-08-10,1426,39,1174,213,833606,810171,12820,10615
2021-08-11,1957,42,1334,581,835563,811505,12862,11196
2021-08-12,1080,42,2471,-1433,836643,813976,12904,9763
2021-08-13,1210,68,1568,-426,837853,815544,12972,9337
2021-08-14,1363,29,1213,121,839216,816757,13001,9458
2021-08-15,1182,17,1066,99,840398,817823,13018,9557
2021-08-16,513,28,944,-459,840911,818767,13046,9098
2021-08-17,654,24,917,-287,841565,819684,13070,8811
2021-08-18,1029,13,892,124,842594,820576,13083,8935
2021-08-19,731,34,949,-252,843325,821525,13117,8683
2021-08-20,968,11,944,13,844293,822469,13128,8696
2021-08-21,891,13,912,-34,845184,823381,13141,8662
2021-08-22,702,28,899,-225,845886,824280,13169,8437
2021-08-23,485,20,640,-175,846371,824920,13189,8262
2021-08-24,484,10,526,-52,846855,825446,13199,8210
2021-08-25,789,9,723,57,847644,826169,13208,8267
2021-08-26,574,10,1029,-465,848218,827198,13218,7802
2021-08-27,635,9,353,273,848853,827551,13227,8075
2021-08-28,468,10,453,5,849321,828004,13237,8080
2021-08-29,474,6,703,-235,849795,828707,13243,7845
2021-08-30,341,5,880,-544,850136,829587,13248,7301
2021-08-31,399,29,528,-158,850535,830115,13277,7143
2021-09-01,673,12,1088,-427,851208,831203,13289,6716
2021-09-02,430,10,838,-418,851638,832041,13299,6298
2021-09-03,343,11,832,-500,851981,832873,13310,5798
2021-09-04,360,10,488,-138,852341,833361,13320,5660
2021-09-05,303,10,317,-24,852644,833678,13330,5636
2021-09-06,217,16,736,-535,852861,834414,13346,5101
2021-09-07,262,13,531,-282,853123,834945,13359,4819
2021-09-08,428,14,663,-249,853551,835608,13373,4570
2021-09-09,308,13,484,-189,853859,836092,13386,4381
2021-09-10,261,12,456,-207,854120,836548,13398,4174
2021-09-11,268,20,400,-152,854388,836948,13418,4022
2021-09-12,306,6,317,-17,854694,837265,13424,4005
2021-09-13,187,6,453,-272,854881,837718,13430,3733
2021-09-14,190,3,499,-312,855071,838217,13433,3421
2021-09-15,305,10,506,-211,855376,838723,13443,3210
2021-09-16,176,9,200,-33,855552,838923,13452,3177
2021-09-17,206,5,368,-167,855758,839291,13457,3010
2021-09-18,200,6,243,-49,855958,839534,13463,2961
2021-09-19,155,4,81,70,856113,839615,13467,3031
2021-09-20,91,3,511,-423,856204,840126,13470,2608
2021-09-21,106,4,313,-211,856310,840439,13474,2397
2021-09-22,227,4,286,-63,856537,840725,13478,2334
2021-09-23,165,2,265,-102,856702,840990,13480,2232
2021-09-24,181,5,330,-154,856883,841320,13485,2078
2021-09-25,133,3,198,-68,857016,841518,13488,2010
2021-09-26,168,3,126,39,857184,841644,13491,2049
2021-09-27,103,4,251,-152,857287,841895,13495,1897
2021-09-28,104,3,176,-75,857391,842071,13498,1822
2021-09-29,177,6,194,-23,857568,842265,13504,1799
2021-09-30,149,3,193,-47,857717,842458,13507,1752
2021-10-01,151,5,138,8,857868,842596,13512,1760
2021-10-02,155,5,163,-13,858023,842759,13517,1747
2021-10-03,127,4,89,34,858150,842848,13521,1781
2021-10-04,149,1,169,-21,858299,843017,13522,1760
2021-10-05,72,3,150,-81,858371,843167,13525,1679
2021-10-06,203,3,164,36,858574,843331,13528,1715
2021-10-07,150,1,100,49,858724,843431,13529,1764
2021-10-08,150,0,307,-157,858874,843738,13529,1607
2021-10-09,100,2,2,96,858974,843740,13531,1703
2021-10-10,140,3,69,68,859114,843809,13534,1771
2021-10-11,41,2,309,-270,859155,844118,13536,1501
2021-10-12,143,1,337,-195,859298,844455,13537,1306
2021-10-13,278,0,199,79,859576,844654,13537,1385
2021-10-14,113,0,98,15,859689,844752,13537,1400
2021-10-15,123,0,64,59,859812,844816,13537,1459
2021-10-16,154,1,217,-64,859966,845033,13538,1395
2021-10-17,131,0,130,1,860097,845163,13538,1396
2021-10-18,107,1,149,-43,860204,845312,13539,1353
2021-10-19,106,0,122,-16,860310,845434,13539,1337
2021-10-20,103,0,131,-28,860413,845565,13539,1309
2021-10-21,88,1,153,-66,860501,845718,13540,1243
2021-10-22,83,0,83,0,860584,845801,13540,1243
2021-10-23,116,2,173,-59,860700,845974,13542,1184
2021-10-24,131,1,128,2,860831,846102,13543,1186
2021-10-25,82,1,166,-85,860913,846268,13544,1101
2021-10-26,38,1,100,-63,860951,846368,13545,1038
2021-10-27,105,1,145,-41,861056,846513,13546,997
2021-10-28,131,1,99,31,861187,846612,13547,1028
2021-10-29,96,0,117,-21,861283,846729,13547,1007
2021-10-30,96,1,143,-48,861379,846872,13548,959
2021-10-31,113,1,77,35,861492,846949,13549,994
2021-11-01,83,0,45,38,861575,846994,13549,1032
2021-11-02,77,0,124,-47,861652,847118,13549,985
2021-11-03,132,1,100,31,861784,847218,13550,1016
2021-11-04,111,1,51,59,861895,847269,13551,1075
2021-11-05,119,1,35,83,862014,847304,13552,1158
2021-11-06,68,1,256,-189,862082,847560,13553,969
2021-11-07,117,0,112,5,862199,847672,13553,974
2021-11-08,29,0,79,-50,862228,847751,13553,924
2021-11-09,93,0,147,-54,862321,847898,13553,870
2021-11-10,95,0,59,36,862416,847957,13553,906
2021-11-11,107,1,100,6,862523,848057,13554,912
2021-11-12,71,0,186,-115,862594,848243,13554,797
2021-11-13,54,0,97,-43,862648,848340,13554,754
2021-11-14,92,1,109,-18,862740,848449,13555,736
2021-11-15,36,1,78,-43,862776,848527,13556,693
2021-11-16,79,0,106,-27,862855,848633,13556,666
2021-11-17,130,1,172,-43,862985,848805,13557,623
2021-11-18,100,1,136,-37,863085,848941,13558,586
2021-11-19,97,2,104,-9,863182,849045,13560,577
2021-11-20,114,1,158,-45,863296,849203,13561,532
2021-11-21,111,0,120,-9,863407,849323,13561,523
2021-11-22,26,0,51,-25,863433,849374,13561,498
2021-11-23,69,0,43,26,863502,849417,13561,524
2021-11-24,82,1,105,-24,863584,849522,13562,500
2021-11-25,54,1,42,11,863638,849564,13563,511
2021-11-26,70,0,56,14,863708,849620,13563,525
2021-11-27,54,0,86,-32,863762,849706,13563,493
2021-11-28,51,0,52,-1,863813,849758,13563,492
2021-11-29,41,0,71,-30,863854,849829,13563,462
2021-11-30,44,0,0,44,863898,849829,13563,506
2021-12-01,70,0,76,-6,863968,849905,13563,500
2021-12-02,28,0,67,-39,863996,849972,13563,461
2021-12-03,42,0,68,-26,864038,850040,13563,435
2021-12-04,48,0,60,-12,864086,850100,13563,423
2021-12-05,43,1,57,-15,864129,850157,13564,408
2021-12-06,14,2,53,-41,864143,850210,13566,367
2021-12-07,31,1,38,-8,864174,850248,13567,359
2021-12-08,41,1,44,-4,864215,850292,13568,355
2021-12-09,36,2,75,-41,864251,850367,13570,314
2021-12-10,26,0,36,-10,864277,850403,13570,304
2021-12-11,32,0,42,-10,864309,850445,13570,294
2021-12-12,32,0,39,-7,864341,850484,13570,287
2021-12-13,16,0,40,-24,864357,850524,13570,263
2021-12-14,20,0,25,-5,864377,850549,13570,258
2021-12-15,23,0,25,-2,864400,850574,13570,256
2021-12-16,40,0,38,2,864440,850612,13570,258
2021-12-17,38,0,33,5,864478,850645,13570,263
2021-12-18,74,0,30,44,864552,850675,13570,307
2021-12-19,43,0,46,-3,864595,850721,13570,304
2021-12-20,38,0,23,15,864633,850744,13570,319
2021-12-21,55,2,20,33,864688,850764,13572,352
2021-12-22,43,1,20,22,864731,850784,13573,374
2021-12-23,16,0,52,-36,864747,850836,13573,338
2021-12-24,69,0,29,40,864816,850865,13573,378
2021-12-25,80,0,45,35,864896,850910,13573,413
2021-12-26,47,0,24,23,864943,850934,13573,436
2021-12-27,42,0,98,-56,864985,851032,13573,380
2021-12-28,96,3,129,-36,865081,851161,13576,344
2021-12-29,27,0,0,27,865108,851161,13576,371
2021-12-30,53,0,0,53,865161,851161,13576,424
2021-12-31,87,1,0,86,865248,851161,13577,510
2022-01-01,118,0,46,72,865366,851207,13577,582
2022-01-02,103,0,106,-3,865469,851313,13577,579
2022-01-03,172,0,23,149,865641,851336,13577,728
2022-01-04,115,0,42,73,865756,851378,13577,801
2022-01-05,260,0,71,189,866016,851449,13577,990
2022-01-06,267,0,50,217,866283,851499,13577,1207
2022-01-07,300,0,77,223,866583,851576,13577,1430
2022-01-08,278,0,79,199,866861,851655,13577,1629
2022-01-09,392,0,111,281,867253,851766,13577,1910
2022-01-10,360,0,100,260,867613,851866,13577,2170
2022-01-11,537,0,182,355,868150,852048,13577,2525
2022-01-12,412,0,143,269,868562,852191,13577,2794
2022-01-13,478,0,299,179,869040,852490,13577,2973
2022-01-14,554,1,164,389,869594,852654,13578,3362
2022-01-15,720,0,278,442,870314,852932,13578,3804
2022-01-16,566,0,618,-52,870880,853550,13578,3752
2022-01-17,493,0,365,128,871373,853915,13578,3880
2022-01-18,670,0,317,353,872043,854232,13578,4233
2022-01-19,1012,0,390,622,873055,854622,13578,4855
2022-01-20,1155,0,436,719,874210,855058,13578,5574
2022-01-21,1484,0,654,830,875694,855712,13578,6404
2022-01-22,1825,0,456,1369,877519,856168,13578,7773
2022-01-23,1739,6,517,1216,879258,856685,13584,8989
2022-01-24,1996,0,579,1417,881254,857264,13584,10406
2022-01-25,2190,14,456,1720,883444,857720,13598,12126
2022-01-26,3509,4,1512,1993,886953,859232,13602,14119
2022-01-27,4149,0,1251,2898,891102,860483,13602,17017
2022-01-28,4558,1,1445,3112,895660,861928,13603,20129
2022-01-29,5766,11,1745,4010,901426,863673,13614,24139
2022-01-30,6609,12,2008,4589,908035,865681,13626,28728
2022-01-31,5268,10,1789,3469,913303,867470,13636,32197
2022-02-01,6391,12,1666,4713,919694,869136,13648,36910
2022-02-02,9132,16,4180,4936,928826,873316,13664,41846
2022-02-03,10117,22,4398,5697,938943,877714,13686,47543
2022-02-04,13389,25,5437,7927,952332,883151,13711,55470
2022-02-05,12774,27,8293,4454,965106,891444,13738,59924
2022-02-06,15825,28,8309,7488,980931,899753,13766,67412
2022-02-07,12682,38,4572,8072,993613,904325,13804,75484
2022-02-08,10817,40,5142,5635,1004430,909467,13844,81119
2022-02-09,14353,17,8893,5443,1018783,918360,13861,86562
2022-02-10,11090,22,11290,-222,1029873,929650,13883,86340
2022-02-11,10707,38,17285,-6616,1040580,946935,13921,79724
2022-02-12,12416,39,23872,-11495,1052996,970807,13960,68229
2022-02-13,10172,43,16338,-6209,1063168,987145,14003,62020
2022-02-14,10275,48,87,10140,1073443,987232,14051,72160
2022-02-15,9483,48,9095,340,1082926,996327,14099,72500
2022-02-16,12388,53,7351,4984,1095314,1003678,14152,77484
2022-02-17,8536,64,19041,-10569,1103850,1022719,14216,66915
2022-02-18,8189,43,11750,-3604,1112039,1034469,14259,63311
2022-02-19,9453,24,11157,-1728,1121492,1045626,14283,61583
2022-02-20,8136,33,12290,-4187,1129628,1057916,14316,57396
2022-02-21,5358,25,12082,-6749,1134986,1069998,14341,50647
2022-02-22,5208,38,9490,-4320,1140194,1079488,14379,46327
2022-02-23,7295,53,8193,-951,1147489,1087681,14432,45376
2022-02-24,6855,47,12285,-5477,1154344,1099966,14479,39899
2022-02-25,4524,41,4919,-436,1158868,1104885,14520,39463
2022-02-26,4675,31,5,4639,1163543,1104890,14551,44102
2022-02-27,3957,24,4063,-130,1167500,1108953,14575,43972
2022-02-28,7300,60,11373,-4133,1174800,1120326,14635,39839
2022-03-01,3635,25,5252,-1642,1178435,1125578,14660,38197
2022-03-02,4196,18,4017,161,1182631,1129595,14678,38358
2022-03-03,4669,20,7890,-3241,1187300,1137485,14698,35117
2022-03-04,3727,24,5574,-1871,1191027,1143059,14722,33246
2022-03-05,3059,19,5284,-2244,1194086,1148343,14741,31002
2022-03-06,3669,19,4462,-812,1197755,1152805,14760,30190
2022-03-07,2682,30,4051,-1399,1200437,1156856,14790,28791
2022-03-08,3569,26,4225,-682,1204006,1161081,14816,28109
2022-03-09,3872,9,3694,169,1207878,1164775,14825,28278
2022-03-10,3546,17,3715,-186,1211424,1168490,14842,28092
2022-03-11,2548,13,5599,-3064,1213972,1174089,14855,25028
2022-03-12,2105,24,4103,-2022,1216077,1178192,14879,23006
2022-03-13,1874,35,2598,-759,1217951,1180790,14914,22247
2022-03-14,1307,33,3995,-2721,1219258,1184785,14947,19526
2022-03-15,1571,31,2297,-757,1220829,1187082,14978,18769
2022-03-16,1706,12,2399,-705,1222535,1189481,14990,18064
2022-03-17,1583,12,3664,-2093,1224118,1193145,15002,15971
2022-03-18,1516,18,2865,-1367,1225634,1196010,15020,14604
2022-03-19,1485,11,2578,-1104,1227119,1198588,15031,13500
2022-03-20,1167,13,2250,-1096,1228286,1200838,15044,12404
2022-03-21,862,6,1818,-962,1229148,1202656,15050,11442
2022-03-22,1012,12,2920,-1920,1230160,1205576,15062,9522
2022-03-23,1234,4,974,256,1231394,1206550,15066,9778
2022-03-24,1067,5,617,445,1232461,1207167,15071,10223
2022-03-25,890,5,1659,-774,1233351,1208826,15076,9449
2022-03-26,796,5,1423,-632,1234147,1210249,15081,8817
2022-03-27,594,5,1381,-792,1234741,1211630,15086,8025
2022-03-28,573,11,1298,-736,1235314,1212928,15097,7289
2022-03-29,742,10,919,-187,1236056,1213847,15107,7102
2022-03-30,901,10,831,60,1236957,1214678,15117,7162
2022-03-31,729,8,1322,-601,1237686,1216000,15125,6561
2022-04-01,641,8,1070,-437,1238327,1217070,15133,6124
2022-04-02,633,8,1038,-413,1238960,1218108,15141,5711
2022-04-03,612,5,776,-169,1239572,1218884,15146,5542
2022-04-04,488,10,726,-248,1240060,1219610,15156,5294
2022-04-05,568,5,571,-8,1240628,1220181,15161,5286
2022-04-06,753,2,552,199,1241381,1220733,15163,5485
2022-04-07,674,5,820,-151,1242055,1221553,15168,5334
2022-04-08,592,2,762,-172,1242647,1222315,15170,5162
2022-04-09,450,3,702,-255,1243097,1223017,15173,4907
2022-04-10,369,3,595,-229,1243466,1223612,15176,4678
2022-04-11,312,4,655,-347,1243778,1224267,15180,4331
2022-04-12,355,5,486,-136,1244133,1224753,15185,4195
2022-04-13,699,3,549,147,1244832,1225302,15188,4342
2022-04-14,72,2,791,-721,1244904,1226093,15190,3621
2022-04-15,310,4,600,-294,1245214,1226693,15194,3327
2022-04-16,193,2,599,-408,1245407,1227292,15196,2919
2022-04-17,195,4,456,-265,1245602,1227748,15200,2654
2022-04-18,170,6,414,-250,1245772,1228162,15206,2404
2022-04-19,179,2,312,-135,1245951,1228474,15208,2269
2022-04-20,231,2,265,-36,1246182,1228739,15210,2233
2022-04-21,159,4,423,-268,1246341,1229162,15214,1965
2022-04-22,215,3,410,-198,1246556,1229572,15217,1767
2022-04-23,173,3,356,-186,1246729,1229928,15220,1581
2022-04-24,135,1,250,-116,1246864,1230178,15221,1465
2022-04-25,101,1,147,-47,1246965,1230325,15222,1418
2022-04-26,199,2,231,-34,1247164,1230556,15224,1384
2022-04-27,130,3,142,-15,1247294,1230698,15227,1369
2022-04-28,113,1,237,-125,1247407,1230935,15228,1244
2022-04-29,126,1,184,-59,1247533,1231119,15229,1185
2022-04-30,151,1,251,-101,1247684,1231370,15230,1084
2022-05-01,81,1,100,-20,1247765,1231470,15231,1064
2022-05-02,88,2,197,-111,1247853,1231667,15233,953
2022-05-03,40,1,124,-85,1247893,1231791,15234,868
2022-05-04,62,2,101,-41,1247955,1231892,15236,827
2022-05-05,86,0,172,-86,1248041,1232064,15236,741
2022-05-06,89,1,122,-34,1248130,1232186,15237,707
2022-05-07,62,1,100,-39,1248192,1232286,15238,668
2022-05-08,78,1,166,-89,1248270,1232452,15239,579
2022-05-09,102,1,35,66,1248372,1232487,15240,645
2022-05-10,150,2,83,65,1248522,1232570,15242,710
2022-05-11,130,1,87,42,1248652,1232657,15243,752
2022-05-12,100,2,31,67,1248752,1232688,15245,819
2022-05-13,101,1,45,55,1248853,1232733,15246,874
2022-05-14,114,1,89,24,1248967,1232822,15247,898
2022-05-15,93,1,78,14,1249060,1232900,15248,912
2022-05-16,70,0,71,-1,1249130,1232971,15248,911
2022-05-17,74,0,93,-19,1249204,1233064,15248,892
2022-05-18,113,1,103,9,1249317,1233167,15249,901
2022-05-19,90,0,181,-91,1249407,1233348,15249,810
2022-05-20,82,0,107,-25,1249489,1233455,15249,785
2022-05-21,93,0,81,12,1249582,1233536,15249,797
2022-05-22,110,2,89,19,1249692,1233625,15251,816
2022-05-23,58,1,115,-58,1249750,1233740,15252,758
2022-05-24,148,3,94,51,1249898,1233834,15255,809
2022-05-25,128,0,64,64,1250026,1233898,15255,873
2022-05-26,124,0,83,41,1250150,1233981,15255,914
2022-05-27,110,0,66,44,1250260,1234047,15255,958
2022-05-28,104,0,92,12,1250364,1234139,15255,970
2022-05-29,89,0,99,-10,1250453,1234238,15255,960
2022-05-30,81,3,99,-21,1250534,1234337,15258,939
2022-05-31,132,0,111,21,1250666,1234448,15258,960
2022-06-01,164,0,79,85,1250830,1234527,15258,1045
2022-06-02,158,0,157,1,1250988,1234684,15258,1046
2022-06-03,173,0,140,33,1251161,1234824,15258,1079
2022-06-04,173,0,113,60,1251334,1234937,15258,1139
2022-06-05,195,0,93,102,1251529,1235030,15258,1241
2022-06-06,147,0,103,44,1251676,1235133,15258,1285
2022-06-07,260,0,102,158,1251936,1235235,15258,1443
2022-06-08,288,0,96,192,1252224,1235331,15258,1635
2022-06-09,276,0,138,138,1252500,1235469,15258,1773
2022-06-10,333,0,158,175,1252833,1235627,15258,1948
2022-06-11,314,0,172,142,1253147,1235799,15258,2090
2022-06-12,322,0,164,158,1253469,1235963,15258,2248
2022-06-13,348,1,182,165,1253817,1236145,15259,2413
2022-06-14,517,0,190,327,1254334,1236335,15259,2740
2022-06-15,730,0,154,576,1255064,1236489,15259,3316
2022-06-16,696,1,293,402,1255760,1236782,15260,3718
2022-06-17,686,0,288,398,1256446,1237070,15260,4116
2022-06-18,733,0,291,442,1257179,1237361,15260,4558
2022-06-19,733,1,275,457,1257912,1237636,15261,5015
2022-06-20,701,0,383,318,1258613,1238019,15261,5333
2022-06-21,953,2,334,617,1259566,1238353,15263,5950
2022-06-22,1226,0,362,864,1260792,1238715,15263,6814
2022-06-23,1055,0,605,450,1261847,1239320,15263,7264
2022-06-24,1266,0,669,597,1263113,1239989,15263,7861
2022-06-25,1045,0,710,335,1264158,1240699,15263,8196
2022-06-26,1054,0,689,365,1265212,1241388,15263,8561
2022-06-27,838,0,856,-18,1266050,1242244,15263,8543
2022-06-28,1251,1,718,532,1267301,1242962,15264,9075
2022-06-29,1134,0,708,426,1268435,1243670,15264,9501
2022-06-30,1255,2,1090,163,1269690,1244760,15266,9664
2022-07-01,1100,0,1177,-77,1270790,1245937,15266,9587
2022-07-02,983,3,1300,-320,1271773,1247237,15269,9267
2022-07-03,931,3,1078,-150,1272704,1248315,15272,9117
2022-07-04,737,3,1139,-405,1273441,1249454,15275,8712
2022-07-05,1276,2,891,383,1274717,1250345,15277,9095
2022-07-06,1516,2,849,665,1276233,1251194,15279,9760
2022-07-07,1476,2,1251,223,1277709,1252445,15281,9983
2022-07-08,1149,2,1064,83,1278858,1253509,15283,10066
2022-07-09,1476,2,1159,315,1280334,1254668,15285,10381
2022-07-10,1675,4,1198,473,1282009,1255866,15289,10854
2022-07-11,812,4,1164,-356,1282821,1257030,15293,10498
2022-07-12,1592,4,716,872,1284413,1257746,15297,11370
2022-07-13,2020,0,876,1144,1286433,1258622,15297,12514
2022-07-14,1739,6,1571,162,1288172,1260193,15303,12676
2022-07-15,1594,3,1629,-38,1289766,1261822,15306,12638
2022-07-16,2082,5,1593,484,1291848,1263415,15311,13122
2022-07-17,1956,0,1441,515,1293804,1264856,15311,13637
2022-07-18,1812,2,1354,456,1295616,1266210,15313,14093
2022-07-19,2445,2,1400,1043,1298061,1267610,15315,15136
2022-07-20,2921,2,593,2326,1300982,1268203,15317,17462
2022-07-21,2860,3,1817,1040,1303842,1270020,15320,18502
2022-07-22,2459,6,1770,683,1306301,1271790,15326,19185
2022-07-23,83,1,2477,-2395,1306384,1274267,15327,16790
2022-07-24,2151,0,1225,926,1308535,1275492,15327,17716
