tanggal,KASUS,MENINGGAL,SEMBUH,DIRAWAT_OR_ISOLASI,AKUMULASI_KASUS,AKUMULASI_SEMBUH,AKUMULASI_MENINGGAL,AKUMULASI_DIRAWAT_OR_ISOLASI
2020-03-18,6,1,0,5,6,0,1,5
2020-03-19,3,0,0,3,9,0,1,8
2020-03-20,7,0,0,7,16,0,1,15
2020-03-21,8,1,0,7,24,0,2,22
2020-03-22,13,0,0,13,37,0,2,35
2020-03-23,1,1,0,0,38,0,3,35
2020-03-24,3,1,0,2,41,0,4,37
2020-03-25,8,0,1,7,49,1,4,44
2020-03-26,10,1,0,9,59,1,5,53
2020-03-27,2,0,0,2,61,1,5,55
2020-03-28,11,2,2,7,72,3,7,62
2020-03-29,11,1,28,-18,83,31,8,44
2020-03-30,5,2,0,3,88,31,10,47
2020-03-31,1,0,0,1,89,31,10,48
2020-04-01,8,4,65,-61,97,96,14,-13
2020-04-02,0,10,69,-79,97,165,24,-92
2020-04-03,39,1,4,34,136,169,25,-58
2020-04-04,4,2,3,-1,140,172,27,-59
2020-04-05,27,2,7,18,167,179,29,-41
2020-04-06,6,3,8,-5,173,187,32,-46
2020-04-07,5,5,2,-2,178,189,37,-48
2020-04-08,11,21,10,-20,189,199,58,-68
2020-04-09,28,10,33,-15,217,232,68,-83
2020-04-10,26,3,27,-4,243,259,71,-87
2020-04-11,11,9,26,-24,254,285,80,-111
2020-04-12,85,1,6,78,339,291,81,-33
2020-04-13,41,1,4,36,380,295,82,3
2020-04-14,30,1,9,20,410,304,83,23
2020-04-15,20,4,3,13,430,307,87,36
2020-04-16,11,4,3,4,441,310,91,40
2020-04-17,8,3,2,3,449,312,94,43
2020-04-18,24,2,6,16,473,318,96,59
2020-04-19,32,6,2,24,505,320,102,83
2020-04-20,4,2,1,1,509,321,104,84
2020-04-21,9,4,1,4,518,322,108,88
2020-04-22,29,4,27,-2,547,349,112,86
2020-04-23,22,3,9,10,569,358,115,96
2020-04-24,16,7,12,-3,585,370,122,93
2020-04-25,66,5,12,49,651,382,127,142
2020-04-26,16,6,3,7,667,385,133,149
2020-04-27,12,3,8,1,679,393,136,150
2020-04-28,42,1,18,23,721,411,137,173
2020-04-29,18,3,7,8,739,418,140,181
2020-04-30,54,4,7,43,793,425,144,224
2020-05-01,72,2,30,40,865,455,146,264
2020-05-02,7,7,43,-43,872,498,153,221
2020-05-03,61,5,5,51,933,503,158,272
2020-05-04,9,7,6,-4,942,509,165,268
2020-05-05,34,5,19,10,976,528,170,278
2020-05-06,38,12,10,16,1014,538,182,294
2020-05-07,23,10,8,5,1037,546,192,299
2020-05-08,23,16,34,-27,1060,580,208,272
2020-05-09,122,11,46,65,1182,626,219,337
2020-05-10,61,6,41,14,1243,667,225,351
2020-05-11,45,12,65,-32,1288,732,237,319
2020-05-12,87,8,18,61,1375,750,245,380
2020-05-13,115,5,36,74,1490,786,250,454
2020-05-14,66,14,14,38,1556,800,264,492
2020-05-15,46,12,11,23,1602,811,276,515
2020-05-16,133,10,17,106,1735,828,286,621
2020-05-17,51,9,23,19,1786,851,295,640
2020-05-18,94,11,11,72,1880,862,306,712
2020-05-19,77,12,39,26,1957,901,318,738
2020-05-20,118,17,38,63,2075,939,335,801
2020-05-21,399,13,11,375,2474,950,348,1176
2020-05-22,137,8,39,90,2611,989,356,1266
2020-05-23,404,16,69,319,3015,1058,372,1585
2020-05-24,61,10,44,7,3076,1102,382,1592
2020-05-25,141,16,28,97,3217,1130,398,1689
2020-05-26,76,7,56,13,3293,1186,405,1702
2020-05-27,128,11,38,79,3421,1224,416,1781
2020-05-28,125,7,42,76,3546,1266,423,1857
2020-05-29,106,6,51,49,3652,1317,429,1906
2020-05-30,135,8,54,73,3787,1371,437,1979
2020-05-31,184,11,191,-18,3971,1562,448,1961
2020-06-01,76,11,88,-23,4047,1650,459,1938
2020-06-02,116,9,277,-170,4163,1927,468,1768
2020-06-03,134,10,280,-156,4297,2207,478,1612
2020-06-04,83,11,140,-68,4380,2347,489,1544
2020-06-05,98,20,157,-79,4478,2504,509,1465
2020-06-06,67,13,97,-43,4545,2601,522,1422
2020-06-07,177,13,120,44,4722,2721,535,1466
2020-06-08,192,14,137,41,4914,2858,549,1507
2020-06-09,134,20,96,18,5048,2954,569,1525
2020-06-10,181,23,150,8,5229,3104,592,1533
2020-06-11,177,23,72,82,5406,3176,615,1615
2020-06-12,178,20,135,23,5584,3311,635,1638
2020-06-13,168,18,64,86,5752,3375,653,1724
2020-06-14,130,15,46,69,5882,3421,668,1793
2020-06-15,220,23,61,136,6102,3482,691,1929
2020-06-16,150,16,40,94,6252,3522,707,2023
2020-06-17,156,23,160,-27,6408,3682,730,1996
2020-06-18,209,18,175,16,6617,3857,748,2012
2020-06-19,154,18,75,61,6771,3932,766,2073
2020-06-20,236,15,170,51,7007,4102,781,2124
2020-06-21,97,14,89,-6,7104,4191,795,2118
2020-06-22,259,8,78,173,7363,4269,803,2291
2020-06-23,198,13,83,102,7561,4352,816,2393
2020-06-24,143,14,127,2,7704,4479,830,2395
2020-06-25,240,17,89,134,7944,4568,847,2529
2020-06-26,287,27,149,111,8231,4717,874,2640
2020-06-27,239,17,66,156,8470,4783,891,2796
2020-06-28,194,19,131,44,8664,4914,910,2840
2020-06-29,182,16,82,84,8846,4996,926,2924
2020-06-30,310,20,161,129,9156,5157,946,3053
2020-07-01,232,22,97,113,9388,5254,968,3166
2020-07-02,285,22,186,77,9673,5440,990,3243
2020-07-03,308,15,134,159,9981,5574,1005,3402
2020-07-04,297,24,125,148,10278,5699,1029,3550
2020-07-05,351,11,216,124,10629,5915,1040,3674
2020-07-06,235,16,176,43,10864,6091,1056,3717
2020-07-07,250,15,123,112,11114,6214,1071,3829
2020-07-08,334,13,122,199,11448,6336,1084,4028
2020-07-09,363,25,136,202,11811,6472,1109,4230
2020-07-10,260,15,253,-8,12071,6725,1124,4222
2020-07-11,361,16,246,99,12432,6971,1140,4321
2020-07-12,341,17,205,119,12773,7176,1157,4440
2020-07-13,170,21,128,21,12943,7304,1178,4461
2020-07-14,241,22,217,2,13184,7521,1200,4463
2020-07-15,210,34,264,-88,13394,7785,1234,4375
2020-07-16,171,15,208,-52,13565,7993,1249,4323
2020-07-17,231,17,244,-30,13796,8237,1266,4293
2020-07-18,225,23,192,10,14021,8429,1289,4303
2020-07-19,271,37,252,-18,14292,8681,1326,4285
2020-07-20,256,21,237,-2,14548,8918,1347,4283
2020-07-21,278,21,346,-89,14826,9264,1368,4194
2020-07-22,313,30,279,4,15139,9543,1398,4198
2020-07-23,284,29,319,-64,15423,9862,1427,4134
2020-07-24,460,27,294,139,15883,10156,1454,4273
2020-07-25,240,19,293,-72,16123,10449,1473,4201
2020-07-26,259,26,211,22,16382,10660,1499,4223
2020-07-27,253,17,263,-27,16635,10923,1516,4196
2020-07-28,237,23,268,-54,16872,11191,1539,4142
2020-07-29,239,17,293,-71,17111,11484,1556,4071
2020-07-30,273,17,246,10,17384,11730,1573,4081
2020-07-31,256,22,239,-5,17640,11969,1595,4076
2020-08-01,406,17,221,168,18046,12190,1612,4244
2020-08-02,290,21,197,72,18336,12387,1633,4316
2020-08-03,290,15,230,45,18626,12617,1648,4361
2020-08-04,355,17,218,120,18981,12835,1665,4481
2020-08-05,368,11,287,70,19349,13122,1676,4551
2020-08-06,245,17,421,-193,19594,13543,1693,4358
2020-08-07,333,19,489,-175,19927,14032,1712,4183
2020-08-08,366,22,289,55,20293,14321,1734,4238
2020-08-09,325,25,271,29,20618,14592,1759,4267
2020-08-10,279,15,334,-70,20897,14926,1774,4197
2020-08-11,267,20,235,12,21164,15161,1794,4209
2020-08-12,273,27,375,-129,21437,15536,1821,4080
2020-08-13,301,30,483,-212,21738,16019,1851,3868
2020-08-14,366,30,301,35,22104,16320,1881,3903
2020-08-15,386,24,314,48,22490,16634,1905,3951
2020-08-16,441,19,336,86,22931,16970,1924,4037
2020-08-17,285,20,322,-57,23216,17292,1944,3980
2020-08-18,285,20,303,-38,23501,17595,1964,3942
2020-08-19,311,21,401,-111,23812,17996,1985,3831
2020-08-20,335,21,312,2,24147,18308,2006,3833
2020-08-21,424,37,319,68,24571,18627,2043,3901
2020-08-22,313,24,324,-35,24884,18951,2067,3866
2020-08-23,254,23,338,-107,25138,19289,2090,3759
2020-08-24,310,17,441,-148,25448,19730,2107,3611
2020-08-25,315,15,420,-120,25763,20150,2122,3491
2020-08-26,277,27,339,-89,26040,20489,2149,3402
2020-08-27,324,23,301,0,26364,20790,2172,3402
2020-08-28,390,29,294,67,26754,21084,2201,3469
2020-08-29,586,22,232,332,27340,21316,2223,3801
2020-08-30,433,30,336,67,27773,21652,2253,3868
2020-08-31,288,28,390,-130,28061,22042,2281,3738
2020-09-01,323,16,365,-58,28384,22407,2297,3680
2020-09-02,334,14,327,-7,28718,22734,2311,3673
2020-09-03,340,31,305,4,29058,23039,2342,3677
2020-09-04,298,41,324,-67,29356,23363,2383,3610
2020-09-05,293,21,306,-34,29649,23669,2404,3576
2020-09-06,269,29,363,-123,29918,24032,2433,3453
2020-09-07,271,24,345,-98,30189,24377,2457,3355
2020-09-08,375,24,333,18,30564,24710,2481,3373
2020-09-09,322,34,336,-48,30886,25046,2515,3325
2020-09-10,340,23,297,20,31226,25343,2538,3345
2020-09-11,335,30,328,-23,31561,25671,2568,3322
2020-09-12,324,22,415,-113,31885,26086,2590,3209
2020-09-13,206,26,682,-502,32091,26768,2616,2707
2020-09-14,301,30,319,-48,32392,27087,2646,2659
2020-09-15,331,23,319,-11,32723,27406,2669,2648
2020-09-16,310,22,299,-11,33033,27705,2691,2637
2020-09-17,283,29,302,-48,33316,28007,2720,2589
2020-09-18,439,19,492,-72,33755,28499,2739,2517
2020-09-19,299,26,314,-41,34054,28813,2765,2476
2020-09-20,314,16,295,3,34368,29108,2781,2479
2020-09-21,284,12,263,9,34652,29371,2793,2488
2020-09-22,287,18,330,-61,34939,29701,2811,2427
2020-09-23,277,19,286,-28,35216,29987,2830,2399
2020-09-24,302,20,304,-22,35518,30291,2850,2377
2020-09-25,236,18,339,-121,35754,30630,2868,2256
2020-09-26,235,16,286,-67,35989,30916,2884,2189
2020-09-27,169,16,402,-249,36158,31318,2900,1940
2020-09-28,242,18,396,-172,36400,31714,2918,1768
2020-09-29,222,22,274,-74,36622,31988,2940,1694
2020-09-30,424,42,444,-62,37046,32432,2982,1632
2020-10-01,438,21,323,94,37484,32755,3003,1726
2020-10-02,228,17,296,-85,37712,33051,3020,1641
2020-10-03,276,12,285,-21,37988,33336,3032,1620
2020-10-04,204,17,260,-73,38192,33596,3049,1547
2020-10-05,209,6,241,-38,38401,33837,3055,1509
2020-10-06,244,7,206,31,38645,34043,3062,1540
2020-10-07,284,19,253,12,38929,34296,3081,1552
2020-10-08,290,16,279,-5,39219,34575,3097,1547
2020-10-09,255,22,324,-91,39474,34899,3119,1456
2020-10-10,271,15,329,-73,39745,35228,3134,1383
2020-10-11,223,14,276,-67,39968,35504,3148,1316
2020-10-12,258,16,281,-39,40226,35785,3164,1277
2020-10-13,270,16,322,-68,40496,36107,3180,1209
2020-10-14,269,16,283,-30,40765,36390,3196,1179
2020-10-15,260,19,328,-87,41025,36718,3215,1092
2020-10-16,251,18,369,-136,41276,37087,3233,956
2020-10-17,214,16,333,-135,41490,37420,3249,821
2020-10-18,199,21,281,-103,41689,37701,3270,718
2020-10-19,187,18,289,-120,41876,37990,3288,598
2020-10-20,252,10,298,-56,42128,38288,3298,542
2020-10-21,281,16,297,-32,42409,38585,3314,510
2020-10-22,223,17,327,-121,42632,38912,3331,389
2020-10-23,243,17,327,-101,42875,39239,3348,288
2020-10-24,252,15,321,-84,43127,39560,3363,204
2020-10-25,207,16,229,-38,43334,39789,3379,166
2020-10-26,245,12,228,5,43579,40017,3391,171
2020-10-27,252,8,233,11,43831,40250,3399,182
2020-10-28,199,14,231,-46,44030,40481,3413,136
2020-10-29,201,11,239,-49,44231,40720,3424,87
2020-10-30,185,30,413,-258,44416,41133,3454,-171
2020-10-31,183,19,233,-69,44599,41366,3473,-240
2020-11-01,459,17,299,143,45058,41665,3490,-97
2020-11-02,242,8,253,-19,45300,41918,3498,-116
2020-11-03,230,18,245,-33,45530,42163,3516,-149
2020-11-04,201,14,241,-54,45731,42404,3530,-203
2020-11-05,230,7,234,-11,45961,42638,3537,-214
2020-11-06,220,11,259,-50,46181,42897,3548,-264
2020-11-07,233,22,231,-20,46414,43128,3570,-284
2020-11-08,238,18,228,-8,46652,43356,3588,-292
2020-11-09,207,20,246,-59,46859,43602,3608,-351
2020-11-10,244,19,261,-36,47103,43863,3627,-387
2020-11-11,155,18,228,-91,47258,44091,3645,-478
2020-11-12,194,21,205,-32,47452,44296,3666,-510
2020-11-13,188,18,251,-81,47640,44547,3684,-591
2020-11-14,217,20,271,-74,47857,44818,3704,-665
2020-11-15,154,9,228,-83,48011,45046,3713,-748
2020-11-16,220,26,228,-34,48231,45274,3739,-782
2020-11-17,255,29,199,27,48486,45473,3768,-755
2020-11-18,318,16,257,45,48804,45730,3784,-710
2020-11-19,343,31,222,90,49147,45952,3815,-620
2020-11-20,312,25,243,44,49459,46195,3840,-576
2020-11-21,298,21,217,60,49757,46412,3861,-516
2020-11-22,234,24,220,-10,49991,46632,3885,-526
2020-11-23,308,26,239,43,50299,46871,3911,-483
2020-11-24,298,24,225,49,50597,47096,3935,-434
2020-11-25,322,30,248,44,50919,47344,3965,-390
2020-11-26,318,31,235,52,51237,47579,3996,-338
2020-11-27,317,38,296,-17,51554,47875,4034,-355
2020-11-28,395,28,321,46,51949,48196,4062,-309
2020-11-29,330,28,234,68,52279,48430,4090,-241
2020-11-30,332,71,515,-254,52611,48945,4161,-495
2020-12-01,354,27,345,-18,52965,49290,4188,-513
2020-12-02,401,19,267,115,53366,49557,4207,-398
2020-12-03,454,27,321,106,53820,49878,4234,-292
2020-12-04,501,12,317,172,54321,50195,4246,-120
2020-12-05,455,25,320,110,54776,50515,4271,-10
2020-12-06,460,21,312,127,55236,50827,4292,117
2020-12-07,485,26,336,123,55721,51163,4318,240
2020-12-08,464,37,475,-48,56185,51638,4355,192
2020-12-09,557,40,430,87,56742,52068,4395,279
2020-12-10,616,28,503,85,57358,52571,4423,364
2020-12-11,710,26,391,293,58068,52962,4449,657
2020-12-12,666,42,379,245,58734,53341,4491,902
2020-12-13,627,25,496,106,59361,53837,4516,1008
2020-12-14,598,19,440,139,59959,54277,4535,1147
2020-12-15,613,37,637,-61,60572,54914,4572,1086
2020-12-16,638,40,408,190,61210,55322,4612,1276
2020-12-17,732,32,520,180,61942,55842,4644,1456
2020-12-18,716,44,532,140,62658,56374,4688,1596
2020-12-19,632,44,438,150,63290,56812,4732,1746
2020-12-20,573,40,604,-71,63863,57416,4772,1675
2020-12-21,670,30,515,125,64533,57931,4802,1800
2020-12-22,611,42,514,55,65144,58445,4844,1855
2020-12-23,687,35,549,103,65831,58994,4879,1958
2020-12-24,643,50,591,2,66474,59585,4929,1960
2020-12-25,646,50,453,143,67120,60038,4979,2103
2020-12-26,700,44,563,93,67820,60601,5023,2196
2020-12-27,600,35,473,92,68420,61074,5058,2288
2020-12-28,716,51,529,136,69136,61603,5109,2424
2020-12-29,662,43,561,58,69798,62164,5152,2482
2020-12-30,837,51,643,143,70635,62807,5203,2625
2020-12-31,1212,115,912,185,71847,63719,5318,2810
2021-01-01,742,52,561,129,72589,64280,5370,2939
2021-01-02,670,63,596,11,73259,64876,5433,2950
2021-01-03,483,37,473,-27,73742,65349,5470,2923
2021-01-04,603,40,449,114,74345,65798,5510,3037
2021-01-05,589,48,451,90,74934,66249,5558,3127
2021-01-06,692,42,773,-123,75626,67022,5600,3004
2021-01-07,756,66,492,198,76382,67514,5666,3202
2021-01-08,839,60,559,220,77221,68073,5726,3422
2021-01-09,831,38,532,261,78052,68605,5764,3683
2021-01-10,776,41,696,39,78828,69301,5805,3722
2021-01-11,703,43,419,241,79531,69720,5848,3963
2021-01-12,692,51,622,19,80223,70342,5899,3982
2021-01-13,739,64,786,-111,80962,71128,5963,3871
2021-01-14,839,59,652,128,81801,71780,6022,3999
2021-01-15,1097,57,654,386,82898,72434,6079,4385
2021-01-16,1040,36,611,393,83938,73045,6115,4778
2021-01-17,778,43,651,84,84716,73696,6158,4862
2021-01-18,717,34,612,71,85433,74308,6192,4933
2021-01-19,815,40,585,190,86248,74893,6232,5123
2021-01-20,829,45,600,184,87077,75493,6277,5307
2021-01-21,968,43,769,156,88045,76262,6320,5463
2021-01-22,916,45,713,158,88961,76975,6365,5621
2021-01-23,806,30,743,33,89767,77718,6395,5654
2021-01-24,728,35,661,32,90495,78379,6430,5686
2021-01-25,751,31,632,88,91246,79011,6461,5774
2021-01-26,772,48,649,75,92018,79660,6509,5849
2021-01-27,955,41,672,242,92973,80332,6550,6091
2021-01-28,895,41,646,208,93868,80978,6591,6299
2021-01-29,872,26,822,24,94740,81800,6617,6323
2021-01-30,749,35,701,13,95489,82501,6652,6336
2021-01-31,721,28,591,102,96210,83092,6680,6438
2021-02-01,563,35,796,-268,96773,83888,6715,6170
2021-02-02,687,43,803,-159,97460,84691,6758,6011
2021-02-03,598,55,549,-6,98058,85240,6813,6005
2021-02-04,513,46,748,-281,98571,85988,6859,5724
2021-02-05,629,51,687,-109,99200,86675,6910,5615
2021-02-06,562,53,570,-61,99762,87245,6963,5554
2021-02-07,450,26,556,-132,100212,87801,6989,5422
2021-02-08,534,21,630,-117,100746,88431,7010,5305
2021-02-09,448,21,313,114,101194,88744,7031,5419
2021-02-10,604,20,343,241,101798,89087,7051,5660
2021-02-11,835,44,388,403,102633,89475,7095,6063
2021-02-12,631,73,470,88,103264,89945,7168,6151
2021-02-13,449,28,415,6,103713,90360,7196,6157
2021-02-14,403,32,333,38,104116,90693,7228,6195
2021-02-15,357,27,365,-35,104473,91058,7255,6160
2021-02-16,476,18,263,195,104949,91321,7273,6355
2021-02-17,471,13,239,219,105420,91560,7286,6574
2021-02-18,457,17,327,113,105877,91887,7303,6687
2021-02-19,452,19,516,-83,106329,92403,7322,6604
2021-02-20,507,24,473,10,106836,92876,7346,6614
2021-02-21,447,23,466,-42,107283,93342,7369,6572
2021-02-22,344,34,524,-214,107627,93866,7403,6358
2021-02-23,207,27,405,-225,107834,94271,7430,6133
2021-02-24,502,26,544,-68,108336,94815,7456,6065
2021-02-25,431,27,456,-52,108767,95271,7483,6013
2021-02-26,544,15,475,54,109311,95746,7498,6067
2021-02-27,446,18,346,82,109757,96092,7516,6149
2021-02-28,325,23,451,-149,110082,96543,7539,6000
2021-03-01,339,20,360,-41,110421,96903,7559,5959
2021-03-02,411,20,567,-176,110832,97470,7579,5783
2021-03-03,430,25,429,-24,111262,97899,7604,5759
2021-03-04,403,21,375,7,111665,98274,7625,5766
2021-03-05,406,15,414,-23,112071,98688,7640,5743
2021-03-06,319,22,429,-132,112390,99117,7662,5611
2021-03-07,259,16,347,-104,112649,99464,7678,5507
2021-03-08,254,18,372,-136,112903,99836,7696,5371
2021-03-09,304,20,404,-120,113207,100240,7716,5251
2021-03-10,307,18,394,-105,113514,100634,7734,5146
2021-03-11,272,14,325,-67,113786,100959,7748,5079
2021-03-12,281,12,366,-97,114067,101325,7760,4982
2021-03-13,287,16,307,-36,114354,101632,7776,4946
2021-03-14,213,11,176,26,114567,101808,7787,4972
2021-03-15,213,15,244,-46,114780,102052,7802,4926
2021-03-16,160,19,212,-71,114940,102264,7821,4855
2021-03-17,259,74,847,-662,115199,103111,7895,4193
2021-03-18,276,35,653,-412,115475,103764,7930,3781
2021-03-19,238,38,303,-103,115713,104067,7968,3678
2021-03-20,228,46,250,-68,115941,104317,8014,3610
2021-03-21,291,19,480,-208,116232,104797,8033,3402
2021-03-22,271,24,260,-13,116503,105057,8057,3389
2021-03-23,239,25,319,-105,116742,105376,8082,3284
2021-03-24,289,19,495,-225,117031,105871,8101,3059
2021-03-25,348,21,313,14,117379,106184,8122,3073
2021-03-26,339,22,373,-56,117718,106557,8144,3017
2021-03-27,275,14,369,-108,117993,106926,8158,2909
2021-03-28,265,19,274,-28,118258,107200,8177,2881
2021-03-29,251,32,736,-517,118509,107936,8209,2364
2021-03-30,279,33,441,-195,118788,108377,8242,2169
2021-03-31,238,32,258,-52,119026,108635,8274,2117
2021-04-01,224,19,218,-13,119250,108853,8293,2104
2021-04-02,217,23,217,-23,119467,109070,8316,2081
2021-04-03,192,19,211,-38,119659,109281,8335,2043
2021-04-04,140,14,170,-44,119799,109451,8349,1999
2021-04-05,136,26,208,-98,119935,109659,8375,1901
2021-04-06,121,15,190,-84,120056,109849,8390,1817
2021-04-07,271,32,315,-76,120327,110164,8422,1741
2021-04-08,241,17,180,44,120568,110344,8439,1785
2021-04-09,239,11,181,47,120807,110525,8450,1832
2021-04-10,231,19,158,54,121038,110683,8469,1886
2021-04-11,247,19,257,-29,121285,110940,8488,1857
2021-04-12,250,32,217,1,121535,111157,8520,1858
2021-04-13,248,32,188,28,121783,111345,8552,1886
2021-04-14,262,24,220,18,122045,111565,8576,1904
2021-04-15,295,24,197,74,122340,111762,8600,1978
2021-04-16,290,24,255,11,122630,112017,8624,1989
2021-04-17,285,26,220,39,122915,112237,8650,2028
2021-04-18,239,19,201,19,123154,112438,8669,2047
2021-04-19,255,27,217,11,123409,112655,8696,2058
2021-04-20,257,37,201,19,123666,112856,8733,2077
2021-04-21,246,24,212,10,123912,113068,8757,2087
2021-04-22,238,23,221,-6,124150,113289,8780,2081
2021-04-23,231,26,240,-35,124381,113529,8806,2046
2021-04-24,199,15,274,-90,124580,113803,8821,1956
2021-04-25,143,18,195,-70,124723,113998,8839,1886
2021-04-26,153,19,241,-107,124876,114239,8858,1779
2021-04-27,145,21,208,-84,125021,114447,8879,1695
2021-04-28,240,20,218,2,125261,114665,8899,1697
2021-04-29,259,21,204,34,125520,114869,8920,1731
2021-04-30,264,18,224,22,125784,115093,8938,1753
2021-05-01,231,18,164,49,126015,115257,8956,1802
2021-05-02,206,25,165,16,126221,115422,8981,1818
2021-05-03,216,17,204,-5,126437,115626,8998,1813
2021-05-04,290,27,197,66,126727,115823,9025,1879
2021-05-05,271,24,188,59,126998,116011,9049,1938
2021-05-06,255,26,214,15,127253,116225,9075,1953
2021-05-07,235,22,244,-31,127488,116469,9097,1922
2021-05-08,224,19,186,19,127712,116655,9116,1941
2021-05-09,230,19,178,33,127942,116833,9135,1974
2021-05-10,161,20,199,-58,128103,117032,9155,1916
2021-05-11,187,29,192,-34,128290,117224,9184,1882
2021-05-12,198,17,203,-22,128488,117427,9201,1860
2021-05-13,114,12,130,-28,128602,117557,9213,1832
2021-05-14,114,11,156,-53,128716,117713,9224,1779
2021-05-15,144,24,284,-164,128860,117997,9248,1615
2021-05-16,95,14,140,-59,128955,118137,9262,1556
2021-05-17,129,17,240,-128,129084,118377,9279,1428
2021-05-18,141,16,180,-55,129225,118557,9295,1373
2021-05-19,200,23,158,19,129425,118715,9318,1392
2021-05-20,210,17,195,-2,129635,118910,9335,1390
2021-05-21,195,14,140,41,129830,119050,9349,1431
2021-05-22,196,15,157,24,130026,119207,9364,1455
2021-05-23,228,14,166,48,130254,119373,9378,1503
2021-05-24,227,18,170,39,130481,119543,9396,1542
2021-05-25,217,21,154,42,130698,119697,9417,1584
2021-05-26,256,16,111,129,130954,119808,9433,1713
2021-05-27,218,24,154,40,131172,119962,9457,1753
2021-05-28,246,20,185,41,131418,120147,9477,1794
2021-05-29,255,18,265,-28,131673,120412,9495,1766
2021-05-30,217,18,149,50,131890,120561,9513,1816
2021-05-31,227,30,211,-14,132117,120772,9543,1802
2021-06-01,181,24,194,-37,132298,120966,9567,1765
2021-06-02,194,26,193,-25,132492,121159,9593,1740
2021-06-03,163,19,190,-46,132655,121349,9612,1694
2021-06-04,189,21,232,-64,132844,121581,9633,1630
2021-06-05,207,19,157,31,133051,121738,9652,1661
2021-06-06,212,12,164,36,133263,121902,9664,1697
2021-06-07,246,25,162,59,133509,122064,9689,1756
2021-06-08,389,28,209,152,133898,122273,9717,1908
2021-06-09,405,28,182,195,134303,122455,9745,2103
2021-06-10,426,30,186,210,134729,122641,9775,2313
2021-06-11,441,35,232,174,135170,122873,9810,2487
2021-06-12,358,28,180,150,135528,123053,9838,2637
2021-06-13,421,33,259,129,135949,123312,9871,2766
2021-06-14,318,33,249,36,136267,123561,9904,2802
2021-06-15,398,39,220,139,136665,123781,9943,2941
2021-06-16,561,43,232,286,137226,124013,9986,3227
2021-06-17,574,51,310,213,137800,124323,10037,3440
2021-06-18,695,37,368,290,138495,124691,10074,3730
2021-06-19,561,41,302,218,139056,124993,10115,3948
2021-06-20,737,51,331,355,139793,125324,10166,4303
2021-06-21,719,52,332,335,140512,125656,10218,4638
2021-06-22,434,41,337,56,140946,125993,10259,4694
2021-06-23,590,45,370,175,141536,126363,10304,4869
2021-06-24,943,48,341,554,142479,126704,10352,5423
2021-06-25,973,51,441,481,143452,127145,10403,5904
2021-06-26,992,54,496,442,144444,127641,10457,6346
2021-06-27,722,60,451,211,145166,128092,10517,6557
2021-06-28,877,58,492,327,146043,128584,10575,6884
2021-06-29,1038,80,542,416,147081,129126,10655,7300
2021-06-30,1173,94,668,411,148254,129794,10749,7711
2021-07-01,1201,70,622,509,149455,130416,10819,8220
2021-07-02,1386,77,717,592,150841,131133,10896,8812
2021-07-03,1439,82,670,687,152280,131803,10978,9499
2021-07-04,1468,99,627,742,153748,132430,11077,10241
2021-07-05,1539,112,993,434,155287,133423,11189,10675
2021-07-06,1806,120,1193,493,157093,134616,11309,11168
2021-07-07,2545,158,1152,1235,159638,135768,11467,12403
2021-07-08,2106,173,1239,694,161744,137007,11640,13097
2021-07-09,2328,166,1600,562,164072,138607,11806,13659
2021-07-10,2091,178,1325,588,166163,139932,11984,14247
2021-07-11,2153,262,1353,538,168316,141285,12246,14785
2021-07-12,2497,155,1600,742,170813,142885,12401,15527
2021-07-13,6159,161,2035,3963,176972,144920,12562,19490
2021-07-14,6323,223,1746,4354,183295,146666,12785,23844
2021-07-15,7824,200,1838,5786,191119,148504,12985,29630
2021-07-16,7793,330,2086,5377,198912,150590,13315,35007
2021-07-17,6869,267,2535,4067,205781,153125,13582,39074
2021-07-18,5675,317,2889,2469,211456,156014,13899,41543
2021-07-19,4384,343,2723,1318,215840,158737,14242,42861
2021-07-20,5626,268,2481,2877,221466,161218,14510,45738
2021-07-21,3840,395,2877,568,225306,164095,14905,46306
2021-07-22,6591,275,3105,3211,231897,167200,15180,49517
2021-07-23,6403,348,3999,2056,238300,171199,15528,51573
2021-07-24,4818,340,4292,186,243118,175491,15868,51759
2021-07-25,4199,298,4746,-845,247317,180237,16166,50914
2021-07-26,3125,343,4278,-1496,250442,184515,16509,49418
2021-07-27,6302,321,4710,1271,256744,189225,16830,50689
2021-07-28,6368,388,4500,1480,263112,193725,17218,52169
2021-07-29,5456,332,3806,1318,268568,197531,17550,53487
2021-07-30,5164,380,4810,-26,273732,202341,17930,53461
2021-07-31,4662,317,5065,-720,278394,207406,18247,52741
2021-08-01,3150,327,5797,-2974,281544,213203,18574,49767
2021-08-02,2334,333,4410,-2409,283878,217613,18907,47358
2021-08-03,4071,305,4181,-415,287949,221794,19212,46943
2021-08-04,3631,326,3962,-657,291580,225756,19538,46286
2021-08-05,3769,298,4454,-983,295349,230210,19836,45303
2021-08-06,4305,318,4774,-787,299654,234984,20154,44516
2021-08-07,3391,303,4351,-1263,303045,239335,20457,43253
2021-08-08,2502,292,3388,-1178,305547,242723,20749,42075
2021-08-09,1933,287,3393,-1747,307480,246116,21036,40328
2021-08-10,3541,251,4307,-1017,311021,250423,21287,39311
2021-08-11,2808,313,4005,-1510,313829,254428,21600,37801
2021-08-12,3114,299,3938,-1123,316943,258366,21899,36678
2021-08-13,4083,243,4215,-375,321026,262581,22142,36303
2021-08-14,3161,264,4304,-1407,324187,266885,22406,34896
2021-08-15,1599,221,3404,-2026,325786,270289,22627,32870
2021-08-16,1436,225,3614,-2403,327222,273903,22852,30467
2021-08-17,2184,236,3812,-1864,329406,277715,23088,28603
2021-08-18,1318,216,3093,-1991,330724,280808,23304,26612
2021-08-19,2532,204,3601,-1273,333256,284409,23508,25339
2021-08-20,2282,194,3260,-1172,335538,287669,23702,24167
2021-08-21,1808,186,3184,-1562,337346,290853,23888,22605
2021-08-22,953,183,2522,-1752,338299,293375,24071,20853
2021-08-23,939,164,3069,-2294,339238,296444,24235,18559
2021-08-24,1584,166,3050,-1632,340822,299494,24401,16927
2021-08-25,1452,189,2494,-1231,342274,301988,24590,15696
2021-08-26,1290,135,2403,-1248,343564,304391,24725,14448
2021-08-27,1407,147,2134,-874,344971,306525,24872,13574
2021-08-28,1075,149,1713,-787,346046,308238,25021,12787
2021-08-29,659,135,1457,-933,346705,309695,25156,11854
2021-08-30,635,122,1505,-992,347340,311200,25278,10862
2021-08-31,1307,123,1519,-335,348647,312719,25401,10527
2021-09-01,1102,126,1355,-379,349749,314074,25527,10148
2021-09-02,828,117,1410,-699,350577,315484,25644,9449
2021-09-03,748,84,1014,-350,351325,316498,25728,9099
2021-09-04,592,91,1133,-632,351917,317631,25819,8467
2021-09-05,425,67,841,-483,352342,318472,25886,7984
2021-09-06,346,77,947,-678,352688,319419,25963,7306
2021-09-07,639,77,972,-410,353327,320391,26040,6896
2021-09-08,584,59,924,-399,353911,321315,26099,6497
2021-09-09,479,42,845,-408,354390,322160,26141,6089
2021-09-10,462,49,772,-359,354852,322932,26190,5730
2021-09-11,390,39,651,-300,355242,323583,26229,5430
2021-09-12,260,27,577,-344,355502,324160,26256,5086
2021-09-13,218,25,617,-424,355720,324777,26281,4662
2021-09-14,379,19,659,-299,356099,325436,26300,4363
2021-09-15,367,19,622,-274,356466,326058,26319,4089
2021-09-16,288,24,609,-345,356754,326667,26343,3744
2021-09-17,377,17,613,-253,357131,327280,26360,3491
2021-09-18,289,16,488,-215,357420,327768,26376,3276
2021-09-19,234,14,389,-169,357654,328157,26390,3107
2021-09-20,141,21,364,-244,357795,328521,26411,2863
2021-09-21,318,21,437,-140,358113,328958,26432,2723
2021-09-22,297,12,304,-19,358410,329262,26444,2704
2021-09-23,220,19,350,-149,358630,329612,26463,2555
2021-09-24,218,16,309,-107,358848,329921,26479,2448
2021-09-25,215,17,329,-131,359063,330250,26496,2317
2021-09-26,168,8,217,-57,359231,330467,26504,2260
2021-09-27,88,13,269,-194,359319,330736,26517,2066
2021-09-28,178,11,235,-68,359497,330971,26528,1998
2021-09-29,221,9,259,-47,359718,331230,26537,1951
2021-09-30,193,13,248,-68,359911,331478,26550,1883
2021-10-01,122,11,221,-110,360033,331699,26561,1773
2021-10-02,127,11,243,-127,360160,331942,26572,1646
2021-10-03,109,9,186,-86,360269,332128,26581,1560
2021-10-04,57,7,201,-151,360326,332329,26588,1409
2021-10-05,126,6,193,-73,360452,332522,26594,1336
2021-10-06,157,8,191,-42,360609,332713,26602,1294
2021-10-07,121,13,184,-76,360730,332897,26615,1218
2021-10-08,119,6,165,-52,360849,333062,26621,1166
2021-10-09,117,8,154,-45,360966,333216,26629,1121
2021-10-10,127,3,147,-23,361093,333363,26632,1098
2021-10-11,48,8,118,-78,361141,333481,26640,1020
2021-10-12,160,8,152,0,361301,333633,26648,1020
2021-10-13,121,6,141,-26,361422,333774,26654,994
2021-10-14,85,3,119,-37,361507,333893,26657,957
2021-10-15,81,5,126,-50,361588,334019,26662,907
2021-10-16,100,11,127,-38,361688,334146,26673,869
2021-10-17,59,4,87,-32,361747,334233,26677,837
2021-10-18,42,8,85,-51,361789,334318,26685,786
2021-10-19,95,6,105,-16,361884,334423,26691,770
2021-10-20,87,6,97,-16,361971,334520,26697,754
2021-10-21,63,7,87,-31,362034,334607,26704,723
2021-10-22,64,3,94,-33,362098,334701,26707,690
2021-10-23,68,5,61,2,362166,334762,26712,692
2021-10-24,49,1,67,-19,362215,334829,26713,673
2021-10-25,31,7,65,-41,362246,334894,26720,632
2021-10-26,48,7,71,-30,362294,334965,26727,602
2021-10-27,90,6,96,-12,362384,335061,26733,590
2021-10-28,72,4,71,-3,362456,335132,26737,587
2021-10-29,54,5,55,-6,362510,335187,26742,581
2021-10-30,81,6,63,12,362591,335250,26748,593
2021-10-31,57,4,61,-8,362648,335311,26752,585
2021-11-01,40,1,56,-17,362688,335367,26753,568
2021-11-02,71,3,68,0,362759,335435,26756,568
2021-11-03,66,8,71,-13,362825,335506,26764,555
2021-11-04,58,6,57,-5,362883,335563,26770,550
2021-11-05,45,3,61,-19,362928,335624,26773,531
2021-11-06,47,3,51,-7,362975,335675,26776,524
2021-11-07,32,3,41,-12,363007,335716,26779,512
2021-11-08,30,1,54,-25,363037,335770,26780,487
2021-11-09,43,6,63,-26,363080,335833,26786,461
2021-11-10,62,3,76,-17,363142,335909,26789,444
2021-11-11,41,2,50,-11,363183,335959,26791,433
2021-11-12,28,4,41,-17,363211,336000,26795,416
2021-11-13,41,1,44,-4,363252,336044,26796,412
2021-11-14,30,2,58,-30,363282,336102,26798,382
2021-11-15,26,1,44,-19,363308,336146,26799,363
2021-11-16,35,1,45,-11,363343,336191,26800,352
2021-11-17,43,0,34,9,363386,336225,26800,361
2021-11-18,24,1,31,-8,363410,336256,26801,353
2021-11-19,28,1,33,-6,363438,336289,26802,347
2021-11-20,30,0,33,-3,363468,336322,26802,344
2021-11-21,24,3,20,1,363492,336342,26805,345
2021-11-22,21,4,31,-14,363513,336373,26809,331
2021-11-23,45,1,50,-6,363558,336423,26810,325
2021-11-24,36,1,27,8,363594,336450,26811,333
2021-11-25,32,3,20,9,363626,336470,26814,342
2021-11-26,48,1,37,10,363674,336507,26815,352
2021-11-27,31,3,18,10,363705,336525,26818,362
2021-11-28,33,0,27,6,363738,336552,26818,368
2021-11-29,10,1,15,-6,363748,336567,26819,362
2021-11-30,35,3,33,-1,363783,336600,26822,361
2021-12-01,29,2,27,0,363812,336627,26824,361
2021-12-02,29,0,33,-4,363841,336660,26824,357
2021-12-03,21,1,31,-11,363862,336691,26825,346
2021-12-04,27,2,32,-7,363889,336723,26827,339
2021-12-05,29,1,25,3,363918,336748,26828,342
2021-12-06,18,1,24,-7,363936,336772,26829,335
2021-12-07,36,0,38,-2,363972,336810,26829,333
2021-12-08,27,3,33,-9,363999,336843,26832,324
2021-12-09,30,1,26,3,364029,336869,26833,327
2021-12-10,20,0,42,-22,364049,336911,26833,305
2021-12-11,22,2,18,2,364071,336929,26835,307
2021-12-12,22,3,28,-9,364093,336957,26838,298
2021-12-13,14,0,19,-5,364107,336976,26838,293
2021-12-14,27,3,21,3,364134,336997,26841,296
2021-12-15,28,2,25,1,364162,337022,26843,297
2021-12-16,25,1,24,0,364187,337046,26844,297
2021-12-17,23,0,22,1,364210,337068,26844,298
2021-12-18,20,2,18,0,364230,337086,26846,298
2021-12-19,22,0,16,6,364252,337102,26846,304
2021-12-20,15,1,20,-6,364267,337122,26847,298
2021-12-21,14,5,23,-14,364281,337145,26852,284
2021-12-22,8,1,15,-8,364289,337160,26853,276
2021-12-23,17,0,20,-3,364306,337180,26853,273
2021-12-24,25,0,21,4,364331,337201,26853,277
2021-12-25,11,2,15,-6,364342,337216,26855,271
2021-12-26,5,0,12,-7,364347,337228,26855,264
2021-12-27,9,2,20,-13,364356,337248,26857,251
2021-12-28,24,3,19,2,364380,337267,26860,253
2021-12-29,16,1,19,-4,364396,337286,26861,249
2021-12-30,19,1,12,6,364415,337298,26862,255
2021-12-31,18,4,14,0,364433,337312,26866,255
2022-01-01,15,1,12,2,364448,337324,26867,257
2022-01-02,8,0,8,0,364456,337332,26867,257
2022-01-03,10,0,9,1,364466,337341,26867,258
2022-01-04,17,0,24,-7,364483,337365,26867,251
2022-01-05,12,2,11,-1,364495,337376,26869,250
2022-01-06,25,0,20,5,364520,337396,26869,255
2022-01-07,14,1,16,-3,364534,337412,26870,252
2022-01-08,28,3,16,9,364562,337428,26873,261
2022-01-09,16,1,21,-6,364578,337449,26874,255
2022-01-10,7,1,7,-1,364585,337456,26875,254
2022-01-11,28,0,11,17,364613,337467,26875,271
2022-01-12,15,2,10,3,364628,337477,26877,274
2022-01-13,22,0,12,10,364650,337489,26877,284
2022-01-14,21,1,18,2,364671,337507,26878,286
2022-01-15,23,0,19,4,364694,337526,26878,290
2022-01-16,26,1,15,10,364720,337541,26879,300
2022-01-17,14,0,18,-4,364734,337559,26879,296
2022-01-18,44,1,20,23,364778,337579,26880,319
2022-01-19,50,2,21,27,364828,337600,26882,346
2022-01-20,89,3,25,61,364917,337625,26885,407
2022-01-21,92,1,26,65,365009,337651,26886,472
2022-01-22,79,2,44,33,365088,337695,26888,505
2022-01-23,69,1,44,24,365157,337739,26889,529
2022-01-24,60,0,53,7,365217,337792,26889,536
2022-01-25,213,1,58,154,365430,337850,26890,690
2022-01-26,237,0,105,132,365667,337955,26890,822
2022-01-27,254,1,110,143,365921,338065,26891,965
2022-01-28,317,3,166,148,366238,338231,26894,1113
2022-01-29,362,0,151,211,366600,338382,26894,1324
2022-01-30,352,0,194,158,366952,338576,26894,1482
2022-01-31,268,0,242,26,367220,338818,26894,1508
2022-02-01,759,1,286,472,367979,339104,26895,1980
2022-02-02,563,1,301,261,368542,339405,26896,2241
2022-02-03,1395,2,541,852,369937,339946,26898,3093
2022-02-04,1681,5,657,1019,371618,340603,26903,4112
2022-02-05,2155,2,1053,1100,373773,341656,26905,5212
2022-02-06,2218,7,1238,973,375991,342894,26912,6185
2022-02-07,1339,5,1310,24,377330,344204,26917,6209
2022-02-08,3610,6,1710,1894,380940,345914,26923,8103
2022-02-09,4378,4,2304,2070,385318,348218,26927,10173
2022-02-10,4039,5,2454,1580,389357,350672,26932,11753
2022-02-11,4486,11,2865,1610,393843,353537,26943,13363
2022-02-12,5844,6,2954,2884,399687,356491,26949,16247
2022-02-13,5338,12,3272,2054,405025,359763,26961,18301
2022-02-14,3878,21,3014,843,408903,362777,26982,19144
2022-02-15,7530,15,3616,3899,416433,366393,26997,23043
2022-02-16,7908,22,5339,2547,424341,371732,27019,25590
2022-02-17,8955,24,5981,2950,433296,377713,27043,28540
2022-02-18,7848,36,5659,2153,441144,383372,27079,30693
2022-02-19,7334,28,5534,1772,448478,388906,27107,32465
2022-02-20,5765,20,5249,496,454243,394155,27127,32961
2022-02-21,3620,39,5153,-1572,457863,399308,27166,31389
2022-02-22,7565,43,5689,1833,465428,404997,27209,33222
2022-02-23,7480,48,5791,1641,472908,410788,27257,34863
2022-02-24,6633,47,6422,164,479541,417210,27304,35027
2022-02-25,5726,32,6148,-454,485267,423358,27336,34573
2022-02-26,5406,47,6178,-819,490673,429536,27383,33754
2022-02-27,3854,51,6196,-2393,494527,435732,27434,31361
2022-02-28,2227,53,4575,-2401,496754,440307,27487,28960
2022-03-01,2751,49,5515,-2813,499505,445822,27536,26147
2022-03-02,4883,57,5336,-510,504388,451158,27593,25637
2022-03-03,4129,44,5454,-1369,508517,456612,27637,24268
2022-03-04,2329,60,4551,-2282,510846,461163,27697,21986
2022-03-05,3648,58,4464,-874,514494,465627,27755,21112
2022-03-06,2318,42,3681,-1405,516812,469308,27797,19707
2022-03-07,1402,35,3642,-2275,518214,472950,27832,17432
2022-03-08,2747,58,3660,-971,520961,476610,27890,16461
2022-03-09,2128,37,3034,-943,523089,479644,27927,15518
2022-03-10,1392,41,2341,-990,524481,481985,27968,14528
2022-03-11,1366,41,2447,-1122,525847,484432,28009,13406
2022-03-12,1153,44,2306,-1197,527000,486738,28053,12209
2022-03-13,538,22,1901,-1385,527538,488639,28075,10824
2022-03-14,730,37,2317,-1624,528268,490956,28112,9200
2022-03-15,1063,38,1867,-842,529331,492823,28150,8358
2022-03-16,904,35,1704,-835,530235,494527,28185,7523
2022-03-17,725,33,1484,-792,530960,496011,28218,6731
2022-03-18,661,33,1377,-749,531621,497388,28251,5982
2022-03-19,470,22,1063,-615,532091,498451,28273,5367
2022-03-20,452,12,880,-440,532543,499331,28285,4927
2022-03-21,228,18,919,-709,532771,500250,28303,4218
2022-03-22,478,26,756,-304,533249,501006,28329,3914
2022-03-23,440,24,659,-243,533689,501665,28353,3671
2022-03-24,368,20,627,-279,534057,502292,28373,3392
2022-03-25,303,26,755,-478,534360,503047,28399,2914
2022-03-26,310,15,518,-223,534670,503565,28414,2691
2022-03-27,277,11,416,-150,534947,503981,28425,2541
