tanggal,KASUS,MENINGGAL,SEMBUH,DIRAWAT_OR_ISOLASI,AKUMULASI_KASUS,AKUMULASI_SEMBUH,AKUMULASI_MENINGGAL,AKUMULASI_DIRAWAT_OR_ISOLASI
2020-03-08,1,1,0,0,1,0,1,0
2020-03-09,0,0,0,0,1,0,1,0
2020-03-10,0,0,0,0,1,0,1,0
2020-03-11,0,0,0,0,1,0,1,0
2020-03-12,0,0,0,0,1,0,1,0
2020-03-13,0,0,0,0,1,0,1,0
2020-03-14,1,0,0,1,2,0,1,1
2020-03-15,1,0,1,0,3,1,1,1
2020-03-16,1,0,0,1,4,1,1,2
2020-03-17,0,0,0,0,4,1,1,2
2020-03-18,3,1,0,2,7,1,2,4
2020-03-19,2,0,0,2,9,1,2,6
2020-03-20,3,0,1,2,12,2,2,8
2020-03-21,1,1,0,0,13,2,3,8
2020-03-22,1,0,1,0,14,3,3,8
2020-03-23,0,0,0,0,14,3,3,8
2020-03-24,2,1,1,0,16,4,4,8
2020-03-25,18,1,1,16,34,5,5,24
2020-03-26,2,0,0,2,36,5,5,26
2020-03-27,8,1,1,6,44,6,6,32
2020-03-28,14,2,2,10,58,8,8,42
2020-03-29,10,1,0,9,68,8,9,51
2020-03-30,12,1,1,10,80,9,10,61
2020-03-31,11,2,0,9,91,9,12,70
2020-04-01,15,7,13,-5,106,22,19,65
2020-04-02,5,1,2,2,111,24,20,67
2020-04-03,18,1,5,12,129,29,21,79
2020-04-04,13,0,3,10,142,32,21,89
2020-04-05,3,0,0,3,145,32,21,92
2020-04-06,14,5,1,8,159,33,26,100
2020-04-07,7,0,0,7,166,33,26,107
2020-04-08,12,3,2,7,178,35,29,114
2020-04-09,9,1,3,5,187,38,30,119
2020-04-10,2,0,0,2,189,38,30,121
2020-04-11,4,1,0,3,193,38,31,124
2020-04-12,45,1,0,44,238,38,32,168
2020-04-13,11,1,3,7,249,41,33,175
2020-04-14,59,0,3,56,308,44,33,231
2020-04-15,19,1,2,16,327,46,34,247
2020-04-16,11,1,1,9,338,47,35,256
2020-04-17,11,2,14,-5,349,61,37,251
2020-04-18,31,0,6,25,380,67,37,276
2020-04-19,20,2,0,18,400,67,39,294
2020-04-20,6,2,6,-2,406,73,41,292
2020-04-21,85,1,2,82,491,75,42,374
2020-04-22,35,2,9,24,526,84,44,398
2020-04-23,52,2,8,42,578,92,46,440
2020-04-24,36,3,4,29,614,96,49,469
2020-04-25,43,2,10,31,657,106,51,500
2020-04-26,33,0,3,30,690,109,51,530
2020-04-27,19,2,11,6,709,120,53,536
2020-04-28,19,1,12,6,728,132,54,542
2020-04-29,34,3,5,26,762,137,57,568
2020-04-30,17,1,12,4,779,149,58,572
2020-05-01,22,2,11,9,801,160,60,581
2020-05-02,22,1,8,13,823,168,61,594
2020-05-03,15,0,6,9,838,174,61,603
2020-05-04,23,0,7,16,861,181,61,619
2020-05-05,41,0,17,24,902,198,61,643
2020-05-06,44,1,27,16,946,225,62,659
2020-05-07,14,1,19,-6,960,244,63,653
2020-05-08,34,0,31,3,994,275,63,656
2020-05-09,25,1,16,8,1019,291,64,664
2020-05-10,19,0,4,15,1038,295,64,679
2020-05-11,3,0,5,-2,1041,300,64,677
2020-05-12,15,2,3,10,1056,303,66,687
2020-05-13,28,0,5,23,1084,308,66,710
2020-05-14,46,1,8,37,1130,316,67,747
2020-05-15,41,0,9,32,1171,325,67,779
2020-05-16,38,1,7,30,1209,332,68,809
2020-05-17,18,0,4,14,1227,336,68,823
2020-05-18,11,2,7,2,1238,343,70,825
2020-05-19,20,0,12,8,1258,355,70,833
2020-05-20,19,0,7,12,1277,362,70,845
2020-05-21,18,0,9,9,1295,371,70,854
2020-05-22,27,0,8,19,1322,379,70,873
2020-05-23,53,0,14,39,1375,393,70,912
2020-05-24,21,0,3,18,1396,396,70,930
2020-05-25,7,0,3,4,1403,399,70,934
2020-05-26,8,0,23,-15,1411,422,70,919
2020-05-27,11,0,1,10,1422,423,70,929
2020-05-28,15,1,7,7,1437,430,71,936
2020-05-29,16,1,51,-36,1453,481,72,900
2020-05-30,23,0,19,4,1476,500,72,904
2020-05-31,34,0,7,27,1510,507,72,931
2020-06-01,19,2,9,8,1529,516,74,939
2020-06-02,30,0,12,18,1559,528,74,957
2020-06-03,32,3,9,20,1591,537,77,977
2020-06-04,31,4,12,15,1622,549,81,992
2020-06-05,66,9,32,25,1688,581,90,1017
2020-06-06,45,2,15,28,1733,596,92,1045
2020-06-07,67,15,15,37,1800,611,107,1082
2020-06-08,82,5,41,36,1882,652,112,1118
2020-06-09,44,6,70,-32,1926,722,118,1086
2020-06-10,140,2,113,25,2066,835,120,1111
2020-06-11,53,3,13,37,2119,848,123,1148
2020-06-12,50,1,38,11,2169,886,124,1159
2020-06-13,89,3,33,53,2258,919,127,1212
2020-06-14,101,7,23,71,2359,942,134,1283
2020-06-15,119,18,42,59,2478,984,152,1342
2020-06-16,65,5,16,44,2543,1000,157,1386
2020-06-17,117,6,54,57,2660,1054,163,1443
2020-06-18,67,11,30,26,2727,1084,174,1469
2020-06-19,99,9,28,62,2826,1112,183,1531
2020-06-20,120,1,34,85,2946,1146,184,1616
2020-06-21,103,1,30,72,3049,1176,185,1688
2020-06-22,74,4,31,39,3123,1207,189,1727
2020-06-23,76,7,48,21,3199,1255,196,1748
2020-06-24,101,6,27,68,3300,1282,202,1816
2020-06-25,118,2,28,88,3418,1310,204,1904
2020-06-26,204,6,46,152,3622,1356,210,2056
2020-06-27,186,4,35,147,3808,1391,214,2203
2020-06-28,159,3,27,129,3967,1418,217,2332
2020-06-29,200,3,72,125,4167,1490,220,2457
2020-06-30,166,26,136,4,4333,1626,246,2461
2020-07-01,185,3,99,83,4518,1725,249,2544
2020-07-02,153,4,28,121,4671,1753,253,2665
2020-07-03,132,12,82,38,4803,1835,265,2703
2020-07-04,116,19,111,-14,4919,1946,284,2689
2020-07-05,199,16,30,153,5118,1976,300,2842
2020-07-06,171,24,72,75,5289,2048,324,2917
2020-07-07,163,3,79,81,5452,2127,327,2998
2020-07-08,188,16,96,76,5640,2223,343,3074
2020-07-09,147,5,30,112,5787,2253,348,3186
2020-07-10,129,20,162,-53,5916,2415,368,3133
2020-07-11,133,6,19,108,6049,2434,374,3241
2020-07-12,94,16,23,55,6143,2457,390,3296
2020-07-13,130,8,34,88,6273,2491,398,3384
2020-07-14,111,6,31,74,6384,2522,404,3458
2020-07-15,269,7,85,177,6653,2607,411,3635
2020-07-16,238,7,210,21,6891,2817,418,3656
2020-07-17,258,6,181,71,7149,2998,424,3727
2020-07-18,239,5,231,3,7388,3229,429,3730
2020-07-19,302,30,345,-73,7690,3574,459,3657
2020-07-20,329,31,253,45,8019,3827,490,3702
2020-07-21,159,18,179,-38,8178,4006,508,3664
2020-07-22,318,65,171,82,8496,4177,573,3746
2020-07-23,262,55,188,19,8758,4365,628,3765
2020-07-24,118,34,115,-31,8876,4480,662,3734
2020-07-25,162,11,141,10,9038,4621,673,3744
2020-07-26,75,12,139,-76,9113,4760,685,3668
2020-07-27,172,3,182,-13,9285,4942,688,3655
2020-07-28,147,12,290,-155,9432,5232,700,3500
2020-07-29,246,16,265,-35,9678,5497,716,3465
2020-07-30,125,18,330,-223,9803,5827,734,3242
2020-07-31,188,8,80,100,9991,5907,742,3342
2020-08-01,114,12,247,-145,10105,6154,754,3197
2020-08-02,55,17,119,-81,10160,6273,771,3116
2020-08-03,74,2,146,-74,10234,6419,773,3042
2020-08-04,51,1,98,-48,10285,6517,774,2994
2020-08-05,110,13,151,-54,10395,6668,787,2940
2020-08-06,95,18,170,-93,10490,6838,805,2847
2020-08-07,179,5,171,3,10669,7009,810,2850
2020-08-08,66,9,56,1,10735,7065,819,2851
2020-08-09,100,3,55,42,10835,7120,822,2893
2020-08-10,56,3,146,-93,10891,7266,825,2800
2020-08-11,59,2,107,-50,10950,7373,827,2750
2020-08-12,142,13,111,18,11092,7484,840,2768
2020-08-13,170,12,95,63,11262,7579,852,2831
2020-08-14,158,7,47,104,11420,7626,859,2935
2020-08-15,101,4,54,43,11521,7680,863,2978
2020-08-16,130,7,49,74,11651,7729,870,3052
2020-08-17,29,3,33,-7,11680,7762,873,3045
2020-08-18,99,10,77,12,11779,7839,883,3057
2020-08-19,116,7,119,-10,11895,7958,890,3047
2020-08-20,139,2,112,25,12034,8070,892,3072
2020-08-21,76,5,85,-14,12110,8155,897,3058
2020-08-22,89,13,117,-41,12199,8272,910,3017
2020-08-23,145,9,48,88,12344,8320,919,3105
2020-08-24,118,4,85,29,12462,8405,923,3134
2020-08-25,168,20,90,58,12630,8495,943,3192
2020-08-26,122,24,138,-40,12752,8633,967,3152
2020-08-27,202,23,173,6,12954,8806,990,3158
2020-08-28,205,22,99,84,13159,8905,1012,3242
2020-08-29,137,8,68,61,13296,8973,1020,3303
2020-08-30,117,11,71,35,13413,9044,1031,3338
2020-08-31,136,9,90,37,13549,9134,1040,3375
2020-09-01,156,12,100,44,13705,9234,1052,3419
2020-09-02,224,28,309,-113,13929,9543,1080,3306
2020-09-03,202,13,103,86,14131,9646,1093,3392
2020-09-04,151,5,99,47,14282,9745,1098,3439
2020-09-05,210,7,216,-13,14492,9961,1105,3426
2020-09-06,186,8,152,26,14678,10113,1113,3452
2020-09-07,220,5,126,89,14898,10239,1118,3541
2020-09-08,200,5,121,74,15098,10360,1123,3615
2020-09-09,222,11,128,83,15320,10488,1134,3698
2020-09-10,289,15,103,171,15609,10591,1149,3869
2020-09-11,455,2,148,305,16064,10739,1151,4174
2020-09-12,302,6,123,173,16366,10862,1157,4347
2020-09-13,232,6,84,142,16598,10946,1163,4489
2020-09-14,117,6,182,-71,16715,11128,1169,4418
2020-09-15,162,9,143,10,16877,11271,1178,4428
2020-09-16,275,12,99,164,17152,11370,1190,4592
2020-09-17,233,13,177,43,17385,11547,1203,4635
2020-09-18,154,8,322,-176,17539,11869,1211,4459
2020-09-19,219,30,307,-118,17758,12176,1241,4341
2020-09-20,248,8,225,15,18006,12401,1249,4356
2020-09-21,194,16,243,-65,18200,12644,1265,4291
2020-09-22,185,37,324,-176,18385,12968,1302,4115
2020-09-23,203,14,292,-103,18588,13260,1316,4012
2020-09-24,344,19,546,-221,18932,13806,1335,3791
2020-09-25,267,13,210,44,19199,14016,1348,3835
2020-09-26,304,12,172,120,19503,14188,1360,3955
2020-09-27,204,3,98,103,19707,14286,1363,4058
2020-09-28,236,7,163,66,19943,14449,1370,4124
2020-09-29,214,9,204,1,20157,14653,1379,4125
2020-09-30,173,3,170,0,20330,14823,1382,4125
2020-10-01,235,5,153,77,20565,14976,1387,4202
2020-10-02,274,15,152,107,20839,15128,1402,4309
2020-10-03,284,4,170,110,21123,15298,1406,4419
2020-10-04,241,2,150,89,21364,15448,1408,4508
2020-10-05,293,6,146,141,21657,15594,1414,4649
2020-10-06,320,5,252,63,21977,15846,1419,4712
2020-10-07,314,4,222,88,22291,16068,1423,4800
2020-10-08,261,8,212,41,22552,16280,1431,4841
2020-10-09,320,7,163,150,22872,16443,1438,4991
2020-10-10,324,14,220,90,23196,16663,1452,5081
2020-10-11,257,6,157,94,23453,16820,1458,5175
2020-10-12,193,5,219,-31,23646,17039,1463,5144
2020-10-13,357,8,235,114,24003,17274,1471,5258
2020-10-14,229,7,697,-475,24232,17971,1478,4783
2020-10-15,383,20,1759,-1396,24615,19730,1498,3387
2020-10-16,356,6,309,41,24971,20039,1504,3428
2020-10-17,326,9,264,53,25297,20303,1513,3481
2020-10-18,284,3,290,-9,25581,20593,1516,3472
2020-10-19,247,7,257,-17,25828,20850,1523,3455
2020-10-20,339,15,460,-136,26167,21310,1538,3319
2020-10-21,303,13,304,-14,26470,21614,1551,3305
2020-10-22,415,8,286,121,26885,21900,1559,3426
2020-10-23,454,12,372,70,27339,22272,1571,3496
2020-10-24,222,15,349,-142,27561,22621,1586,3354
2020-10-25,295,6,296,-7,27856,22917,1592,3347
2020-10-26,129,13,236,-120,27985,23153,1605,3227
2020-10-27,262,7,249,6,28247,23402,1612,3233
2020-10-28,249,9,253,-13,28496,23655,1621,3220
2020-10-29,294,6,190,98,28790,23845,1627,3318
2020-10-30,159,10,231,-82,28949,24076,1637,3236
2020-10-31,499,10,223,266,29448,24299,1647,3502
2020-11-01,377,7,275,95,29825,24574,1654,3597
2020-11-02,200,12,293,-105,30025,24867,1666,3492
2020-11-03,375,18,349,8,30400,25216,1684,3500
2020-11-04,437,11,280,146,30837,25496,1695,3646
2020-11-05,284,14,252,18,31121,25748,1709,3664
2020-11-06,489,10,219,260,31610,25967,1719,3924
2020-11-07,371,24,233,114,31981,26200,1743,4038
2020-11-08,525,8,217,300,32506,26417,1751,4338
2020-11-09,504,11,241,252,33010,26658,1762,4590
2020-11-10,530,13,243,274,33540,26901,1775,4864
2020-11-11,132,13,240,-121,33672,27141,1788,4743
2020-11-12,488,10,285,193,34160,27426,1798,4936
2020-11-13,1074,25,252,797,35234,27678,1823,5733
2020-11-14,987,22,194,771,36221,27872,1845,6504
2020-11-15,811,11,220,580,37032,28092,1856,7084
2020-11-16,470,9,265,196,37502,28357,1865,7280
2020-11-17,408,33,436,-61,37910,28793,1898,7219
2020-11-18,380,15,307,58,38290,29100,1913,7277
2020-11-19,338,8,269,61,38628,29369,1921,7338
2020-11-20,387,8,287,92,39015,29656,1929,7430
2020-11-21,526,9,172,345,39541,29828,1938,7775
2020-11-22,359,12,472,-125,39900,30300,1950,7650
2020-11-23,708,7,208,493,40608,30508,1957,8143
2020-11-24,643,12,219,412,41251,30727,1969,8555
2020-11-25,820,8,247,565,42071,30974,1977,9120
2020-11-26,440,30,198,212,42511,31172,2007,9332
2020-11-27,699,36,307,356,43210,31479,2043,9688
2020-11-28,806,15,344,447,44016,31823,2058,10135
2020-11-29,1333,63,599,671,45349,32422,2121,10806
2020-11-30,648,11,1018,-381,45997,33440,2132,10425
2020-12-01,589,7,347,235,46586,33787,2139,10660
2020-12-02,742,16,227,499,47328,34014,2155,11159
2020-12-03,632,8,256,368,47960,34270,2163,11527
2020-12-04,726,9,244,473,48686,34514,2172,12000
2020-12-05,612,5,253,354,49298,34767,2177,12354
2020-12-06,430,30,136,264,49728,34903,2207,12618
2020-12-07,478,5,237,236,50206,35140,2212,12854
2020-12-08,609,7,294,308,50815,35434,2219,13162
2020-12-09,600,27,155,418,51415,35589,2246,13580
2020-12-10,638,26,496,116,52053,36085,2272,13696
2020-12-11,617,16,236,365,52670,36321,2288,14061
2020-12-12,720,21,365,334,53390,36686,2309,14395
2020-12-13,559,35,158,366,53949,36844,2344,14761
2020-12-14,602,12,682,-92,54551,37526,2356,14669
2020-12-15,633,19,675,-61,55184,38201,2375,14608
2020-12-16,331,20,672,-361,55515,38873,2395,14247
2020-12-17,491,27,199,265,56006,39072,2422,14512
2020-12-18,304,14,281,9,56310,39353,2436,14521
2020-12-19,748,17,168,563,57058,39521,2453,15084
2020-12-20,697,49,122,526,57755,39643,2502,15610
2020-12-21,794,61,321,412,58549,39964,2563,16022
2020-12-22,723,30,442,251,59272,40406,2593,16273
2020-12-23,717,0,398,319,59989,40804,2593,16592
2020-12-24,709,41,323,345,60698,41127,2634,16937
2020-12-25,728,66,737,-75,61426,41864,2700,16862
2020-12-26,699,16,346,337,62125,42210,2716,17199
2020-12-27,654,65,437,152,62779,42647,2781,17351
2020-12-28,776,68,502,206,63555,43149,2849,17557
2020-12-29,840,7,776,57,64395,43925,2856,17614
2020-12-30,731,25,420,286,65126,44345,2881,17900
2020-12-31,744,14,652,78,65870,44997,2895,17978
2021-01-01,737,4,468,265,66607,45465,2899,18243
2021-01-02,763,74,744,-55,67370,46209,2973,18188
2021-01-03,744,58,304,382,68114,46513,3031,18570
2021-01-04,824,10,583,231,68938,47096,3041,18801
2021-01-05,792,18,1077,-303,69730,48173,3059,18498
2021-01-06,824,40,818,-34,70554,48991,3099,18464
2021-01-07,789,37,557,195,71343,49548,3136,18659
2021-01-08,853,46,639,168,72196,50187,3182,18827
2021-01-09,832,20,219,593,73028,50406,3202,19420
2021-01-10,841,15,115,711,73869,50521,3217,20131
2021-01-11,850,24,629,197,74719,51150,3241,20328
2021-01-12,1039,78,1045,-84,75758,52195,3319,20244
2021-01-13,1180,73,586,521,76938,52781,3392,20765
2021-01-14,1182,69,809,304,78120,53590,3461,21069
2021-01-15,1597,28,674,895,79717,54264,3489,21964
2021-01-16,1607,32,611,964,81324,54875,3521,22928
2021-01-17,1461,35,93,1333,82785,54968,3556,24261
2021-01-18,1245,73,864,308,84030,55832,3629,24569
2021-01-19,1308,81,519,708,85338,56351,3710,25277
2021-01-20,1443,24,420,999,86781,56771,3734,26276
2021-01-21,1607,74,903,630,88388,57674,3808,26906
2021-01-22,1452,27,522,903,89840,58196,3835,27809
2021-01-23,1523,7,382,1134,91363,58578,3842,28943
2021-01-24,1215,5,248,962,92578,58826,3847,29905
2021-01-25,1241,101,1679,-539,93819,60505,3948,29366
2021-01-26,1327,90,1269,-32,95146,61774,4038,29334
2021-01-27,1448,89,1247,112,96594,63021,4127,29446
2021-01-28,1217,63,721,433,97811,63742,4190,29879
2021-01-29,1219,20,302,897,99030,64044,4210,30776
2021-01-30,1009,21,247,741,100039,64291,4231,31517
2021-01-31,885,17,143,725,100924,64434,4248,32242
2021-02-01,781,104,1602,-925,101705,66036,4352,31317
2021-02-02,886,54,1108,-276,102591,67144,4406,31041
2021-02-03,1408,19,779,610,103999,67923,4425,31651
2021-02-04,1449,70,618,761,105448,68541,4495,32412
2021-02-05,1525,14,409,1102,106973,68950,4509,33514
2021-02-06,1298,14,89,1195,108271,69039,4523,34709
2021-02-07,873,13,66,794,109144,69105,4536,35503
2021-02-08,658,8,838,-188,109802,69943,4544,35315
2021-02-09,738,42,542,154,110540,70485,4586,35469
2021-02-10,1001,8,1054,-61,111541,71539,4594,35408
2021-02-11,813,20,597,196,112354,72136,4614,35604
2021-02-12,519,15,119,385,112873,72255,4629,35989
2021-02-13,609,88,429,92,113482,72684,4717,36081
2021-02-14,370,56,40,274,113852,72724,4773,36355
2021-02-15,709,30,178,501,114561,72902,4803,36856
2021-02-16,890,31,13,846,115451,72915,4834,37702
2021-02-17,686,5,52,629,116137,72967,4839,38331
2021-02-18,561,8,400,153,116698,73367,4847,38484
2021-02-19,984,28,554,402,117682,73921,4875,38886
2021-02-20,653,17,379,257,118335,74300,4892,39143
2021-02-21,391,11,194,186,118726,74494,4903,39329
2021-02-22,848,38,924,-114,119574,75418,4941,39215
2021-02-23,669,125,516,28,120243,75934,5066,39243
2021-02-24,1013,66,461,486,121256,76395,5132,39729
2021-02-25,657,51,963,-357,121913,77358,5183,39372
2021-02-26,536,110,876,-450,122449,78234,5293,38922
2021-02-27,505,56,2008,-1559,122954,80242,5349,37363
2021-02-28,255,16,2167,-1928,123209,82409,5365,35435
2021-03-01,534,16,705,-187,123743,83114,5381,35248
2021-03-02,795,25,668,102,124538,83782,5406,35350
2021-03-03,383,22,1051,-690,124921,84833,5428,34660
2021-03-04,475,14,571,-110,125396,85404,5442,34550
2021-03-05,704,15,232,457,126100,85636,5457,35007
2021-03-06,482,8,41,433,126582,85677,5465,35440
2021-03-07,317,2,454,-139,126899,86131,5467,35301
2021-03-08,687,67,1858,-1238,127586,87989,5534,34063
2021-03-09,717,44,1507,-834,128303,89496,5578,33229
2021-03-10,245,27,512,-294,128548,90008,5605,32935
2021-03-11,212,11,270,-69,128760,90278,5616,32866
2021-03-12,402,24,607,-229,129162,90885,5640,32637
2021-03-13,132,9,206,-83,129294,91091,5649,32554
2021-03-14,119,3,85,31,129413,91176,5652,32585
2021-03-15,536,15,444,77,129949,91620,5667,32662
2021-03-16,454,33,1111,-690,130403,92731,5700,31972
2021-03-17,483,34,594,-145,130886,93325,5734,31827
2021-03-18,539,59,746,-266,131425,94071,5793,31561
2021-03-19,481,37,695,-251,131906,94766,5830,31310
2021-03-20,182,6,236,-60,132088,95002,5836,31250
2021-03-21,82,3,80,-1,132170,95082,5839,31249
2021-03-22,569,18,1368,-817,132739,96450,5857,30432
2021-03-23,604,20,873,-289,133343,97323,5877,30143
2021-03-24,318,16,957,-655,133661,98280,5893,29488
2021-03-25,360,15,468,-123,134021,98748,5908,29365
2021-03-26,210,7,429,-226,134231,99177,5915,29139
2021-03-27,114,6,75,33,134345,99252,5921,29172
2021-03-28,76,1,1,74,134421,99253,5922,29246
2021-03-29,314,29,677,-392,134735,99930,5951,28854
2021-03-30,522,14,906,-398,135257,100836,5965,28456
2021-03-31,387,9,536,-158,135644,101372,5974,28298
2021-04-01,541,9,657,-125,136185,102029,5983,28173
2021-04-02,180,9,107,64,136365,102136,5992,28237
2021-04-03,206,3,70,133,136571,102206,5995,28370
2021-04-04,159,36,12,111,136730,102218,6031,28481
2021-04-05,396,40,1605,-1249,137126,103823,6071,27232
2021-04-06,472,3,635,-166,137598,104458,6074,27066
2021-04-07,431,9,1808,-1386,138029,106266,6083,25680
2021-04-08,630,28,2163,-1561,138659,108429,6111,24119
2021-04-09,455,22,2174,-1741,139114,110603,6133,22378
2021-04-10,218,0,246,-28,139332,110849,6133,22350
2021-04-11,155,21,289,-155,139487,111138,6154,22195
2021-04-12,596,12,1029,-445,140083,112167,6166,21750
2021-04-13,690,13,1615,-938,140773,113782,6179,20812
2021-04-14,572,16,1392,-836,141345,115174,6195,19976
2021-04-15,677,33,1690,-1046,142022,116864,6228,18930
2021-04-16,503,23,1502,-1022,142525,118366,6251,17908
2021-04-17,415,2,1449,-1036,142940,119815,6253,16872
2021-04-18,329,6,1070,-747,143269,120885,6259,16125
2021-04-19,543,13,1474,-944,143812,122359,6272,15181
2021-04-20,540,51,1869,-1380,144352,124228,6323,13801
2021-04-21,533,69,1663,-1199,144885,125891,6392,12602
2021-04-22,478,31,1341,-894,145363,127232,6423,11708
2021-04-23,301,40,1219,-958,145664,128451,6463,10750
2021-04-24,265,39,491,-265,145929,128942,6502,10485
2021-04-25,196,0,244,-48,146125,129186,6502,10437
2021-04-26,520,46,381,93,146645,129567,6548,10530
2021-04-27,287,37,499,-249,146932,130066,6585,10281
2021-04-28,181,48,494,-361,147113,130560,6633,9920
2021-04-29,468,61,1091,-684,147581,131651,6694,9236
2021-04-30,330,59,746,-475,147911,132397,6753,8761
2021-05-01,154,20,186,-52,148065,132583,6773,8709
2021-05-02,145,15,59,71,148210,132642,6788,8780
2021-05-03,436,27,490,-81,148646,133132,6815,8699
2021-05-04,296,24,513,-241,148942,133645,6839,8458
2021-05-05,441,46,474,-79,149383,134119,6885,8379
2021-05-06,299,11,333,-45,149682,134452,6896,8334
2021-05-07,439,10,615,-186,150121,135067,6906,8148
2021-05-08,117,46,303,-232,150238,135370,6952,7916
2021-05-09,109,35,357,-283,150347,135727,6987,7633
2021-05-10,674,63,596,15,151021,136323,7050,7648
2021-05-11,439,64,634,-259,151460,136957,7114,7389
2021-05-12,92,22,230,-160,151552,137187,7136,7229
2021-05-13,372,2,906,-536,151924,138093,7138,6693
2021-05-14,135,17,354,-236,152059,138447,7155,6457
2021-05-15,196,29,345,-178,152255,138792,7184,6279
2021-05-16,283,11,306,-34,152538,139098,7195,6245
2021-05-17,550,37,727,-214,153088,139825,7232,6031
2021-05-18,461,11,517,-67,153549,140342,7243,5964
2021-05-19,328,44,152,132,153877,140494,7287,6096
2021-05-20,449,53,337,59,154326,140831,7340,6155
2021-05-21,538,38,134,366,154864,140965,7378,6521
2021-05-22,397,25,93,279,155261,141058,7403,6800
2021-05-23,281,16,197,68,155542,141255,7419,6868
2021-05-24,760,13,690,57,156302,141945,7432,6925
2021-05-25,557,23,259,275,156859,142204,7455,7200
2021-05-26,430,18,195,217,157289,142399,7473,7417
2021-05-27,563,4,182,377,157852,142581,7477,7794
2021-05-28,531,36,519,-24,158383,143100,7513,7770
2021-05-29,869,18,511,340,159252,143611,7531,8110
2021-05-30,821,6,215,600,160073,143826,7537,8710
2021-05-31,740,18,450,272,160813,144276,7555,8982
2021-06-01,702,19,96,587,161515,144372,7574,9569
2021-06-02,657,35,125,497,162172,144497,7609,10066
2021-06-03,573,22,354,197,162745,144851,7631,10263
2021-06-04,756,40,451,265,163501,145302,7671,10528
2021-06-05,883,13,89,781,164384,145391,7684,11309
2021-06-06,714,30,319,365,165098,145710,7714,11674
2021-06-07,1276,26,966,284,166374,146676,7740,11958
2021-06-08,1274,26,535,713,167648,147211,7766,12671
2021-06-09,1247,12,745,490,168895,147956,7778,13161
2021-06-10,1348,47,483,818,170243,148439,7825,13979
2021-06-11,991,31,648,312,171234,149087,7856,14291
2021-06-12,839,32,143,664,172073,149230,7888,14955
2021-06-13,2164,8,147,2009,174237,149377,7896,16964
2021-06-14,1455,52,539,864,175692,149916,7948,17828
2021-06-15,1773,14,684,1075,177465,150600,7962,18903
2021-06-16,1478,22,460,996,178943,151060,7984,19899
2021-06-17,1554,50,808,696,180497,151868,8034,20595
2021-06-18,1314,44,597,673,181811,152465,8078,21268
2021-06-19,1679,30,175,1474,183490,152640,8108,22742
2021-06-20,1574,71,132,1371,185064,152772,8179,24113
2021-06-21,2721,41,1765,915,187785,154537,8220,25028
2021-06-22,1924,62,1319,543,189709,155856,8282,25571
2021-06-23,1888,41,1590,257,191597,157446,8323,25828
2021-06-24,2401,63,1807,531,193998,159253,8386,26359
2021-06-25,1341,93,1528,-280,195339,160781,8479,26079
2021-06-26,1526,44,455,1027,196865,161236,8523,27106
2021-06-27,1429,86,353,990,198294,161589,8609,28096
2021-06-28,1444,58,1245,141,199738,162834,8667,28237
2021-06-29,2367,78,1248,1041,202105,164082,8745,29278
2021-06-30,2029,72,1549,408,204134,165631,8817,29686
2021-07-01,2227,148,1414,665,206361,167045,8965,30351
2021-07-02,2144,173,936,1035,208505,167981,9138,31386
2021-07-03,2762,207,1195,1360,211267,169176,9345,32746
2021-07-04,2450,76,789,1585,213717,169965,9421,34331
2021-07-05,2689,103,1249,1337,216406,171214,9524,35668
2021-07-06,3068,186,1369,1513,219474,172583,9710,37181
2021-07-07,3142,278,2235,629,222616,174818,9988,37810
2021-07-08,3392,199,1824,1369,226008,176642,10187,39179
2021-07-09,3671,151,2430,1090,229679,179072,10338,40269
2021-07-10,3042,130,1222,1690,232721,180294,10468,41959
2021-07-11,1878,128,2006,-256,234599,182300,10596,41703
2021-07-12,2282,153,2146,-17,236881,184446,10749,41686
2021-07-13,2677,135,1908,634,239558,186354,10884,42320
2021-07-14,3894,190,2166,1538,243452,188520,11074,43858
2021-07-15,3510,196,1803,1511,246962,190323,11270,45369
2021-07-16,3383,219,2244,920,250345,192567,11489,46289
2021-07-17,3986,197,1295,2494,254331,193862,11686,48783
2021-07-18,3614,145,2737,732,257945,196599,11831,49515
2021-07-19,3293,218,2917,158,261238,199516,12049,49673
2021-07-20,2706,221,3298,-813,263944,202814,12270,48860
2021-07-21,3413,311,3163,-61,267357,205977,12581,48799
2021-07-22,4344,303,4788,-747,271701,210765,12884,48052
2021-07-23,3544,365,3159,20,275245,213924,13249,48072
2021-07-24,4355,260,3168,927,279600,217092,13509,48999
2021-07-25,4523,195,2738,1590,284123,219830,13704,50589
2021-07-26,3199,222,3792,-815,287322,223622,13926,49774
2021-07-27,4014,326,3699,-11,291336,227321,14252,49763
2021-07-28,5267,321,3565,1381,296603,230886,14573,51144
2021-07-29,3340,421,4781,-1862,299943,235667,14994,49282
2021-07-30,3555,269,3704,-418,303498,239371,15263,48864
2021-07-31,3785,258,3594,-67,307283,242965,15521,48797
2021-08-01,3248,317,3486,-555,310531,246451,15838,48242
2021-08-02,2134,243,2638,-747,312665,249089,16081,47495
2021-08-03,3332,298,3033,1,315997,252122,16379,47496
2021-08-04,3096,426,4788,-2118,319093,256910,16805,45378
2021-08-05,3254,403,6169,-3318,322347,263079,17208,42060
2021-08-06,2156,345,6382,-4571,324503,269461,17553,37489
2021-08-07,3766,307,3900,-441,328269,273361,17860,37048
2021-08-08,3746,201,4230,-685,332015,277591,18061,36363
2021-08-09,3348,326,5069,-2047,335363,282660,18387,34316
2021-08-10,3668,388,4833,-1553,339031,287493,18775,32763
2021-08-11,3994,287,5599,-1892,343025,293092,19062,30871
2021-08-12,4252,319,6122,-2189,347277,299214,19381,28682
2021-08-13,3392,381,2984,27,350669,302198,19762,28709
2021-08-14,3684,312,4183,-811,354353,306381,20074,27898
2021-08-15,3304,252,3265,-213,357657,309646,20326,27685
2021-08-16,3012,297,3161,-446,360669,312807,20623,27239
2021-08-17,2565,241,3843,-1519,363234,316650,20864,25720
2021-08-18,2461,235,3144,-918,365695,319794,21099,24802
2021-08-19,1168,317,1424,-573,366863,321218,21416,24229
2021-08-20,1154,288,1142,-276,368017,322360,21704,23953
2021-08-21,1028,258,1248,-478,369045,323608,21962,23475
2021-08-22,664,253,1081,-670,369709,324689,22215,22805
2021-08-23,626,78,788,-240,370335,325477,22293,22565
2021-08-24,996,96,758,142,371331,326235,22389,22707
2021-08-25,645,87,1230,-672,371976,327465,22476,22035
2021-08-26,656,61,964,-369,372632,328429,22537,21666
2021-08-27,842,38,837,-33,373474,329266,22575,21633
2021-08-28,594,38,540,16,374068,329806,22613,21649
2021-08-29,403,32,1032,-661,374471,330838,22645,20988
2021-08-30,417,34,746,-363,374888,331584,22679,20625
2021-08-31,505,26,872,-393,375393,332456,22705,20232
2021-09-01,783,136,928,-281,376176,333384,22841,19951
2021-09-02,910,174,3991,-3255,377086,337375,23015,16696
2021-09-03,586,102,1102,-618,377672,338477,23117,16078
2021-09-04,404,55,389,-40,378076,338866,23172,16038
2021-09-05,501,73,853,-425,378577,339719,23245,15613
2021-09-06,600,60,794,-254,379177,340513,23305,15359
2021-09-07,773,88,903,-218,379950,341416,23393,15141
2021-09-08,586,116,822,-352,380536,342238,23509,14789
2021-09-09,419,58,543,-182,380955,342781,23567,14607
2021-09-10,396,36,506,-146,381351,343287,23603,14461
2021-09-11,234,27,310,-103,381585,343597,23630,14358
2021-09-12,139,12,1608,-1481,381724,345205,23642,12877
2021-09-13,295,27,1602,-1334,382019,346807,23669,11543
2021-09-14,282,40,1687,-1445,382301,348494,23709,10098
2021-09-15,265,32,1540,-1307,382566,350034,23741,8791
2021-09-16,249,31,1520,-1302,382815,351554,23772,7489
2021-09-17,213,33,1509,-1329,383028,353063,23805,6160
2021-09-18,237,28,1056,-847,383265,354119,23833,5313
2021-09-19,171,9,1125,-963,383436,355244,23842,4350
2021-09-20,254,14,1558,-1318,383690,356802,23856,3032
2021-09-21,193,17,266,-90,383883,357068,23873,2942
2021-09-22,150,12,202,-64,384033,357270,23885,2878
2021-09-23,268,14,191,63,384301,357461,23899,2941
2021-09-24,232,13,181,38,384533,357642,23912,2979
2021-09-25,250,11,166,73,384783,357808,23923,3052
2021-09-26,145,3,156,-14,384928,357964,23926,3038
2021-09-27,144,10,201,-67,385072,358165,23936,2971
2021-09-28,258,17,239,2,385330,358404,23953,2973
2021-09-29,163,11,235,-83,385493,358639,23964,2890
2021-09-30,125,25,217,-117,385618,358856,23989,2773
2021-10-01,89,11,172,-94,385707,359028,24000,2679
2021-10-02,87,5,93,-11,385794,359121,24005,2668
2021-10-03,41,3,164,-126,385835,359285,24008,2542
2021-10-04,65,4,302,-241,385900,359587,24012,2301
2021-10-05,74,12,142,-80,385974,359729,24024,2221
2021-10-06,148,8,116,24,386122,359845,24032,2245
2021-10-07,130,7,122,1,386252,359967,24039,2246
2021-10-08,114,7,114,-7,386366,360081,24046,2239
2021-10-09,113,6,82,25,386479,360163,24052,2264
2021-10-10,71,4,67,0,386550,360230,24056,2264
2021-10-11,78,8,135,-65,386628,360365,24064,2199
2021-10-12,121,6,114,1,386749,360479,24070,2200
2021-10-13,92,7,503,-418,386841,360982,24077,1782
2021-10-14,127,6,114,7,386968,361096,24083,1789
2021-10-15,71,4,108,-41,387039,361204,24087,1748
2021-10-16,100,7,71,22,387139,361275,24094,1770
2021-10-17,64,1,90,-27,387203,361365,24095,1743
2021-10-18,48,9,167,-128,387251,361532,24104,1615
2021-10-19,87,8,96,-17,387338,361628,24112,1598
2021-10-20,64,2,54,8,387402,361682,24114,1606
2021-10-21,72,14,98,-40,387474,361780,24128,1566
2021-10-22,66,6,137,-77,387540,361917,24134,1489
2021-10-23,116,2,100,14,387656,362017,24136,1503
2021-10-24,45,5,114,-74,387701,362131,24141,1429
2021-10-25,36,9,93,-66,387737,362224,24150,1363
2021-10-26,68,6,87,-25,387805,362311,24156,1338
2021-10-27,95,5,67,23,387900,362378,24161,1361
2021-10-28,72,5,64,3,387972,362442,24166,1364
2021-10-29,56,4,83,-31,388028,362525,24170,1333
2021-10-30,53,4,51,-2,388081,362576,24174,1331
2021-10-31,41,3,38,0,388122,362614,24177,1331
2021-11-01,56,5,77,-26,388178,362691,24182,1305
2021-11-02,53,6,81,-34,388231,362772,24188,1271
2021-11-03,62,1,59,2,388293,362831,24189,1273
2021-11-04,44,1,185,-142,388337,363016,24190,1131
2021-11-05,47,5,68,-26,388384,363084,24195,1105
2021-11-06,45,3,31,11,388429,363115,24198,1116
2021-11-07,30,1,26,3,388459,363141,24199,1119
2021-11-08,22,4,62,-44,388481,363203,24203,1075
2021-11-09,33,3,61,-31,388514,363264,24206,1044
2021-11-10,47,0,62,-15,388561,363326,24206,1029
2021-11-11,55,3,68,-16,388616,363394,24209,1013
2021-11-12,38,3,34,1,388654,363428,24212,1014
2021-11-13,33,2,17,14,388687,363445,24214,1028
2021-11-14,25,2,32,-9,388712,363477,24216,1019
2021-11-15,22,4,49,-31,388734,363526,24220,988
2021-11-16,19,3,75,-59,388753,363601,24223,929
2021-11-17,29,3,38,-12,388782,363639,24226,917
2021-11-18,20,1,53,-34,388802,363692,24227,883
2021-11-19,29,0,26,3,388831,363718,24227,886
2021-11-20,48,4,30,14,388879,363748,24231,900
2021-11-21,16,2,23,-9,388895,363771,24233,891
2021-11-22,12,0,42,-30,388907,363813,24233,861
2021-11-23,28,3,36,-11,388935,363849,24236,850
2021-11-24,43,2,19,22,388978,363868,24238,872
2021-11-25,37,5,56,-24,389015,363924,24243,848
2021-11-26,34,2,16,16,389049,363940,24245,864
2021-11-27,39,3,26,10,389088,363966,24248,874
2021-11-28,26,0,21,5,389114,363987,24248,879
2021-11-29,16,3,40,-27,389130,364027,24251,852
2021-11-30,29,1,24,4,389159,364051,24252,856
2021-12-01,16,5,10,1,389175,364061,24257,857
2021-12-02,27,4,29,-6,389202,364090,24261,851
2021-12-03,20,2,28,-10,389222,364118,24263,841
2021-12-04,29,0,18,11,389251,364136,24263,852
2021-12-05,9,1,29,-21,389260,364165,24264,831
2021-12-06,6,0,37,-31,389266,364202,24264,800
2021-12-07,16,2,31,-17,389282,364233,24266,783
2021-12-08,33,5,37,-9,389315,364270,24271,774
2021-12-09,13,3,36,-26,389328,364306,24274,748
2021-12-10,17,1,34,-18,389345,364340,24275,730
2021-12-11,11,3,8,0,389356,364348,24278,730
2021-12-12,9,0,24,-15,389365,364372,24278,715
2021-12-13,11,3,26,-18,389376,364398,24281,697
2021-12-14,16,1,31,-16,389392,364429,24282,681
2021-12-15,23,5,27,-9,389415,364456,24287,672
2021-12-16,19,1,30,-12,389434,364486,24288,660
2021-12-17,17,1,16,0,389451,364502,24289,660
2021-12-18,17,1,11,5,389468,364513,24290,665
2021-12-19,5,0,4,1,389473,364517,24290,666
2021-12-20,6,2,31,-27,389479,364548,24292,639
2021-12-21,17,3,10,4,389496,364558,24295,643
2021-12-22,15,1,25,-11,389511,364583,24296,632
2021-12-23,16,5,24,-13,389527,364607,24301,619
2021-12-24,10,2,11,-3,389537,364618,24303,616
2021-12-25,18,2,4,12,389555,364622,24305,628
2021-12-26,3,0,11,-8,389558,364633,24305,620
2021-12-27,6,4,8,-6,389564,364641,24309,614
2021-12-28,13,0,7,6,389577,364648,24309,620
2021-12-29,6,2,10,-6,389583,364658,24311,614
2021-12-30,10,1,26,-17,389593,364684,24312,597
2021-12-31,6,0,7,-1,389599,364691,24312,596
2022-01-01,3,0,8,-5,389602,364699,24312,591
2022-01-02,4,0,5,-1,389606,364704,24312,590
2022-01-03,6,0,12,-6,389612,364716,24312,584
2022-01-04,9,1,13,-5,389621,364729,24313,579
2022-01-05,19,0,3,16,389640,364732,24313,595
2022-01-06,8,1,14,-7,389648,364746,24314,588
2022-01-07,21,1,9,11,389669,364755,24315,599
2022-01-08,8,0,12,-4,389677,364767,24315,595
2022-01-09,5,0,5,0,389682,364772,24315,595
2022-01-10,8,0,10,-2,389690,364782,24315,593
2022-01-11,11,0,3,8,389701,364785,24315,601
2022-01-12,16,0,6,10,389717,364791,24315,611
2022-01-13,14,1,5,8,389731,364796,24316,619
2022-01-14,8,1,5,2,389739,364801,24317,621
2022-01-15,4,0,3,1,389743,364804,24317,622
2022-01-16,15,1,5,9,389758,364809,24318,631
2022-01-17,4,1,5,-2,389762,364814,24319,629
2022-01-18,12,0,30,-18,389774,364844,24319,611
2022-01-19,24,1,16,7,389798,364860,24320,618
2022-01-20,21,2,10,9,389819,364870,24322,627
2022-01-21,20,1,8,11,389839,364878,24323,638
2022-01-22,33,0,4,29,389872,364882,24323,667
2022-01-23,33,1,12,20,389905,364894,24324,687
2022-01-24,20,3,9,8,389925,364903,24327,695
2022-01-25,66,0,17,49,389991,364920,24327,744
2022-01-26,91,1,10,80,390082,364930,24328,824
2022-01-27,108,2,16,90,390190,364946,24330,914
2022-01-28,128,0,17,111,390318,364963,24330,1025
2022-01-29,189,0,14,175,390507,364977,24330,1200
2022-01-30,152,2,13,137,390659,364990,24332,1337
2022-01-31,165,0,24,141,390824,365014,24332,1478
2022-02-01,272,3,35,234,391096,365049,24335,1712
2022-02-02,303,3,58,242,391399,365107,24338,1954
2022-02-03,496,3,76,417,391895,365183,24341,2371
2022-02-04,674,3,90,581,392569,365273,24344,2952
2022-02-05,820,3,69,748,393389,365342,24347,3700
2022-02-06,919,2,89,828,394308,365431,24349,4528
2022-02-07,721,8,149,564,395029,365580,24357,5092
2022-02-08,1118,6,200,912,396147,365780,24363,6004
2022-02-09,1622,4,295,1323,397769,366075,24367,7327
2022-02-10,1907,7,308,1592,399676,366383,24374,8919
2022-02-11,2139,10,550,1579,401815,366933,24384,10498
2022-02-12,2518,17,581,1920,404333,367514,24401,12418
2022-02-13,2580,10,715,1855,406913,368229,24411,14273
2022-02-14,1906,18,903,985,408819,369132,24429,15258
2022-02-15,2804,17,969,1818,411623,370101,24446,17076
2022-02-16,3981,18,1423,2540,415604,371524,24464,19616
2022-02-17,3803,26,1293,2484,419407,372817,24490,22100
2022-02-18,4759,36,1470,3253,424166,374287,24526,25353
2022-02-19,4197,21,1162,3014,428363,375449,24547,28367
2022-02-20,3465,19,1759,1687,431828,377208,24566,30054
2022-02-21,2717,30,2260,427,434545,379468,24596,30481
2022-02-22,3390,55,2607,728,437935,382075,24651,31209
2022-02-23,4353,40,2567,1746,442288,384642,24691,32955
2022-02-24,4828,33,2515,2280,447116,387157,24724,35235
2022-02-25,3919,48,2932,939,451035,390089,24772,36174
2022-02-26,4518,47,2236,2235,455553,392325,24819,38409
2022-02-27,3617,36,3108,473,459170,395433,24855,38882
2022-02-28,2323,24,3505,-1206,461493,398938,24879,37676
2022-03-01,1873,53,3651,-1831,463366,402589,24932,35845
2022-03-02,3080,75,4098,-1093,466446,406687,25007,34752
2022-03-03,2603,37,2354,212,469049,409041,25044,34964
2022-03-04,2683,74,3501,-892,471732,412542,25118,34072
2022-03-05,1205,76,1886,-757,472937,414428,25194,33315
2022-03-06,2027,34,3958,-1965,474964,418386,25228,31350
2022-03-07,3286,45,3361,-120,478250,421747,25273,31230
2022-03-08,2152,114,4077,-2039,480402,425824,25387,29191
2022-03-09,2501,66,3397,-962,482903,429221,25453,28229
2022-03-10,2129,76,3310,-1257,485032,432531,25529,26972
2022-03-11,1352,73,2446,-1167,486384,434977,25602,25805
2022-03-12,1021,44,1886,-909,487405,436863,25646,24896
2022-03-13,880,31,1664,-815,488285,438527,25677,24081
2022-03-14,723,46,2620,-1943,489008,441147,25723,22138
2022-03-15,1259,63,2537,-1341,490267,443684,25786,20797
2022-03-16,1411,52,1664,-305,491678,445348,25838,20492
2022-03-17,1151,52,2020,-921,492829,447368,25890,19571
2022-03-18,848,44,1751,-947,493677,449119,25934,18624
2022-03-19,710,36,1136,-462,494387,450255,25970,18162
2022-03-20,531,35,1203,-707,494918,451458,26005,17455
2022-03-21,525,34,1307,-816,495443,452765,26039,16639
2022-03-22,657,38,1475,-856,496100,454240,26077,15783
2022-03-23,591,30,993,-432,496691,455233,26107,15351
2022-03-24,498,31,1126,-659,497189,456359,26138,14692
2022-03-25,387,25,862,-500,497576,457221,26163,14192
2022-03-26,317,26,575,-284,497893,457796,26189,13908
2022-03-27,209,25,460,-276,498102,458256,26214,13632
2022-03-28,197,27,490,-320,498299,458746,26241,13312
2022-03-29,267,18,582,-333,498566,459328,26259,12979
2022-03-30,364,29,631,-296,498930,459959,26288,12683
2022-03-31,373,12,540,-179,499303,460499,26300,12504
2022-04-01,226,10,417,-201,499529,460916,26310,12303
2022-04-02,173,14,350,-191,499702,461266,26324,12112
2022-04-03,93,1,222,-130,499795,461488,26325,11982
2022-04-04,113,4,805,-696,499908,462293,26329,11286
2022-04-05,237,10,993,-766,500145,463286,26339,10520
2022-04-06,241,11,474,-244,500386,463760,26350,10276
2022-04-07,148,6,522,-380,500534,464282,26356,9896
2022-04-08,117,7,330,-220,500651,464612,26363,9676
2022-04-09,84,8,148,-72,500735,464760,26371,9604
2022-04-10,54,4,205,-155,500789,464965,26375,9449
2022-04-11,95,6,333,-244,500884,465298,26381,9205
2022-04-12,147,8,280,-141,501031,465578,26389,9064
2022-04-13,75,10,179,-114,501106,465757,26399,8950
2022-04-14,75,7,259,-191,501181,466016,26406,8759
2022-04-15,58,10,520,-472,501239,466536,26416,8287
2022-04-16,43,6,435,-398,501282,466971,26422,7889
2022-04-17,29,5,165,-141,501311,467136,26427,7748
2022-04-18,37,7,379,-349,501348,467515,26434,7399
2022-04-19,56,7,297,-248,501404,467812,26441,7151
2022-04-20,45,0,188,-143,501449,468000,26441,7008
2022-04-21,29,8,3913,-3892,501478,471913,26449,3116
2022-04-22,85,10,776,-701,501563,472689,26459,2415
2022-04-23,26,12,251,-237,501589,472940,26471,2178
2022-04-24,13,8,168,-163,501602,473108,26479,2015
2022-04-25,21,7,269,-255,501623,473377,26486,1760
2022-04-26,20,8,58,-46,501643,473435,26494,1714
2022-04-27,165,6,354,-195,501808,473789,26500,1519
2022-04-28,35,6,264,-235,501843,474053,26506,1284
2022-04-29,35,8,46,-19,501878,474099,26514,1265
2022-04-30,18,8,20,-10,501896,474119,26522,1255
2022-05-01,8,7,17,-16,501904,474136,26529,1239
2022-05-02,6,5,13,-12,501910,474149,26534,1227
2022-05-03,3,10,12,-19,501913,474161,26544,1208
2022-05-04,9,7,14,-12,501922,474175,26551,1196
2022-05-05,11,10,19,-18,501933,474194,26561,1178
2022-05-06,15,10,19,-14,501948,474213,26571,1164
2022-05-07,17,6,19,-8,501965,474232,26577,1156
2022-05-08,11,6,19,-14,501976,474251,26583,1142
2022-05-09,16,6,33,-23,501992,474284,26589,1119
2022-05-10,24,1,34,-11,502016,474318,26590,1108
2022-05-11,25,5,313,-293,502041,474631,26595,815
2022-05-12,23,3,66,-46,502064,474697,26598,769
2022-05-13,17,2,72,-57,502081,474769,26600,712
2022-05-14,17,0,94,-77,502098,474863,26600,635
2022-05-15,8,0,6,2,502106,474869,26600,637
2022-05-16,14,0,15,-1,502120,474884,26600,636
2022-05-17,30,2,36,-8,502150,474920,26602,628
2022-05-18,24,3,158,-137,502174,475078,26605,491
2022-05-19,27,4,168,-145,502201,475246,26609,346
2022-05-20,16,2,21,-7,502217,475267,26611,339
2022-05-21,15,1,10,4,502232,475277,26612,343
2022-05-22,7,0,10,-3,502239,475287,26612,340
2022-05-23,5,1,11,-7,502244,475298,26613,333
2022-05-24,8,1,18,-11,502252,475316,26614,322
2022-05-25,12,0,14,-2,502264,475330,26614,320
2022-05-26,13,0,22,-9,502277,475352,26614,311
2022-05-27,3,3,5,-5,502280,475357,26617,306
2022-05-28,8,0,12,-4,502288,475369,26617,302
2022-05-29,5,0,2,3,502293,475371,26617,305
2022-05-30,11,0,13,-2,502304,475384,26617,303
2022-05-31,13,1,11,1,502317,475395,26618,304
2022-06-01,8,1,4,3,502325,475399,26619,307
2022-06-02,6,2,11,-7,502331,475410,26621,300
2022-06-03,17,2,43,-28,502348,475453,26623,272
2022-06-04,13,0,7,6,502361,475460,26623,278
2022-06-05,9,2,11,-4,502370,475471,26625,274
2022-06-06,18,0,6,12,502388,475477,26625,286
2022-06-07,8,1,15,-8,502396,475492,26626,278
2022-06-08,2,1,4,-3,502398,475496,26627,275
2022-06-09,11,2,9,0,502409,475505,26629,275
2022-06-10,10,1,7,2,502419,475512,26630,277
2022-06-11,4,0,5,-1,502423,475517,26630,276
2022-06-12,11,0,5,6,502434,475522,26630,282
2022-06-13,8,3,9,-4,502442,475531,26633,278
2022-06-14,4,1,10,-7,502446,475541,26634,271
2022-06-15,11,0,8,3,502457,475549,26634,274
2022-06-16,8,0,13,-5,502465,475562,26634,269
2022-06-17,27,0,8,19,502492,475570,26634,288
2022-06-18,21,1,2,18,502513,475572,26635,306
2022-06-19,12,1,5,6,502525,475577,26636,312
2022-06-20,14,0,8,6,502539,475585,26636,318
2022-06-21,18,1,18,-1,502557,475603,26637,317
2022-06-22,33,1,11,21,502590,475614,26638,338
2022-06-23,33,0,8,25,502623,475622,26638,363
2022-06-24,17,1,8,8,502640,475630,26639,371
2022-06-25,23,0,9,14,502663,475639,26639,385
2022-06-26,20,1,6,13,502683,475645,26640,398
2022-06-27,17,0,20,-3,502700,475665,26640,395
2022-06-28,19,1,27,-9,502719,475692,26641,386
2022-06-29,43,0,30,13,502762,475722,26641,399
2022-06-30,28,0,17,11,502790,475739,26641,410
2022-07-01,23,0,20,3,502813,475759,26641,413
2022-07-02,21,0,31,-10,502834,475790,26641,403
2022-07-03,25,0,7,18,502859,475797,26641,421
2022-07-04,33,0,13,20,502892,475810,26641,441
2022-07-05,31,1,21,9,502923,475831,26642,450
2022-07-06,37,0,7,30,502960,475838,26642,480
2022-07-07,43,0,20,23,503003,475858,26642,503
2022-07-08,33,2,38,-7,503036,475896,26644,496
2022-07-09,51,0,13,38,503087,475909,26644,534
2022-07-10,28,0,14,14,503115,475923,26644,548
2022-07-11,22,0,49,-27,503137,475972,26644,521
2022-07-12,48,0,26,22,503185,475998,26644,543
2022-07-13,66,2,31,33,503251,476029,26646,576
2022-07-14,67,3,45,19,503318,476074,26649,595
2022-07-15,70,1,31,38,503388,476105,26650,633
2022-07-16,58,0,8,50,503446,476113,26650,683
2022-07-17,50,2,13,35,503496,476126,26652,718
2022-07-18,59,3,32,24,503555,476158,26655,742
2022-07-19,69,0,31,38,503624,476189,26655,780
2022-07-20,79,0,107,-28,503703,476296,26655,752
2022-07-21,68,1,25,42,503771,476321,26656,794
2022-07-22,88,2,47,39,503859,476368,26658,833
2022-07-23,73,3,25,45,503932,476393,26661,878
2022-07-24,62,0,28,34,503994,476421,26661,912
2022-07-25,47,1,67,-21,504041,476488,26662,891
2022-07-26,92,1,94,-3,504133,476582,26663,888
2022-07-27,92,0,74,18,504225,476656,26663,906
2022-07-28,106,2,75,29,504331,476731,26665,935
2022-07-29,73,0,66,7,504404,476797,26665,942
2022-07-30,125,1,21,103,504529,476818,26666,1045
2022-07-31,78,0,34,44,504607,476852,26666,1089
2022-08-01,56,2,104,-50,504663,476956,26668,1039
2022-08-02,113,3,69,41,504776,477025,26671,1080
2022-08-03,92,3,88,1,504868,477113,26674,1081
2022-08-04,78,0,65,13,504946,477178,26674,1094
2022-08-05,259,3,58,198,505205,477236,26677,1292
2022-08-06,117,1,45,71,505322,477281,26678,1363
2022-08-07,54,0,75,-21,505376,477356,26678,1342
2022-08-08,137,2,105,30,505513,477461,26680,1372
2022-08-09,117,2,83,32,505630,477544,26682,1404
2022-08-10,157,2,89,66,505787,477633,26684,1470
2022-08-11,89,2,102,-15,505876,477735,26686,1455
2022-08-12,203,1,93,109,506079,477828,26687,1564
2022-08-13,73,4,78,-9,506152,477906,26691,1555
2022-08-14,153,2,30,121,506305,477936,26693,1676
2022-08-15,80,4,132,-56,506385,478068,26697,1620
2022-08-16,145,5,237,-97,506530,478305,26702,1523
2022-08-17,87,0,44,43,506617,478349,26702,1566
2022-08-18,116,4,98,14,506733,478447,26706,1580
2022-08-19,103,5,121,-23,506836,478568,26711,1557
2022-08-20,121,5,99,17,506957,478667,26716,1574
2022-08-21,137,6,28,103,507094,478695,26722,1677
2022-08-22,58,3,184,-129,507152,478879,26725,1548
2022-08-23,151,4,181,-34,507303,479060,26729,1514
2022-08-24,134,4,144,-14,507437,479204,26733,1500
2022-08-25,143,1,112,30,507580,479316,26734,1530
2022-08-26,126,3,110,13,507706,479426,26737,1543
2022-08-27,84,2,53,29,507790,479479,26739,1572
2022-08-28,114,0,18,96,507904,479497,26739,1668
2022-08-29,79,4,171,-96,507983,479668,26743,1572
2022-08-30,117,4,180,-67,508100,479848,26747,1505
2022-08-31,116,3,127,-14,508216,479975,26750,1491
2022-09-01,94,4,343,-253,508310,480318,26754,1238
2022-09-02,149,4,110,35,508459,480428,26758,1273
2022-09-03,78,3,80,-5,508537,480508,26761,1268
2022-09-04,92,3,61,28,508629,480569,26764,1296
2022-09-05,63,2,135,-74,508692,480704,26766,1222
2022-09-06,88,4,132,-48,508780,480836,26770,1174
2022-09-07,76,3,174,-101,508856,481010,26773,1073
2022-09-08,77,2,90,-15,508933,481100,26775,1058
2022-09-09,69,0,108,-39,509002,481208,26775,1019
2022-09-10,129,5,63,61,509131,481271,26780,1080
2022-09-11,59,2,56,1,509190,481327,26782,1081
2022-09-12,92,4,98,-10,509282,481425,26786,1071
2022-09-13,73,2,79,-8,509355,481504,26788,1063
2022-09-14,103,4,81,18,509458,481585,26792,1081
2022-09-15,89,4,79,6,509547,481664,26796,1087
2022-09-16,78,4,62,12,509625,481726,26800,1099
2022-09-17,91,4,59,28,509716,481785,26804,1127
2022-09-18,27,0,50,-23,509743,481835,26804,1104
2022-09-19,81,3,125,-47,509824,481960,26807,1057
2022-09-20,89,2,75,12,509913,482035,26809,1069
2022-09-21,84,2,122,-40,509997,482157,26811,1029
2022-09-22,81,4,87,-10,510078,482244,26815,1019
2022-09-23,80,2,94,-16,510158,482338,26817,1003
2022-09-24,53,3,46,4,510211,482384,26820,1007
2022-09-25,66,2,39,25,510277,482423,26822,1032
2022-09-26,64,1,86,-23,510341,482509,26823,1009
2022-09-27,88,4,1,83,510429,482510,26827,1092
2022-09-28,86,3,10,73,510515,482520,26830,1165
2022-09-29,79,3,5,71,510594,482525,26833,1236
2022-09-30,68,1,8,59,510662,482533,26834,1295
