tanggal,KASUS,MENINGGAL,SEMBUH,DIRAWAT_OR_ISOLASI,AKUMULASI_KASUS,AKUMULASI_SEMBUH,AKUMULASI_MENINGGAL,AKUMULASI_DIRAWAT_OR_ISOLASI
2020-03-18,7,1,0,6,7,0,1,6
2020-03-19,3,0,0,3,10,0,1,9
2020-03-20,9,0,0,9,19,0,1,18
2020-03-21,9,1,0,8,28,0,2,26
2020-03-22,14,0,0,14,42,0,2,40
2020-03-23,2,1,0,1,44,0,3,41
2020-03-24,3,1,0,2,47,0,4,43
2020-03-25,9,0,1,8,56,1,4,51
2020-03-26,13,1,0,12,69,1,5,63
2020-03-27,3,1,0,2,72,1,6,65
2020-03-28,14,2,2,10,86,3,8,75
2020-03-29,12,1,28,-17,98,31,9,58
2020-03-30,7,2,0,5,105,31,11,63
2020-03-31,1,0,0,1,106,31,11,64
2020-04-01,9,4,77,-72,115,108,15,-8
2020-04-02,0,12,91,-103,115,199,27,-111
2020-04-03,47,1,7,39,162,206,28,-72
2020-04-04,5,2,3,0,167,209,30,-72
2020-04-05,35,2,8,25,202,217,32,-47
2020-04-06,9,5,11,-7,211,228,37,-54
2020-04-07,5,5,2,-2,216,230,42,-56
2020-04-08,15,23,15,-23,231,245,65,-79
2020-04-09,36,12,43,-19,267,288,77,-98
2020-04-10,30,4,34,-8,297,322,81,-106
2020-04-11,15,9,27,-21,312,349,90,-127
2020-04-12,111,1,7,103,423,356,91,-24
2020-04-13,52,3,6,43,475,362,94,19
2020-04-14,36,2,10,24,511,372,96,43
2020-04-15,25,4,4,17,536,376,100,60
2020-04-16,13,4,3,6,549,379,104,66
2020-04-17,10,6,3,1,559,382,110,67
2020-04-18,34,3,7,24,593,389,113,91
2020-04-19,43,6,2,35,636,391,119,126
2020-04-20,5,3,1,1,641,392,122,127
2020-04-21,10,5,2,3,651,394,127,130
2020-04-22,36,5,30,1,687,424,132,131
2020-04-23,27,4,12,11,714,436,136,142
2020-04-24,20,11,14,-5,734,450,147,137
2020-04-25,75,7,19,49,809,469,154,186
2020-04-26,19,8,4,7,828,473,162,193
2020-04-27,12,5,9,-2,840,482,167,191
2020-04-28,58,1,21,36,898,503,168,227
2020-04-29,20,3,10,7,918,513,171,234
2020-04-30,75,5,8,62,993,521,176,296
2020-05-01,83,5,33,45,1076,554,181,341
2020-05-02,7,10,46,-49,1083,600,191,292
2020-05-03,77,6,9,62,1160,609,197,354
2020-05-04,13,8,7,-2,1173,616,205,352
2020-05-05,41,7,21,13,1214,637,212,365
2020-05-06,48,13,11,24,1262,648,225,389
2020-05-07,34,14,9,11,1296,657,239,400
2020-05-08,30,19,46,-35,1326,703,258,365
2020-05-09,158,12,63,83,1484,766,270,448
2020-05-10,78,7,48,23,1562,814,277,471
2020-05-11,54,13,70,-29,1616,884,290,442
2020-05-12,111,11,28,72,1727,912,301,514
2020-05-13,141,7,47,87,1868,959,308,601
2020-05-14,85,14,17,54,1953,976,322,655
2020-05-15,57,13,12,32,2010,988,335,687
2020-05-16,168,11,24,133,2178,1012,346,820
2020-05-17,57,11,30,16,2235,1042,357,836
2020-05-18,124,13,15,96,2359,1057,370,932
2020-05-19,84,13,48,23,2443,1105,383,955
2020-05-20,124,19,43,62,2567,1148,402,1017
2020-05-21,431,14,12,405,2998,1160,416,1422
2020-05-22,155,9,51,95,3153,1211,425,1517
2020-05-23,465,20,90,355,3618,1301,445,1872
2020-05-24,72,11,55,6,3690,1356,456,1878
2020-05-25,200,16,34,150,3890,1390,472,2028
2020-05-26,86,14,67,5,3976,1457,486,2033
2020-05-27,166,15,44,107,4142,1501,501,2140
2020-05-28,168,13,55,100,4310,1556,514,2240
2020-05-29,132,8,52,72,4442,1608,522,2312
2020-05-30,180,12,54,114,4622,1662,534,2426
2020-05-31,232,16,203,13,4854,1865,550,2439
2020-06-01,95,16,96,-17,4949,1961,566,2422
2020-06-02,171,19,298,-146,5120,2259,585,2276
2020-06-03,173,13,304,-144,5293,2563,598,2132
2020-06-04,107,15,179,-87,5400,2742,613,2045
2020-06-05,144,22,172,-50,5544,2914,635,1995
2020-06-06,84,19,117,-52,5628,3031,654,1943
2020-06-07,270,18,147,105,5898,3178,672,2048
2020-06-08,319,20,161,138,6217,3339,692,2186
2020-06-09,189,24,127,38,6406,3466,716,2224
2020-06-10,275,29,203,43,6681,3669,745,2267
2020-06-11,251,32,88,131,6932,3757,777,2398
2020-06-12,245,29,185,31,7177,3942,806,2429
2020-06-13,218,23,93,102,7395,4035,829,2531
2020-06-14,194,22,63,109,7589,4098,851,2640
2020-06-15,312,30,95,187,7901,4193,881,2827
2020-06-16,204,22,59,123,8105,4252,903,2950
2020-06-17,210,27,239,-56,8315,4491,930,2894
2020-06-18,319,23,269,27,8634,4760,953,2921
2020-06-19,196,22,115,59,8830,4875,975,2980
2020-06-20,300,18,257,25,9130,5132,993,3005
2020-06-21,131,16,126,-11,9261,5258,1009,2994
2020-06-22,329,11,116,202,9590,5374,1020,3196
2020-06-23,241,17,130,94,9831,5504,1037,3290
2020-06-24,183,19,161,3,10014,5665,1056,3293
2020-06-25,304,23,135,146,10318,5800,1079,3439
2020-06-26,361,32,186,143,10679,5986,1111,3582
2020-06-27,287,25,105,157,10966,6091,1136,3739
2020-06-28,236,21,182,33,11202,6273,1157,3772
2020-06-29,226,21,102,103,11428,6375,1178,3875
2020-06-30,394,24,198,172,11822,6573,1202,4047
2020-07-01,305,25,116,164,12127,6689,1227,4211
2020-07-02,342,28,222,92,12469,6911,1255,4303
2020-07-03,372,20,160,192,12841,7071,1275,4495
2020-07-04,384,31,154,199,13225,7225,1306,4694
2020-07-05,411,14,262,135,13636,7487,1320,4829
2020-07-06,280,18,219,43,13916,7706,1338,4872
2020-07-07,321,21,153,147,14237,7859,1359,5019
2020-07-08,393,17,164,212,14630,8023,1376,5231
2020-07-09,416,27,180,209,15046,8203,1403,5440
2020-07-10,295,17,311,-33,15341,8514,1420,5407
2020-07-11,393,19,310,64,15734,8824,1439,5471
2020-07-12,388,21,261,106,16122,9085,1460,5577
2020-07-13,197,22,165,10,16319,9250,1482,5587
2020-07-14,278,26,272,-20,16597,9522,1508,5567
2020-07-15,261,39,315,-93,16858,9837,1547,5474
2020-07-16,191,17,254,-80,17049,10091,1564,5394
2020-07-17,249,21,306,-78,17298,10397,1585,5316
2020-07-18,257,26,224,7,17555,10621,1611,5323
2020-07-19,302,44,285,-27,17857,10906,1655,5296
2020-07-20,287,26,257,4,18144,11163,1681,5300
2020-07-21,305,25,370,-90,18449,11533,1706,5210
2020-07-22,359,32,311,16,18808,11844,1738,5226
2020-07-23,323,37,363,-77,19131,12207,1775,5149
2020-07-24,563,30,348,185,19694,12555,1805,5334
2020-07-25,270,22,353,-105,19964,12908,1827,5229
2020-07-26,302,33,260,9,20266,13168,1860,5238
2020-07-27,286,18,309,-41,20552,13477,1878,5197
2020-07-28,273,31,311,-69,20825,13788,1909,5128
2020-07-29,286,19,366,-99,21111,14154,1928,5029
2020-07-30,315,20,283,12,21426,14437,1948,5041
2020-07-31,294,22,261,11,21720,14698,1970,5052
2020-08-01,581,19,240,322,22301,14938,1989,5374
2020-08-02,330,23,220,87,22631,15158,2012,5461
2020-08-03,321,17,258,46,22952,15416,2029,5507
2020-08-04,391,19,247,125,23343,15663,2048,5632
2020-08-05,414,11,347,56,23757,16010,2059,5688
2020-08-06,265,19,490,-244,24022,16500,2078,5444
2020-08-07,365,21,576,-232,24387,17076,2099,5212
2020-08-08,402,24,345,33,24789,17421,2123,5245
2020-08-09,367,29,317,21,25156,17738,2152,5266
2020-08-10,298,18,382,-102,25454,18120,2170,5164
2020-08-11,288,23,277,-12,25742,18397,2193,5152
2020-08-12,298,34,450,-186,26040,18847,2227,4966
2020-08-13,327,36,569,-278,26367,19416,2263,4688
2020-08-14,402,41,359,2,26769,19775,2304,4690
2020-08-15,416,27,366,23,27185,20141,2331,4713
2020-08-16,471,23,389,59,27656,20530,2354,4772
2020-08-17,313,27,389,-103,27969,20919,2381,4669
2020-08-18,318,24,363,-69,28287,21282,2405,4600
2020-08-19,338,27,485,-174,28625,21767,2432,4426
2020-08-20,366,25,367,-26,28991,22134,2457,4400
2020-08-21,451,39,367,45,29442,22501,2496,4445
2020-08-22,343,30,382,-69,29785,22883,2526,4376
2020-08-23,282,28,369,-115,30067,23252,2554,4261
2020-08-24,340,22,491,-173,30407,23743,2576,4088
2020-08-25,364,20,460,-116,30771,24203,2596,3972
2020-08-26,322,31,398,-107,31093,24601,2627,3865
2020-08-27,362,31,353,-22,31455,24954,2658,3843
2020-08-28,424,32,337,55,31879,25291,2690,3898
2020-08-29,615,24,264,327,32494,25555,2714,4225
2020-08-30,458,34,398,26,32952,25953,2748,4251
2020-08-31,315,38,493,-216,33267,26446,2786,4035
2020-09-01,351,19,405,-73,33618,26851,2805,3962
2020-09-02,359,17,360,-18,33977,27211,2822,3944
2020-09-03,371,34,331,6,34348,27542,2856,3950
2020-09-04,330,43,347,-60,34678,27889,2899,3890
2020-09-05,322,26,336,-40,35000,28225,2925,3850
2020-09-06,305,32,391,-118,35305,28616,2957,3732
2020-09-07,290,26,376,-112,35595,28992,2983,3620
2020-09-08,425,27,348,50,36020,29340,3010,3670
2020-09-09,356,38,391,-73,36376,29731,3048,3597
2020-09-10,370,27,315,28,36746,30046,3075,3625
2020-09-11,369,34,359,-24,37115,30405,3109,3601
2020-09-12,364,24,442,-102,37479,30847,3133,3499
2020-09-13,236,30,710,-504,37715,31557,3163,2995
2020-09-14,358,31,346,-19,38073,31903,3194,2976
2020-09-15,371,24,346,1,38444,32249,3218,2977
2020-09-16,358,24,340,-6,38802,32589,3242,2971
2020-09-17,323,29,333,-39,39125,32922,3271,2932
2020-09-18,488,23,538,-73,39613,33460,3294,2859
2020-09-19,351,31,353,-33,39964,33813,3325,2826
2020-09-20,349,21,321,7,40313,34134,3346,2833
2020-09-21,336,16,286,34,40649,34420,3362,2867
2020-09-22,336,22,379,-65,40985,34799,3384,2802
2020-09-23,342,23,335,-16,41327,35134,3407,2786
2020-09-24,359,24,363,-28,41686,35497,3431,2758
2020-09-25,284,21,374,-111,41970,35871,3452,2647
2020-09-26,269,17,344,-92,42239,36215,3469,2555
2020-09-27,197,19,460,-282,42436,36675,3488,2273
2020-09-28,280,22,451,-193,42716,37126,3510,2080
2020-09-29,275,24,321,-70,42991,37447,3534,2010
2020-09-30,531,51,565,-85,43522,38012,3585,1925
2020-10-01,601,22,372,207,44123,38384,3607,2132
2020-10-02,269,22,363,-116,44392,38747,3629,2016
2020-10-03,319,15,343,-39,44711,39090,3644,1977
2020-10-04,238,18,331,-111,44949,39421,3662,1866
2020-10-05,245,8,290,-53,45194,39711,3670,1813
2020-10-06,275,9,247,19,45469,39958,3679,1832
2020-10-07,326,23,299,4,45795,40257,3702,1836
2020-10-08,343,20,329,-6,46138,40586,3722,1830
2020-10-09,303,25,378,-100,46441,40964,3747,1730
2020-10-10,310,20,371,-81,46751,41335,3767,1649
2020-10-11,260,15,317,-72,47011,41652,3782,1577
2020-10-12,297,19,317,-39,47308,41969,3801,1538
2020-10-13,330,22,365,-57,47638,42334,3823,1481
2020-10-14,300,21,346,-67,47938,42680,3844,1414
2020-10-15,294,20,372,-98,48232,43052,3864,1316
2020-10-16,286,21,402,-137,48518,43454,3885,1179
2020-10-17,250,22,382,-154,48768,43836,3907,1025
2020-10-18,236,21,318,-103,49004,44154,3928,922
2020-10-19,232,21,351,-140,49236,44505,3949,782
2020-10-20,295,12,339,-56,49531,44844,3961,726
2020-10-21,332,17,342,-27,49863,45186,3978,699
2020-10-22,272,21,380,-129,50135,45566,3999,570
2020-10-23,282,22,376,-116,50417,45942,4021,454
2020-10-24,292,18,349,-75,50709,46291,4039,379
2020-10-25,246,18,269,-41,50955,46560,4057,338
2020-10-26,288,13,285,-10,51243,46845,4070,328
2020-10-27,286,11,270,5,51529,47115,4081,333
2020-10-28,232,15,260,-43,51761,47375,4096,290
2020-10-29,242,15,282,-55,52003,47657,4111,235
2020-10-30,218,46,542,-370,52221,48199,4157,-135
2020-10-31,225,22,277,-74,52446,48476,4179,-209
2020-11-01,627,23,345,259,53073,48821,4202,50
2020-11-02,284,12,291,-19,53357,49112,4214,31
2020-11-03,261,24,280,-43,53618,49392,4238,-12
2020-11-04,231,15,280,-64,53849,49672,4253,-76
2020-11-05,270,9,274,-13,54119,49946,4262,-89
2020-11-06,261,13,308,-60,54380,50254,4275,-149
2020-11-07,269,25,282,-38,54649,50536,4300,-187
2020-11-08,279,21,275,-17,54928,50811,4321,-204
2020-11-09,243,28,278,-63,55171,51089,4349,-267
2020-11-10,303,25,312,-34,55474,51401,4374,-301
2020-11-11,185,21,272,-108,55659,51673,4395,-409
2020-11-12,233,24,238,-29,55892,51911,4419,-438
2020-11-13,224,21,291,-88,56116,52202,4440,-526
2020-11-14,240,21,303,-84,56356,52505,4461,-610
2020-11-15,189,10,278,-99,56545,52783,4471,-709
2020-11-16,263,30,259,-26,56808,53042,4501,-735
2020-11-17,317,29,248,40,57125,53290,4530,-695
2020-11-18,372,18,283,71,57497,53573,4548,-624
2020-11-19,408,33,248,127,57905,53821,4581,-497
2020-11-20,361,26,305,30,58266,54126,4607,-467
2020-11-21,354,23,265,66,58620,54391,4630,-401
2020-11-22,274,27,276,-29,58894,54667,4657,-430
2020-11-23,341,29,268,44,59235,54935,4686,-386
2020-11-24,331,29,259,43,59566,55194,4715,-343
2020-11-25,378,35,284,59,59944,55478,4750,-284
2020-11-26,361,34,283,44,60305,55761,4784,-240
2020-11-27,375,43,338,-6,60680,56099,4827,-246
2020-11-28,442,32,394,16,61122,56493,4859,-230
2020-11-29,393,32,267,94,61515,56760,4891,-136
2020-11-30,389,94,676,-381,61904,57436,4985,-517
2020-12-01,419,30,402,-13,62323,57838,5015,-530
2020-12-02,463,23,317,123,62786,58155,5038,-407
2020-12-03,531,36,372,123,63317,58527,5074,-284
2020-12-04,586,17,364,205,63903,58891,5091,-79
2020-12-05,540,27,395,118,64443,59286,5118,39
2020-12-06,536,31,352,153,64979,59638,5149,192
2020-12-07,572,30,397,145,65551,60035,5179,337
2020-12-08,572,45,541,-14,66123,60576,5224,323
2020-12-09,670,47,527,96,66793,61103,5271,419
2020-12-10,726,31,611,84,67519,61714,5302,503
2020-12-11,812,32,444,336,68331,62158,5334,839
2020-12-12,765,49,450,266,69096,62608,5383,1105
2020-12-13,709,30,563,116,69805,63171,5413,1221
2020-12-14,704,22,501,181,70509,63672,5435,1402
2020-12-15,705,47,746,-88,71214,64418,5482,1314
2020-12-16,724,44,463,217,71938,64881,5526,1531
2020-12-17,832,36,612,184,72770,65493,5562,1715
2020-12-18,830,47,597,186,73600,66090,5609,1901
2020-12-19,736,50,519,167,74336,66609,5659,2068
2020-12-20,643,45,725,-127,74979,67334,5704,1941
2020-12-21,803,34,600,169,75782,67934,5738,2110
2020-12-22,705,47,617,41,76487,68551,5785,2151
2020-12-23,812,44,648,120,77299,69199,5829,2271
2020-12-24,731,55,668,8,78030,69867,5884,2279
2020-12-25,734,55,514,165,78764,70381,5939,2444
2020-12-26,779,48,647,84,79543,71028,5987,2528
2020-12-27,675,40,543,92,80218,71571,6027,2620
2020-12-28,813,62,602,149,81031,72173,6089,2769
2020-12-29,766,56,661,49,81797,72834,6145,2818
2020-12-30,957,58,744,155,82754,73578,6203,2973
2020-12-31,1644,163,1257,224,84398,74835,6366,3197
2021-01-01,862,64,641,157,85260,75476,6430,3354
2021-01-02,762,70,678,14,86022,76154,6500,3368
2021-01-03,571,49,535,-13,86593,76689,6549,3355
2021-01-04,673,49,501,123,87266,77190,6598,3478
2021-01-05,673,61,502,110,87939,77692,6659,3588
2021-01-06,803,51,905,-153,88742,78597,6710,3435
2021-01-07,879,81,559,239,89621,79156,6791,3674
2021-01-08,977,70,625,282,90598,79781,6861,3956
2021-01-09,1014,50,591,373,91612,80372,6911,4329
2021-01-10,947,56,818,73,92559,81190,6967,4402
2021-01-11,845,47,486,312,93404,81676,7014,4714
2021-01-12,832,68,728,36,94236,82404,7082,4750
2021-01-13,885,75,884,-74,95121,83288,7157,4676
2021-01-14,1006,66,766,174,96127,84054,7223,4850
2021-01-15,1254,69,787,398,97381,84841,7292,5248
2021-01-16,1216,46,709,461,98597,85550,7338,5709
2021-01-17,906,50,766,90,99503,86316,7388,5799
2021-01-18,863,38,704,121,100366,87020,7426,5920
2021-01-19,946,52,676,218,101312,87696,7478,6138
2021-01-20,940,59,700,181,102252,88396,7537,6319
2021-01-21,1122,51,915,156,103374,89311,7588,6475
2021-01-22,1046,52,813,181,104420,90124,7640,6656
2021-01-23,935,34,885,16,105355,91009,7674,6672
2021-01-24,894,44,765,85,106249,91774,7718,6757
2021-01-25,890,35,726,129,107139,92500,7753,6886
2021-01-26,933,55,746,132,108072,93246,7808,7018
2021-01-27,1090,44,770,276,109162,94016,7852,7294
2021-01-28,1034,45,753,236,110196,94769,7897,7530
2021-01-29,997,33,933,31,111193,95702,7930,7561
2021-01-30,854,38,804,12,112047,96506,7968,7573
2021-01-31,850,32,709,109,112897,97215,8000,7682
2021-02-01,671,36,928,-293,113568,98143,8036,7389
2021-02-02,808,50,919,-161,114376,99062,8086,7228
2021-02-03,719,64,662,-7,115095,99724,8150,7221
2021-02-04,595,57,874,-336,115690,100598,8207,6885
2021-02-05,751,61,834,-144,116441,101432,8268,6741
2021-02-06,694,62,678,-46,117135,102110,8330,6695
2021-02-07,568,32,696,-160,117703,102806,8362,6535
2021-02-08,664,26,752,-114,118367,103558,8388,6421
2021-02-09,448,25,348,75,118815,103906,8413,6496
2021-02-10,605,21,383,201,119420,104289,8434,6697
2021-02-11,1049,48,454,547,120469,104743,8482,7244
2021-02-12,776,92,575,109,121245,105318,8574,7353
2021-02-13,558,34,491,33,121803,105809,8608,7386
2021-02-14,516,39,397,80,122319,106206,8647,7466
2021-02-15,430,36,469,-75,122749,106675,8683,7391
2021-02-16,476,18,288,170,123225,106963,8701,7561
2021-02-17,578,15,272,291,123803,107235,8716,7852
2021-02-18,558,23,389,146,124361,107624,8739,7998
2021-02-19,574,24,633,-83,124935,108257,8763,7915
2021-02-20,624,31,572,21,125559,108829,8794,7936
2021-02-21,447,26,531,-110,126006,109360,8820,7826
2021-02-22,435,41,643,-249,126441,110003,8861,7577
2021-02-23,548,36,493,19,126989,110496,8897,7596
2021-02-24,580,29,696,-145,127569,111192,8926,7451
2021-02-25,554,34,561,-41,128123,111753,8960,7410
2021-02-26,544,20,598,-74,128667,112351,8980,7336
2021-02-27,446,21,445,-20,129113,112796,9001,7316
2021-02-28,325,26,561,-262,129438,113357,9027,7054
2021-03-01,339,22,421,-104,129777,113778,9049,6950
2021-03-02,411,22,654,-265,130188,114432,9071,6685
2021-03-03,430,25,476,-71,130618,114908,9096,6614
2021-03-04,403,22,440,-59,131021,115348,9118,6555
2021-03-05,406,15,447,-56,131427,115795,9133,6499
2021-03-06,395,25,466,-96,131822,116261,9158,6403
2021-03-07,328,17,379,-68,132150,116640,9175,6335
2021-03-08,325,23,410,-108,132475,117050,9198,6227
2021-03-09,393,22,434,-63,132868,117484,9220,6164
2021-03-10,399,20,480,-101,133267,117964,9240,6063
2021-03-11,341,15,385,-59,133608,118349,9255,6004
2021-03-12,339,15,417,-93,133947,118766,9270,5911
2021-03-13,348,18,363,-33,134295,119129,9288,5878
2021-03-14,278,14,213,51,134573,119342,9302,5929
2021-03-15,257,20,292,-55,134830,119634,9322,5874
2021-03-16,290,24,249,17,135120,119883,9346,5891
2021-03-17,321,86,1008,-773,135441,120891,9432,5118
2021-03-18,338,38,821,-521,135779,121712,9470,4597
2021-03-19,305,45,359,-99,136084,122071,9515,4498
2021-03-20,288,73,332,-117,136372,122403,9588,4381
2021-03-21,291,22,542,-273,136663,122945,9610,4108
2021-03-22,271,28,323,-80,136934,123268,9638,4028
2021-03-23,239,28,377,-166,137173,123645,9666,3862
2021-03-24,289,23,566,-300,137462,124211,9689,3562
2021-03-25,348,21,345,-18,137810,124556,9710,3544
2021-03-26,339,24,401,-86,138149,124957,9734,3458
2021-03-27,275,17,452,-194,138424,125409,9751,3264
2021-03-28,265,19,339,-93,138689,125748,9770,3171
2021-03-29,251,33,804,-586,138940,126552,9803,2585
2021-03-30,279,33,494,-248,139219,127046,9836,2337
2021-03-31,301,36,274,-9,139520,127320,9872,2328
2021-04-01,282,23,232,27,139802,127552,9895,2355
2021-04-02,274,26,229,19,140076,127781,9921,2374
2021-04-03,230,21,220,-11,140306,128001,9942,2363
2021-04-04,220,20,197,3,140526,128198,9962,2366
2021-04-05,229,30,233,-34,140755,128431,9992,2332
2021-04-06,293,25,216,52,141048,128647,10017,2384
2021-04-07,346,45,369,-68,141394,129016,10062,2316
2021-04-08,298,26,218,54,141692,129234,10088,2370
2021-04-09,309,19,250,40,142001,129484,10107,2410
2021-04-10,277,28,227,22,142278,129711,10135,2432
2021-04-11,247,23,340,-116,142525,130051,10158,2316
2021-04-12,250,35,251,-36,142775,130302,10193,2280
2021-04-13,248,33,224,-9,143023,130526,10226,2271
2021-04-14,262,26,273,-37,143285,130799,10252,2234
2021-04-15,295,27,228,40,143580,131027,10279,2274
2021-04-16,290,24,310,-44,143870,131337,10303,2230
2021-04-17,285,27,250,8,144155,131587,10330,2238
2021-04-18,239,20,223,-4,144394,131810,10350,2234
2021-04-19,255,30,235,-10,144649,132045,10380,2224
2021-04-20,257,38,211,8,144906,132256,10418,2232
2021-04-21,304,28,227,49,145210,132483,10446,2281
2021-04-22,290,25,235,30,145500,132718,10471,2311
2021-04-23,300,28,262,10,145800,132980,10499,2321
2021-04-24,258,18,300,-60,146058,133280,10517,2261
2021-04-25,236,20,215,1,146294,133495,10537,2262
2021-04-26,246,24,263,-41,146540,133758,10561,2221
2021-04-27,237,27,245,-35,146777,134003,10588,2186
2021-04-28,297,24,260,13,147074,134263,10612,2199
2021-04-29,325,26,253,46,147399,134516,10638,2245
2021-04-30,317,22,266,29,147716,134782,10660,2274
2021-05-01,231,20,202,9,147947,134984,10680,2283
2021-05-02,206,29,208,-31,148153,135192,10709,2252
2021-05-03,217,20,253,-56,148370,135445,10729,2196
2021-05-04,290,33,250,7,148660,135695,10762,2203
2021-05-05,271,28,225,18,148931,135920,10790,2221
2021-05-06,255,28,249,-22,149186,136169,10818,2199
2021-05-07,235,22,283,-70,149421,136452,10840,2129
2021-05-08,224,20,207,-3,149645,136659,10860,2126
2021-05-09,230,19,196,15,149875,136855,10879,2141
2021-05-10,205,21,213,-29,150080,137068,10900,2112
2021-05-11,258,33,216,9,150338,137284,10933,2121
2021-05-12,248,24,223,1,150586,137507,10957,2122
2021-05-13,147,12,151,-16,150733,137658,10969,2106
2021-05-14,142,15,175,-48,150875,137833,10984,2058
2021-05-15,183,29,319,-165,151058,138152,11013,1893
2021-05-16,163,17,163,-17,151221,138315,11030,1876
2021-05-17,202,25,273,-96,151423,138588,11055,1780
2021-05-18,227,22,229,-24,151650,138817,11077,1756
2021-05-19,254,32,195,27,151904,139012,11109,1783
2021-05-20,260,22,242,-4,152164,139254,11131,1779
2021-05-21,243,17,176,50,152407,139430,11148,1829
2021-05-22,233,16,198,19,152640,139628,11164,1848
2021-05-23,228,17,205,6,152868,139833,11181,1854
2021-05-24,227,20,208,-1,153095,140041,11201,1853
2021-05-25,217,24,183,10,153312,140224,11225,1863
2021-05-26,256,21,126,109,153568,140350,11246,1972
2021-05-27,218,25,182,11,153786,140532,11271,1983
2021-05-28,246,21,205,20,154032,140737,11292,2003
2021-05-29,255,20,293,-58,154287,141030,11312,1945
2021-05-30,217,18,159,40,154504,141189,11330,1985
2021-05-31,249,31,226,-8,154753,141415,11361,1977
2021-06-01,225,24,209,-8,154978,141624,11385,1969
2021-06-02,239,29,206,4,155217,141830,11414,1973
2021-06-03,260,26,208,26,155477,142038,11440,1999
2021-06-04,303,25,256,22,155780,142294,11465,2021
2021-06-05,244,26,182,36,156024,142476,11491,2057
2021-06-06,276,21,192,63,156300,142668,11512,2120
2021-06-07,301,27,197,77,156601,142865,11539,2197
2021-06-08,389,35,248,106,156990,143113,11574,2303
2021-06-09,405,34,218,153,157395,143331,11608,2456
2021-06-10,426,33,227,166,157821,143558,11641,2622
2021-06-11,441,39,257,145,158262,143815,11680,2767
2021-06-12,358,30,198,130,158620,144013,11710,2897
2021-06-13,422,34,295,93,159042,144308,11744,2990
2021-06-14,403,35,280,88,159445,144588,11779,3078
2021-06-15,500,41,245,214,159945,144833,11820,3292
2021-06-16,701,52,257,392,160646,145090,11872,3684
2021-06-17,721,59,339,323,161367,145429,11931,4007
2021-06-18,728,41,409,278,162095,145838,11972,4285
2021-06-19,692,47,344,301,162787,146182,12019,4586
2021-06-20,737,55,382,300,163524,146564,12074,4886
2021-06-21,719,57,367,295,164243,146931,12131,5181
2021-06-22,746,44,382,320,164989,147313,12175,5501
2021-06-23,873,56,428,389,165862,147741,12231,5890
2021-06-24,943,57,394,492,166805,148135,12288,6382
2021-06-25,973,56,508,409,167778,148643,12344,6791
2021-06-26,992,56,579,357,168770,149222,12400,7148
2021-06-27,889,67,493,329,169659,149715,12467,7477
2021-06-28,1083,67,557,459,170742,150272,12534,7936
2021-06-29,1065,90,634,341,171807,150906,12624,8277
2021-06-30,1200,104,752,344,173007,151658,12728,8621
2021-07-01,1420,78,700,642,174427,152358,12806,9263
2021-07-02,1387,89,802,496,175814,153160,12895,9759
2021-07-03,1439,90,741,608,177253,153901,12985,10367
2021-07-04,1468,105,736,627,178721,154637,13090,10994
2021-07-05,1540,120,1093,327,180261,155730,13210,11321
2021-07-06,1806,127,1257,422,182067,156987,13337,11743
2021-07-07,2545,165,1211,1169,184612,158198,13502,12912
2021-07-08,2549,183,1296,1070,187161,159494,13685,13982
2021-07-09,2534,179,1730,625,189695,161224,13864,14607
2021-07-10,2237,193,1423,621,191932,162647,14057,15228
2021-07-11,2421,285,1466,670,194353,164113,14342,15898
2021-07-12,2738,177,1666,895,197091,165779,14519,16793
2021-07-13,6268,182,2149,3937,203359,167928,14701,20730
2021-07-14,7090,238,1834,5018,210449,169762,14939,25748
2021-07-15,8230,213,1996,6021,218679,171758,15152,31769
2021-07-16,7831,351,2227,5253,226510,173985,15503,37022
2021-07-17,6920,284,2707,3929,233430,176692,15787,40951
2021-07-18,5706,332,3007,2367,239136,179699,16119,43318
2021-07-19,4419,357,2865,1197,243555,182564,16476,44515
2021-07-20,5653,272,2584,2797,249208,185148,16748,47312
2021-07-21,3862,404,2989,469,253070,188137,17152,47781
2021-07-22,6624,281,3198,3145,259694,191335,17433,50926
2021-07-23,6909,353,4144,2412,266603,195479,17786,53338
2021-07-24,5700,362,4449,889,272303,199928,18148,54227
2021-07-25,4764,320,4916,-472,277067,204844,18468,53755
2021-07-26,3158,373,4492,-1707,280225,209336,18841,52048
2021-07-27,6339,339,4975,1025,286564,214311,19180,53073
2021-07-28,6419,409,4658,1352,292983,218969,19589,54425
2021-07-29,5504,344,3981,1179,298487,222950,19933,55604
2021-07-30,5204,391,4991,-178,303691,227941,20324,55426
2021-07-31,4696,324,5176,-804,308387,233117,20648,54622
2021-08-01,3675,332,5997,-2654,312062,239114,20980,51968
2021-08-02,2489,343,4659,-2513,314551,243773,21323,49455
2021-08-03,4113,320,4390,-597,318664,248163,21643,48858
2021-08-04,4030,338,4188,-496,322694,252351,21981,48362
2021-08-05,4074,314,4655,-895,326768,257006,22295,47467
2021-08-06,4489,342,5026,-879,331257,262032,22637,46588
2021-08-07,3439,323,4534,-1418,334696,266566,22960,45170
2021-08-08,2537,305,3526,-1294,337233,270092,23265,43876
2021-08-09,1965,294,3478,-1807,339198,273570,23559,42069
2021-08-10,3618,257,4473,-1112,342816,278043,23816,40957
2021-08-11,2885,322,4170,-1607,345701,282213,24138,39350
2021-08-12,3162,302,4039,-1179,348863,286252,24440,38171
2021-08-13,4178,253,4384,-459,353041,290636,24693,37712
2021-08-14,3231,274,4493,-1536,356272,295129,24967,36176
2021-08-15,1725,230,3497,-2002,357997,298626,25197,34174
2021-08-16,1559,228,3786,-2455,359556,302412,25425,31719
2021-08-17,2343,244,3972,-1873,361899,306384,25669,29846
2021-08-18,1500,224,3217,-1941,363399,309601,25893,27905
2021-08-19,3017,220,3728,-931,366416,313329,26113,26974
2021-08-20,2508,204,3400,-1096,368924,316729,26317,25878
2021-08-21,2122,202,3362,-1442,371046,320091,26519,24436
2021-08-22,1301,203,2686,-1588,372347,322777,26722,22848
2021-08-23,1073,188,3282,-2397,373420,326059,26910,20451
2021-08-24,1700,184,3315,-1799,375120,329374,27094,18652
2021-08-25,1619,200,2693,-1274,376739,332067,27294,17378
2021-08-26,1354,148,2628,-1422,378093,334695,27442,15956
2021-08-27,1409,158,2374,-1123,379502,337069,27600,14833
2021-08-28,1079,168,1923,-1012,380581,338992,27768,13821
2021-08-29,666,145,1610,-1089,381247,340602,27913,12732
2021-08-30,640,130,1644,-1134,381887,342246,28043,11598
2021-08-31,1323,128,1662,-467,383210,343908,28171,11131
2021-09-01,1122,131,1477,-486,384332,345385,28302,10645
2021-09-02,853,122,1505,-774,385185,346890,28424,9871
2021-09-03,770,88,1087,-405,385955,347977,28512,9466
2021-09-04,614,92,1201,-679,386569,349178,28604,8787
2021-09-05,448,70,879,-501,387017,350057,28674,8286
2021-09-06,361,78,971,-688,387378,351028,28752,7598
2021-09-07,674,79,997,-402,388052,352025,28831,7196
2021-09-08,613,60,943,-390,388665,352968,28891,6806
2021-09-09,508,42,848,-382,389173,353816,28933,6424
2021-09-10,515,49,787,-321,389688,354603,28982,6103
2021-09-11,547,39,682,-174,390235,355285,29021,5929
2021-09-12,367,32,611,-276,390602,355896,29053,5653
2021-09-13,318,31,665,-378,390920,356561,29084,5275
2021-09-14,496,22,722,-248,391416,357283,29106,5027
2021-09-15,436,23,685,-272,391852,357968,29129,4755
2021-09-16,335,28,651,-344,392187,358619,29157,4411
2021-09-17,427,20,691,-284,392614,359310,29177,4127
2021-09-18,314,20,558,-264,392928,359868,29197,3863
2021-09-19,234,16,476,-258,393162,360344,29213,3605
2021-09-20,142,23,412,-293,393304,360756,29236,3312
2021-09-21,319,24,516,-221,393623,361272,29260,3091
2021-09-22,297,14,365,-82,393920,361637,29274,3009
2021-09-23,220,22,413,-215,394140,362050,29296,2794
2021-09-24,218,17,352,-151,394358,362402,29313,2643
2021-09-25,215,17,368,-170,394573,362770,29330,2473
2021-09-26,170,8,239,-77,394743,363009,29338,2396
2021-09-27,93,14,287,-208,394836,363296,29352,2188
2021-09-28,179,11,248,-80,395015,363544,29363,2108
2021-09-29,225,9,268,-52,395240,363812,29372,2056
2021-09-30,195,13,252,-70,395435,364064,29385,1986
2021-10-01,124,11,225,-112,395559,364289,29396,1874
2021-10-02,129,12,244,-127,395688,364533,29408,1747
2021-10-03,115,10,190,-85,395803,364723,29418,1662
2021-10-04,62,8,204,-150,395865,364927,29426,1512
2021-10-05,139,6,201,-68,396004,365128,29432,1444
2021-10-06,158,8,196,-46,396162,365324,29440,1398
2021-10-07,121,14,189,-82,396283,365513,29454,1316
2021-10-08,119,7,167,-55,396402,365680,29461,1261
2021-10-09,117,8,158,-49,396519,365838,29469,1212
2021-10-10,127,3,150,-26,396646,365988,29472,1186
2021-10-11,48,8,123,-83,396694,366111,29480,1103
2021-10-12,160,9,154,-3,396854,366265,29489,1100
2021-10-13,121,6,144,-29,396975,366409,29495,1071
2021-10-14,86,3,122,-39,397061,366531,29498,1032
2021-10-15,81,5,129,-53,397142,366660,29503,979
2021-10-16,100,11,127,-38,397242,366787,29514,941
2021-10-17,60,4,88,-32,397302,366875,29518,909
2021-10-18,43,8,86,-51,397345,366961,29526,858
2021-10-19,95,6,105,-16,397440,367066,29532,842
2021-10-20,93,6,98,-11,397533,367164,29538,831
2021-10-21,64,7,90,-33,397597,367254,29545,798
2021-10-22,64,3,96,-35,397661,367350,29548,763
2021-10-23,74,5,62,7,397735,367412,29553,770
2021-10-24,54,2,70,-18,397789,367482,29555,752
2021-10-25,34,7,69,-42,397823,367551,29562,710
2021-10-26,51,7,72,-28,397874,367623,29569,682
2021-10-27,90,6,99,-15,397964,367722,29575,667
2021-10-28,72,4,72,-4,398036,367794,29579,663
2021-10-29,54,5,56,-7,398090,367850,29584,656
2021-10-30,81,6,67,8,398171,367917,29590,664
2021-10-31,57,4,63,-10,398228,367980,29594,654
2021-11-01,40,1,57,-18,398268,368037,29595,636
2021-11-02,74,3,69,2,398342,368106,29598,638
2021-11-03,67,8,72,-13,398409,368178,29606,625
2021-11-04,59,6,57,-4,398468,368235,29612,621
2021-11-05,46,3,61,-18,398514,368296,29615,603
2021-11-06,47,3,51,-7,398561,368347,29618,596
2021-11-07,32,3,41,-12,398593,368388,29621,584
2021-11-08,30,1,54,-25,398623,368442,29622,559
2021-11-09,49,7,66,-24,398672,368508,29629,535
2021-11-10,65,3,76,-14,398737,368584,29632,521
2021-11-11,42,3,55,-16,398779,368639,29635,505
2021-11-12,33,4,44,-15,398812,368683,29639,490
2021-11-13,49,1,46,2,398861,368729,29640,492
2021-11-14,30,2,60,-32,398891,368789,29642,460
2021-11-15,26,1,49,-24,398917,368838,29643,436
2021-11-16,35,1,45,-11,398952,368883,29644,425
2021-11-17,43,0,35,8,398995,368918,29644,433
2021-11-18,24,1,32,-9,399019,368950,29645,424
2021-11-19,28,1,33,-6,399047,368983,29646,418
2021-11-20,30,1,35,-6,399077,369018,29647,412
2021-11-21,25,3,20,2,399102,369038,29650,414
2021-11-22,21,4,31,-14,399123,369069,29654,400
2021-11-23,45,1,51,-7,399168,369120,29655,393
2021-11-24,36,1,28,7,399204,369148,29656,400
2021-11-25,32,3,20,9,399236,369168,29659,409
2021-11-26,48,1,37,10,399284,369205,29660,419
2021-11-27,31,3,19,9,399315,369224,29663,428
2021-11-28,33,0,27,6,399348,369251,29663,434
2021-11-29,10,1,15,-6,399358,369266,29664,428
2021-11-30,36,3,33,0,399394,369299,29667,428
2021-12-01,30,2,27,1,399424,369326,29669,429
2021-12-02,36,0,33,3,399460,369359,29669,432
2021-12-03,22,1,32,-11,399482,369391,29670,421
2021-12-04,27,2,32,-7,399509,369423,29672,414
2021-12-05,29,1,26,2,399538,369449,29673,416
2021-12-06,18,1,25,-8,399556,369474,29674,408
2021-12-07,36,0,41,-5,399592,369515,29674,403
2021-12-08,27,3,34,-10,399619,369549,29677,393
2021-12-09,30,1,26,3,399649,369575,29678,396
2021-12-10,20,0,42,-22,399669,369617,29678,374
2021-12-11,22,2,19,1,399691,369636,29680,375
2021-12-12,22,3,29,-10,399713,369665,29683,365
2021-12-13,14,0,20,-6,399727,369685,29683,359
2021-12-14,27,3,21,3,399754,369706,29686,362
2021-12-15,28,2,25,1,399782,369731,29688,363
2021-12-16,25,1,24,0,399807,369755,29689,363
2021-12-17,23,0,22,1,399830,369777,29689,364
2021-12-18,20,2,18,0,399850,369795,29691,364
2021-12-19,22,0,16,6,399872,369811,29691,370
2021-12-20,15,1,20,-6,399887,369831,29692,364
2021-12-21,14,5,23,-14,399901,369854,29697,350
2021-12-22,9,1,15,-7,399910,369869,29698,343
2021-12-23,17,0,20,-3,399927,369889,29698,340
2021-12-24,25,0,21,4,399952,369910,29698,344
2021-12-25,11,2,15,-6,399963,369925,29700,338
2021-12-26,5,0,13,-8,399968,369938,29700,330
2021-12-27,9,2,20,-13,399977,369958,29702,317
2021-12-28,24,4,20,0,400001,369978,29706,317
2021-12-29,16,1,19,-4,400017,369997,29707,313
2021-12-30,19,1,12,6,400036,370009,29708,319
2021-12-31,18,4,14,0,400054,370023,29712,319
2022-01-01,15,1,12,2,400069,370035,29713,321
2022-01-02,8,0,8,0,400077,370043,29713,321
2022-01-03,10,0,9,1,400087,370052,29713,322
2022-01-04,17,0,24,-7,400104,370076,29713,315
2022-01-05,12,2,11,-1,400116,370087,29715,314
2022-01-06,25,0,20,5,400141,370107,29715,319
2022-01-07,15,1,16,-2,400156,370123,29716,317
2022-01-08,29,3,16,10,400185,370139,29719,327
2022-01-09,16,1,21,-6,400201,370160,29720,321
2022-01-10,8,1,7,0,400209,370167,29721,321
2022-01-11,29,1,11,17,400238,370178,29722,338
2022-01-12,18,2,10,6,400256,370188,29724,344
2022-01-13,22,0,12,10,400278,370200,29724,354
2022-01-14,21,1,18,2,400299,370218,29725,356
2022-01-15,23,0,19,4,400322,370237,29725,360
2022-01-16,26,1,15,10,400348,370252,29726,370
2022-01-17,14,0,20,-6,400362,370272,29726,364
2022-01-18,44,1,20,23,400406,370292,29727,387
2022-01-19,50,2,21,27,400456,370313,29729,414
2022-01-20,89,3,26,60,400545,370339,29732,474
2022-01-21,92,1,27,64,400637,370366,29733,538
2022-01-22,79,2,45,32,400716,370411,29735,570
2022-01-23,69,1,44,24,400785,370455,29736,594
2022-01-24,60,0,53,7,400845,370508,29736,601
2022-01-25,213,1,58,154,401058,370566,29737,755
2022-01-26,238,0,105,133,401296,370671,29737,888
2022-01-27,255,1,111,143,401551,370782,29738,1031
2022-01-28,318,3,167,148,401869,370949,29741,1179
2022-01-29,363,0,152,211,402232,371101,29741,1390
2022-01-30,359,0,195,164,402591,371296,29741,1554
2022-01-31,276,0,246,30,402867,371542,29741,1584
2022-02-01,759,1,292,466,403626,371834,29742,2050
2022-02-02,563,1,301,261,404189,372135,29743,2311
2022-02-03,1395,2,542,851,405584,372677,29745,3162
2022-02-04,1681,5,658,1018,407265,373335,29750,4180
2022-02-05,2155,2,1053,1100,409420,374388,29752,5280
2022-02-06,2218,7,1238,973,411638,375626,29759,6253
2022-02-07,1339,5,1310,24,412977,376936,29764,6277
2022-02-08,3610,6,1710,1894,416587,378646,29770,8171
2022-02-09,4385,4,2305,2076,420972,380951,29774,10247
2022-02-10,4054,5,2462,1587,425026,383413,29779,11834
2022-02-11,4506,11,2869,1626,429532,386282,29790,13460
2022-02-12,5880,6,2966,2908,435412,389248,29796,16368
2022-02-13,5376,12,3287,2077,440788,392535,29808,18445
2022-02-14,3885,21,3023,841,444673,395558,29829,19286
2022-02-15,7530,15,3618,3897,452203,399176,29844,23183
2022-02-16,7919,22,5340,2557,460122,404516,29866,25740
2022-02-17,8977,24,5989,2964,469099,410505,29890,28704
2022-02-18,8037,36,5684,2317,477136,416189,29926,31021
2022-02-19,7946,29,5649,2268,485082,421838,29955,33289
2022-02-20,5766,22,5480,264,490848,427318,29977,33553
2022-02-21,3621,39,5193,-1611,494469,432511,30016,31942
2022-02-22,7569,43,5756,1770,502038,438267,30059,33712
2022-02-23,7486,48,5828,1610,509524,444095,30107,35322
2022-02-24,6643,50,6508,85,516167,450603,30157,35407
2022-02-25,5729,32,6208,-511,521896,456811,30189,34896
2022-02-26,5413,47,6237,-871,527309,463048,30236,34025
2022-02-27,3861,52,6242,-2433,531170,469290,30288,31592
2022-02-28,2233,54,4621,-2442,533403,473911,30342,29150
2022-03-01,2761,49,5554,-2842,536164,479465,30391,26308
2022-03-02,4911,57,5357,-503,541075,484822,30448,25805
2022-03-03,4135,44,5471,-1380,545210,490293,30492,24425
2022-03-04,2331,60,4574,-2303,547541,494867,30552,22122
2022-03-05,3651,58,4471,-878,551192,499338,30610,21244
2022-03-06,2325,42,3685,-1402,553517,503023,30652,19842
2022-03-07,1410,35,3646,-2271,554927,506669,30687,17571
2022-03-08,2769,58,3672,-961,557696,510341,30745,16610
2022-03-09,2246,37,3053,-844,559942,513394,30782,15766
2022-03-10,1575,41,2375,-841,561517,515769,30823,14925
2022-03-11,1394,41,2507,-1154,562911,518276,30864,13771
2022-03-12,1165,44,2324,-1203,564076,520600,30908,12568
2022-03-13,596,22,1933,-1359,564672,522533,30930,11209
2022-03-14,838,37,2364,-1563,565510,524897,30967,9646
2022-03-15,1140,39,1951,-850,566650,526848,31006,8796
2022-03-16,904,36,1770,-902,567554,528618,31042,7894
2022-03-17,725,34,1541,-850,568279,530159,31076,7044
2022-03-18,661,36,1423,-798,568940,531582,31112,6246
2022-03-19,470,24,1107,-661,569410,532689,31136,5585
2022-03-20,452,13,903,-464,569862,533592,31149,5121
2022-03-21,228,18,949,-739,570090,534541,31167,4382
2022-03-22,478,26,783,-331,570568,535324,31193,4051
2022-03-23,440,24,680,-264,571008,536004,31217,3787
2022-03-24,368,20,645,-297,571376,536649,31237,3490
2022-03-25,303,26,769,-492,571679,537418,31263,2998
2022-03-26,310,15,528,-233,571989,537946,31278,2765
2022-03-27,277,11,418,-152,572266,538364,31289,2613
2022-03-28,148,16,461,-329,572414,538825,31305,2284
2022-03-29,307,20,379,-92,572721,539204,31325,2192
2022-03-30,240,21,381,-162,572961,539585,31346,2030
2022-03-31,255,12,415,-172,573216,540000,31358,1858
2022-04-01,177,11,303,-137,573393,540303,31369,1721
2022-04-02,158,16,235,-93,573551,540538,31385,1628
2022-04-03,140,12,219,-91,573691,540757,31397,1537
2022-04-04,124,14,249,-139,573815,541006,31411,1398
2022-04-05,165,16,240,-91,573980,541246,31427,1307
2022-04-06,153,10,193,-50,574133,541439,31437,1257
2022-04-07,143,11,175,-43,574276,541614,31448,1214
2022-04-08,121,10,183,-72,574397,541797,31458,1142
2022-04-09,86,14,131,-59,574483,541928,31472,1083
2022-04-10,81,6,141,-66,574564,542069,31478,1017
2022-04-11,48,10,125,-87,574612,542194,31488,930
2022-04-12,106,9,125,-28,574718,542319,31497,902
2022-04-13,85,4,114,-33,574803,542433,31501,869
2022-04-14,69,7,118,-56,574872,542551,31508,813
2022-04-15,54,3,87,-36,574926,542638,31511,777
2022-04-16,46,3,80,-37,574972,542718,31514,740
2022-04-17,55,3,79,-27,575027,542797,31517,713
2022-04-18,31,3,89,-61,575058,542886,31520,652
2022-04-19,79,7,83,-11,575137,542969,31527,641
2022-04-20,41,7,72,-38,575178,543041,31534,603
2022-04-21,32,5,54,-27,575210,543095,31539,576
2022-04-22,40,1,68,-29,575250,543163,31540,547
2022-04-23,40,3,53,-16,575290,543216,31543,531
2022-04-24,33,4,35,-6,575323,543251,31547,525
2022-04-25,25,5,51,-31,575348,543302,31552,494
2022-04-26,55,4,58,-7,575403,543360,31556,487
2022-04-27,32,4,44,-16,575435,543404,31560,471
2022-04-28,27,3,47,-23,575462,543451,31563,448
2022-04-29,40,2,34,4,575502,543485,31565,452
2022-04-30,17,1,35,-19,575519,543520,31566,433
2022-05-01,22,2,32,-12,575541,543552,31568,421
2022-05-02,9,1,17,-9,575550,543569,31569,412
2022-05-03,8,3,14,-9,575558,543583,31572,403
2022-05-04,15,3,28,-16,575573,543611,31575,387
2022-05-05,18,2,31,-15,575591,543642,31577,372
2022-05-06,24,2,29,-7,575615,543671,31579,365
2022-05-07,20,3,32,-15,575635,543703,31582,350
2022-05-08,18,1,28,-11,575653,543731,31583,339
2022-05-09,15,0,20,-5,575668,543751,31583,334
2022-05-10,36,2,31,3,575704,543782,31585,337
2022-05-11,47,0,27,20,575751,543809,31585,357
2022-05-12,41,1,32,8,575792,543841,31586,365
2022-05-13,30,2,19,9,575822,543860,31588,374
2022-05-14,33,1,26,6,575855,543886,31589,380
2022-05-15,31,0,17,14,575886,543903,31589,394
2022-05-16,13,2,26,-15,575899,543929,31591,379
2022-05-17,16,2,24,-10,575915,543953,31593,369
2022-05-18,33,3,25,5,575948,543978,31596,374
2022-05-19,36,1,33,2,575984,544011,31597,376
2022-05-20,25,0,26,-1,576009,544037,31597,375
2022-05-21,32,2,34,-4,576041,544071,31599,371
