tanggal,KASUS,MENINGGAL,SEMBUH,DIRAWAT_OR_ISOLASI,AKUMULASI_KASUS,AKUMULASI_SEMBUH,AKUMULASI_MENINGGAL,AKUMULASI_DIRAWAT_OR_ISOLASI
2020-03-08,1,1,0,0,1,0,1,0
2020-03-09,0,0,0,0,1,0,1,0
2020-03-10,0,0,0,0,1,0,1,0
2020-03-11,2,1,1,0,3,1,2,0
2020-03-12,0,0,0,0,3,1,2,0
2020-03-13,0,0,0,0,3,1,2,0
2020-03-14,2,0,1,1,5,2,2,1
2020-03-15,1,0,1,0,6,3,2,1
2020-03-16,1,0,0,1,7,3,2,2
2020-03-17,1,0,1,0,8,4,2,2
2020-03-18,3,1,0,2,11,4,3,4
2020-03-19,2,0,0,2,13,4,3,6
2020-03-20,4,0,1,3,17,5,3,9
2020-03-21,1,1,0,0,18,5,4,9
2020-03-22,1,0,1,0,19,6,4,9
2020-03-23,3,0,0,3,22,6,4,12
2020-03-24,3,1,1,1,25,7,5,13
2020-03-25,23,1,1,21,48,8,6,34
2020-03-26,4,0,1,3,52,9,6,37
2020-03-27,8,1,1,6,60,10,7,43
2020-03-28,15,2,2,11,75,12,9,54
2020-03-29,11,3,0,8,86,12,12,62
2020-03-30,17,1,1,15,103,13,13,77
2020-03-31,15,2,0,13,118,13,15,90
2020-04-01,19,8,16,-5,137,29,23,85
2020-04-02,5,2,2,1,142,31,25,86
2020-04-03,19,1,5,13,161,36,26,99
2020-04-04,15,1,3,11,176,39,27,110
2020-04-05,3,0,0,3,179,39,27,113
2020-04-06,19,5,1,13,198,40,32,126
2020-04-07,8,0,0,8,206,40,32,134
2020-04-08,15,3,2,10,221,42,35,144
2020-04-09,11,1,5,5,232,47,36,149
2020-04-10,2,0,0,2,234,47,36,151
2020-04-11,7,1,0,6,241,47,37,157
2020-04-12,57,1,1,55,298,48,38,212
2020-04-13,13,1,3,9,311,51,39,221
2020-04-14,81,1,3,77,392,54,40,298
2020-04-15,25,2,2,21,417,56,42,319
2020-04-16,15,3,4,8,432,60,45,327
2020-04-17,14,4,16,-6,446,76,49,321
2020-04-18,38,0,7,31,484,83,49,352
2020-04-19,24,2,0,22,508,83,51,374
2020-04-20,7,2,7,-2,515,90,53,372
2020-04-21,104,2,2,100,619,92,55,472
2020-04-22,40,2,10,28,659,102,57,500
2020-04-23,68,2,11,55,727,113,59,555
2020-04-24,41,4,4,33,768,117,63,588
2020-04-25,52,2,11,39,820,128,65,627
2020-04-26,38,0,3,35,858,131,65,662
2020-04-27,22,2,13,7,880,144,67,669
2020-04-28,22,1,13,8,902,157,68,677
2020-04-29,41,3,8,30,943,165,71,707
2020-04-30,19,1,13,5,962,178,72,712
2020-05-01,28,3,11,14,990,189,75,726
2020-05-02,28,1,10,17,1018,199,76,743
2020-05-03,16,1,11,4,1034,210,77,747
2020-05-04,27,0,10,17,1061,220,77,764
2020-05-05,51,0,22,29,1112,242,77,793
2020-05-06,54,1,35,18,1166,277,78,811
2020-05-07,15,1,23,-9,1181,300,79,802
2020-05-08,45,0,39,6,1226,339,79,808
2020-05-09,31,2,17,12,1257,356,81,820
2020-05-10,23,1,6,16,1280,362,82,836
2020-05-11,3,0,6,-3,1283,368,82,833
2020-05-12,18,2,5,11,1301,373,84,844
2020-05-13,36,0,7,29,1337,380,84,873
2020-05-14,59,1,10,48,1396,390,85,921
2020-05-15,48,0,10,38,1444,400,85,959
2020-05-16,43,1,8,34,1487,408,86,993
2020-05-17,25,0,5,20,1512,413,86,1013
2020-05-18,15,2,9,4,1527,422,88,1017
2020-05-19,25,0,14,11,1552,436,88,1028
2020-05-20,25,0,9,16,1577,445,88,1044
2020-05-21,28,0,10,18,1605,455,88,1062
2020-05-22,34,0,10,24,1639,465,88,1086
2020-05-23,69,0,15,54,1708,480,88,1140
2020-05-24,24,0,5,19,1732,485,88,1159
2020-05-25,10,0,3,7,1742,488,88,1166
2020-05-26,10,0,28,-18,1752,516,88,1148
2020-05-27,17,1,1,15,1769,517,89,1163
2020-05-28,17,1,7,9,1786,524,90,1172
2020-05-29,19,1,64,-46,1805,588,91,1126
2020-05-30,29,0,26,3,1834,614,91,1129
2020-05-31,45,0,10,35,1879,624,91,1164
2020-06-01,27,2,11,14,1906,635,93,1178
2020-06-02,36,0,13,23,1942,648,93,1201
2020-06-03,40,4,11,25,1982,659,97,1226
2020-06-04,46,4,16,26,2028,675,101,1252
2020-06-05,77,9,42,26,2105,717,110,1278
2020-06-06,63,2,22,39,2168,739,112,1317
2020-06-07,82,22,17,43,2250,756,134,1360
2020-06-08,100,5,53,42,2350,809,139,1402
2020-06-09,54,7,89,-42,2404,898,146,1360
2020-06-10,175,4,128,43,2579,1026,150,1403
2020-06-11,63,4,17,42,2642,1043,154,1445
2020-06-12,59,1,50,8,2701,1093,155,1453
2020-06-13,101,3,37,61,2802,1130,158,1514
2020-06-14,128,7,27,94,2930,1157,165,1608
2020-06-15,149,21,49,79,3079,1206,186,1687
2020-06-16,83,6,23,54,3162,1229,192,1741
2020-06-17,144,8,79,57,3306,1308,200,1798
2020-06-18,83,14,39,30,3389,1347,214,1828
2020-06-19,120,14,37,69,3509,1384,228,1897
2020-06-20,151,2,37,112,3660,1421,230,2009
2020-06-21,130,2,36,92,3790,1457,232,2101
2020-06-22,88,7,43,38,3878,1500,239,2139
2020-06-23,99,8,64,27,3977,1564,247,2166
2020-06-24,122,6,33,83,4099,1597,253,2249
2020-06-25,145,3,35,107,4244,1632,256,2356
2020-06-26,241,7,60,174,4485,1692,263,2530
2020-06-27,239,5,43,191,4724,1735,268,2721
2020-06-28,208,3,32,173,4932,1767,271,2894
2020-06-29,250,3,84,163,5182,1851,274,3057
2020-06-30,201,32,178,-9,5383,2029,306,3048
2020-07-01,220,3,118,99,5603,2147,309,3147
2020-07-02,195,4,35,156,5798,2182,313,3303
2020-07-03,166,15,104,47,5964,2286,328,3350
2020-07-04,145,25,134,-14,6109,2420,353,3336
2020-07-05,237,20,38,179,6346,2458,373,3515
2020-07-06,219,28,84,107,6565,2542,401,3622
2020-07-07,202,6,99,97,6767,2641,407,3719
2020-07-08,247,18,121,108,7014,2762,425,3827
2020-07-09,180,5,39,136,7194,2801,430,3963
2020-07-10,154,22,199,-67,7348,3000,452,3896
2020-07-11,170,7,24,139,7518,3024,459,4035
2020-07-12,121,18,27,76,7639,3051,477,4111
2020-07-13,166,9,47,110,7805,3098,486,4221
2020-07-14,138,7,38,93,7943,3136,493,4314
2020-07-15,355,10,112,233,8298,3248,503,4547
2020-07-16,304,8,252,44,8602,3500,511,4591
2020-07-17,321,7,224,90,8923,3724,518,4681
2020-07-18,325,6,291,28,9248,4015,524,4709
2020-07-19,361,34,424,-97,9609,4439,558,4612
2020-07-20,408,42,316,50,10017,4755,600,4662
2020-07-21,197,23,211,-37,10214,4966,623,4625
2020-07-22,385,76,215,94,10599,5181,699,4719
2020-07-23,340,73,240,27,10939,5421,772,4746
2020-07-24,160,48,137,-25,11099,5558,820,4721
2020-07-25,222,16,177,29,11321,5735,836,4750
2020-07-26,94,15,176,-97,11415,5911,851,4653
2020-07-27,212,4,223,-15,11627,6134,855,4638
2020-07-28,185,15,360,-190,11812,6494,870,4448
2020-07-29,314,20,319,-25,12126,6813,890,4423
2020-07-30,165,19,409,-263,12291,7222,909,4160
2020-07-31,235,8,95,132,12526,7317,917,4292
2020-08-01,143,16,334,-207,12669,7651,933,4085
2020-08-02,73,26,147,-100,12742,7798,959,3985
2020-08-03,96,3,175,-82,12838,7973,962,3903
2020-08-04,60,1,142,-83,12898,8115,963,3820
2020-08-05,148,15,195,-62,13046,8310,978,3758
2020-08-06,116,20,217,-121,13162,8527,998,3637
2020-08-07,232,8,212,12,13394,8739,1006,3649
2020-08-08,87,12,78,-3,13481,8817,1018,3646
2020-08-09,140,3,68,69,13621,8885,1021,3715
2020-08-10,68,6,176,-114,13689,9061,1027,3601
2020-08-11,86,3,136,-53,13775,9197,1030,3548
2020-08-12,181,20,137,24,13956,9334,1050,3572
2020-08-13,204,14,118,72,14160,9452,1064,3644
2020-08-14,192,11,62,119,14352,9514,1075,3763
2020-08-15,132,5,64,63,14484,9578,1080,3826
2020-08-16,168,7,62,99,14652,9640,1087,3925
2020-08-17,36,5,43,-12,14688,9683,1092,3913
2020-08-18,118,12,100,6,14806,9783,1104,3919
2020-08-19,135,8,145,-18,14941,9928,1112,3901
2020-08-20,173,4,135,34,15114,10063,1116,3935
2020-08-21,94,5,101,-12,15208,10164,1121,3923
2020-08-22,105,16,151,-62,15313,10315,1137,3861
2020-08-23,188,12,68,108,15501,10383,1149,3969
2020-08-24,153,4,103,46,15654,10486,1153,4015
2020-08-25,200,25,123,52,15854,10609,1178,4067
2020-08-26,148,30,164,-46,16002,10773,1208,4021
2020-08-27,253,33,218,2,16255,10991,1241,4023
2020-08-28,244,28,121,95,16499,11112,1269,4118
2020-08-29,182,10,90,82,16681,11202,1279,4200
2020-08-30,140,15,94,31,16821,11296,1294,4231
2020-08-31,179,9,110,60,17000,11406,1303,4291
2020-09-01,202,14,129,59,17202,11535,1317,4350
2020-09-02,266,32,370,-136,17468,11905,1349,4214
2020-09-03,242,18,141,83,17710,12046,1367,4297
2020-09-04,191,5,120,66,17901,12166,1372,4363
2020-09-05,261,10,282,-31,18162,12448,1382,4332
2020-09-06,233,8,185,40,18395,12633,1390,4372
2020-09-07,265,6,163,96,18660,12796,1396,4468
2020-09-08,242,6,152,84,18902,12948,1402,4552
2020-09-09,283,11,165,107,19185,13113,1413,4659
2020-09-10,366,19,133,214,19551,13246,1432,4873
2020-09-11,573,5,195,373,20124,13441,1437,5246
2020-09-12,386,10,151,225,20510,13592,1447,5471
2020-09-13,283,6,106,171,20793,13698,1453,5642
2020-09-14,143,8,239,-104,20936,13937,1461,5538
2020-09-15,205,12,186,7,21141,14123,1473,5545
2020-09-16,339,14,123,202,21480,14246,1487,5747
2020-09-17,291,17,229,45,21771,14475,1504,5792
2020-09-18,200,9,414,-223,21971,14889,1513,5569
2020-09-19,273,40,388,-155,22244,15277,1553,5414
2020-09-20,304,9,296,-1,22548,15573,1562,5413
2020-09-21,241,20,318,-97,22789,15891,1582,5316
2020-09-22,233,42,402,-211,23022,16293,1624,5105
2020-09-23,257,20,371,-134,23279,16664,1644,4971
2020-09-24,435,26,685,-276,23714,17349,1670,4695
2020-09-25,330,15,268,47,24044,17617,1685,4742
2020-09-26,365,14,210,141,24409,17827,1699,4883
2020-09-27,253,4,117,132,24662,17944,1703,5015
2020-09-28,307,9,201,97,24969,18145,1712,5112
2020-09-29,270,12,253,5,25239,18398,1724,5117
2020-09-30,230,4,203,23,25469,18601,1728,5140
2020-10-01,302,5,190,107,25771,18791,1733,5247
2020-10-02,344,18,201,125,26115,18992,1751,5372
2020-10-03,371,5,201,165,26486,19193,1756,5537
2020-10-04,312,3,183,126,26798,19376,1759,5663
2020-10-05,368,7,194,167,27166,19570,1766,5830
2020-10-06,403,6,330,67,27569,19900,1772,5897
2020-10-07,385,4,271,110,27954,20171,1776,6007
2020-10-08,347,10,260,77,28301,20431,1786,6084
2020-10-09,408,10,199,199,28709,20630,1796,6283
2020-10-10,410,16,266,128,29119,20896,1812,6411
2020-10-11,314,8,199,107,29433,21095,1820,6518
2020-10-12,245,8,270,-33,29678,21365,1828,6485
2020-10-13,453,10,286,157,30131,21651,1838,6642
2020-10-14,286,11,885,-610,30417,22536,1849,6032
2020-10-15,470,26,2173,-1729,30887,24709,1875,4303
2020-10-16,445,9,391,45,31332,25100,1884,4348
2020-10-17,414,11,357,46,31746,25457,1895,4394
2020-10-18,355,3,383,-31,32101,25840,1898,4363
2020-10-19,316,7,335,-26,32417,26175,1905,4337
2020-10-20,442,20,587,-165,32859,26762,1925,4172
2020-10-21,375,13,380,-18,33234,27142,1938,4154
2020-10-22,510,11,365,134,33744,27507,1949,4288
2020-10-23,571,14,465,92,34315,27972,1963,4380
2020-10-24,285,20,423,-158,34600,28395,1983,4222
2020-10-25,356,8,367,-19,34956,28762,1991,4203
2020-10-26,158,17,297,-156,35114,29059,2008,4047
2020-10-27,314,12,317,-15,35428,29376,2020,4032
2020-10-28,319,10,326,-17,35747,29702,2030,4015
2020-10-29,368,9,234,125,36115,29936,2039,4140
2020-10-30,196,14,288,-106,36311,30224,2053,4034
2020-10-31,617,11,277,329,36928,30501,2064,4363
2020-11-01,462,10,328,124,37390,30829,2074,4487
2020-11-02,248,13,356,-121,37638,31185,2087,4366
2020-11-03,454,25,429,0,38092,31614,2112,4366
2020-11-04,546,16,352,178,38638,31966,2128,4544
2020-11-05,361,14,327,20,38999,32293,2142,4564
2020-11-06,613,12,277,324,39612,32570,2154,4888
2020-11-07,480,27,289,164,40092,32859,2181,5052
2020-11-08,638,8,277,353,40730,33136,2189,5405
2020-11-09,621,13,292,316,41351,33428,2202,5721
2020-11-10,684,15,315,354,42035,33743,2217,6075
2020-11-11,164,15,296,-147,42199,34039,2232,5928
2020-11-12,610,13,340,257,42809,34379,2245,6185
2020-11-13,1360,31,311,1018,44169,34690,2276,7203
2020-11-14,1219,23,242,954,45388,34932,2299,8157
2020-11-15,1042,18,267,757,46430,35199,2317,8914
2020-11-16,600,10,343,247,47030,35542,2327,9161
2020-11-17,544,39,532,-27,47574,36074,2366,9134
2020-11-18,489,18,382,89,48063,36456,2384,9223
2020-11-19,420,8,331,81,48483,36787,2392,9304
2020-11-20,476,8,378,90,48959,37165,2400,9394
2020-11-21,659,16,227,416,49618,37392,2416,9810
2020-11-22,470,19,574,-123,50088,37966,2435,9687
2020-11-23,897,10,275,612,50985,38241,2445,10299
2020-11-24,810,14,284,512,51795,38525,2459,10811
2020-11-25,998,9,309,680,52793,38834,2468,11491
2020-11-26,545,35,260,250,53338,39094,2503,11741
2020-11-27,872,49,368,455,54210,39462,2552,12196
2020-11-28,1007,20,450,537,55217,39912,2572,12733
2020-11-29,1650,73,760,817,56867,40672,2645,13550
2020-11-30,811,12,1287,-488,57678,41959,2657,13062
2020-12-01,730,8,442,280,58408,42401,2665,13342
2020-12-02,937,21,283,633,59345,42684,2686,13975
2020-12-03,772,14,315,443,60117,42999,2700,14418
2020-12-04,891,9,318,564,61008,43317,2709,14982
2020-12-05,760,6,328,426,61768,43645,2715,15408
2020-12-06,527,36,173,318,62295,43818,2751,15726
2020-12-07,594,8,288,298,62889,44106,2759,16024
2020-12-08,770,10,388,372,63659,44494,2769,16396
2020-12-09,735,37,201,497,64394,44695,2806,16893
2020-12-10,818,30,622,166,65212,45317,2836,17059
2020-12-11,786,18,284,484,65998,45601,2854,17543
2020-12-12,890,26,453,411,66888,46054,2880,17954
2020-12-13,696,45,206,445,67584,46260,2925,18399
2020-12-14,737,16,840,-119,68321,47100,2941,18280
2020-12-15,768,22,835,-89,69089,47935,2963,18191
2020-12-16,420,23,826,-429,69509,48761,2986,17762
2020-12-17,624,31,243,350,70133,49004,3017,18112
2020-12-18,354,17,360,-23,70487,49364,3034,18089
2020-12-19,989,24,215,750,71476,49579,3058,18839
2020-12-20,879,67,153,659,72355,49732,3125,19498
2020-12-21,998,79,409,510,73353,50141,3204,20008
2020-12-22,895,37,553,305,74248,50694,3241,20313
2020-12-23,913,2,500,411,75161,51194,3243,20724
2020-12-24,894,46,411,437,76055,51605,3289,21161
2020-12-25,906,90,916,-100,76961,52521,3379,21061
2020-12-26,874,19,434,421,77835,52955,3398,21482
2020-12-27,785,80,567,138,78620,53522,3478,21620
2020-12-28,978,85,606,287,79598,54128,3563,21907
2020-12-29,1056,8,982,66,80654,55110,3571,21973
2020-12-30,952,31,528,393,81606,55638,3602,22366
2020-12-31,940,18,823,99,82546,56461,3620,22465
2021-01-01,900,4,574,322,83446,57035,3624,22787
2021-01-02,971,92,904,-25,84417,57939,3716,22762
2021-01-03,929,65,405,459,85346,58344,3781,23221
2021-01-04,1038,12,731,295,86384,59075,3793,23516
2021-01-05,994,22,1327,-355,87378,60402,3815,23161
2021-01-06,1023,47,1025,-49,88401,61427,3862,23112
2021-01-07,996,46,699,251,89397,62126,3908,23363
2021-01-08,1072,58,820,194,90469,62946,3966,23557
2021-01-09,1034,23,271,740,91503,63217,3989,24297
2021-01-10,1046,17,138,891,92549,63355,4006,25188
2021-01-11,1051,31,790,230,93600,64145,4037,25418
2021-01-12,1326,100,1295,-69,94926,65440,4137,25349
2021-01-13,1474,95,736,643,96400,66176,4232,25992
2021-01-14,1500,88,1005,407,97900,67181,4320,26399
2021-01-15,1995,32,859,1104,99895,68040,4352,27503
2021-01-16,1995,44,755,1196,101890,68795,4396,28699
2021-01-17,1852,41,120,1691,103742,68915,4437,30390
2021-01-18,1559,85,1061,413,105301,69976,4522,30803
2021-01-19,1618,106,673,839,106919,70649,4628,31642
2021-01-20,1775,30,528,1217,108694,71177,4658,32859
2021-01-21,1976,101,1114,761,110670,72291,4759,33620
2021-01-22,1801,36,625,1140,112471,72916,4795,34760
2021-01-23,1873,8,479,1386,114344,73395,4803,36146
2021-01-24,1515,5,289,1221,115859,73684,4808,37367
2021-01-25,1519,126,2161,-768,117378,75845,4934,36599
2021-01-26,1680,118,1582,-20,119058,77427,5052,36579
2021-01-27,1798,112,1554,132,120856,78981,5164,36711
2021-01-28,1507,85,893,529,122363,79874,5249,37240
2021-01-29,1495,25,374,1096,123858,80248,5274,38336
2021-01-30,1240,24,309,907,125098,80557,5298,39243
2021-01-31,1116,27,176,913,126214,80733,5325,40156
2021-02-01,975,137,1977,-1139,127189,82710,5462,39017
2021-02-02,1119,63,1374,-318,128308,84084,5525,38699
2021-02-03,1788,23,990,775,130096,85074,5548,39474
2021-02-04,1776,87,781,908,131872,85855,5635,40382
2021-02-05,1888,20,511,1357,133760,86366,5655,41739
2021-02-06,1601,16,115,1470,135361,86481,5671,43209
2021-02-07,1062,15,78,969,136423,86559,5686,44178
2021-02-08,826,9,1041,-224,137249,87600,5695,43954
2021-02-09,949,50,662,237,138198,88262,5745,44191
2021-02-10,1221,9,1312,-100,139419,89574,5754,44091
2021-02-11,985,24,748,213,140404,90322,5778,44304
2021-02-12,663,23,150,490,141067,90472,5801,44794
2021-02-13,761,116,537,108,141828,91009,5917,44902
2021-02-14,478,71,49,358,142306,91058,5988,45260
2021-02-15,880,40,226,614,143186,91284,6028,45874
2021-02-16,1103,38,14,1051,144289,91298,6066,46925
2021-02-17,868,6,60,802,145157,91358,6072,47727
2021-02-18,676,9,489,178,145833,91847,6081,47905
2021-02-19,1205,36,691,478,147038,92538,6117,48383
2021-02-20,806,18,489,299,147844,93027,6135,48682
2021-02-21,484,12,226,246,148328,93253,6147,48928
2021-02-22,1048,41,1141,-134,149376,94394,6188,48794
2021-02-23,830,144,645,41,150206,95039,6332,48835
2021-02-24,1263,78,571,614,151469,95610,6410,49449
2021-02-25,825,69,1221,-465,152294,96831,6479,48984
2021-02-26,659,133,1107,-581,152953,97938,6612,48403
2021-02-27,633,69,2494,-1930,153586,100432,6681,46473
2021-02-28,310,16,2701,-2407,153896,103133,6697,44066
2021-03-01,659,24,883,-248,154555,104016,6721,43818
2021-03-02,985,36,812,137,155540,104828,6757,43955
2021-03-03,473,27,1312,-866,156013,106140,6784,43089
2021-03-04,593,19,692,-118,156606,106832,6803,42971
2021-03-05,873,17,284,572,157479,107116,6820,43543
2021-03-06,587,8,47,532,158066,107163,6828,44075
2021-03-07,394,2,572,-180,158460,107735,6830,43895
2021-03-08,871,85,2346,-1560,159331,110081,6915,42335
2021-03-09,900,52,1860,-1012,160231,111941,6967,41323
2021-03-10,304,32,641,-369,160535,112582,6999,40954
2021-03-11,253,13,329,-89,160788,112911,7012,40865
2021-03-12,497,32,755,-290,161285,113666,7044,40575
2021-03-13,156,11,262,-117,161441,113928,7055,40458
2021-03-14,144,3,106,35,161585,114034,7058,40493
2021-03-15,657,20,561,76,162242,114595,7078,40569
2021-03-16,563,41,1389,-867,162805,115984,7119,39702
2021-03-17,598,43,732,-177,163403,116716,7162,39525
2021-03-18,659,67,948,-356,164062,117664,7229,39169
2021-03-19,611,48,842,-279,164673,118506,7277,38890
2021-03-20,221,9,302,-90,164894,118808,7286,38800
2021-03-21,102,4,102,-4,164996,118910,7290,38796
2021-03-22,740,21,1713,-994,165736,120623,7311,37802
2021-03-23,734,23,1095,-384,166470,121718,7334,37418
2021-03-24,403,27,1156,-780,166873,122874,7361,36638
2021-03-25,438,18,568,-148,167311,123442,7379,36490
2021-03-26,267,8,545,-286,167578,123987,7387,36204
2021-03-27,141,9,87,45,167719,124074,7396,36249
2021-03-28,101,1,1,99,167820,124075,7397,36348
2021-03-29,390,37,870,-517,168210,124945,7434,35831
2021-03-30,650,17,1108,-475,168860,126053,7451,35356
2021-03-31,497,10,657,-170,169357,126710,7461,35186
2021-04-01,670,14,812,-156,170027,127522,7475,35030
2021-04-02,235,10,138,87,170262,127660,7485,35117
2021-04-03,270,3,80,187,170532,127740,7488,35304
2021-04-04,198,46,13,139,170730,127753,7534,35443
2021-04-05,499,51,2016,-1568,171229,129769,7585,33875
2021-04-06,594,3,804,-213,171823,130573,7588,33662
2021-04-07,535,9,2274,-1748,172358,132847,7597,31914
2021-04-08,798,38,2682,-1922,173156,135529,7635,29992
2021-04-09,570,27,2752,-2209,173726,138281,7662,27783
2021-04-10,281,0,292,-11,174007,138573,7662,27772
2021-04-11,206,22,359,-175,174213,138932,7684,27597
2021-04-12,741,14,1253,-526,174954,140185,7698,27071
2021-04-13,860,15,2018,-1173,175814,142203,7713,25898
2021-04-14,717,21,1745,-1049,176531,143948,7734,24849
2021-04-15,840,36,2096,-1292,177371,146044,7770,23557
2021-04-16,669,28,1851,-1210,178040,147895,7798,22347
2021-04-17,520,2,1782,-1264,178560,149677,7800,21083
2021-04-18,398,8,1334,-944,178958,151011,7808,20139
2021-04-19,683,16,1848,-1181,179641,152859,7824,18958
2021-04-20,686,68,2312,-1694,180327,155171,7892,17264
2021-04-21,675,81,2042,-1448,181002,157213,7973,15816
2021-04-22,605,37,1655,-1087,181607,158868,8010,14729
2021-04-23,376,45,1531,-1200,181983,160399,8055,13529
2021-04-24,319,54,615,-350,182302,161014,8109,13179
2021-04-25,247,0,310,-63,182549,161324,8109,13116
2021-04-26,646,53,488,105,183195,161812,8162,13221
2021-04-27,356,41,635,-320,183551,162447,8203,12901
2021-04-28,227,57,635,-465,183778,163082,8260,12436
2021-04-29,585,74,1411,-900,184363,164493,8334,11536
2021-04-30,405,73,939,-607,184768,165432,8407,10929
2021-05-01,202,20,231,-49,184970,165663,8427,10880
2021-05-02,178,18,80,80,185148,165743,8445,10960
2021-05-03,540,32,598,-90,185688,166341,8477,10870
2021-05-04,382,27,659,-304,186070,167000,8504,10566
2021-05-05,544,59,586,-101,186614,167586,8563,10465
2021-05-06,372,13,403,-44,186986,167989,8576,10421
2021-05-07,535,12,763,-240,187521,168752,8588,10181
2021-05-08,138,54,408,-324,187659,169160,8642,9857
2021-05-09,139,41,445,-347,187798,169605,8683,9510
2021-05-10,857,76,739,42,188655,170344,8759,9552
2021-05-11,546,80,773,-307,189201,171117,8839,9245
2021-05-12,116,24,289,-197,189317,171406,8863,9048
2021-05-13,480,2,1143,-665,189797,172549,8865,8383
2021-05-14,165,21,442,-298,189962,172991,8886,8085
2021-05-15,251,35,425,-209,190213,173416,8921,7876
2021-05-16,349,16,392,-59,190562,173808,8937,7817
2021-05-17,689,43,899,-253,191251,174707,8980,7564
2021-05-18,575,16,631,-72,191826,175338,8996,7492
2021-05-19,415,53,182,180,192241,175520,9049,7672
2021-05-20,576,68,422,86,192817,175942,9117,7758
2021-05-21,672,44,159,469,193489,176101,9161,8227
2021-05-22,514,32,117,365,194003,176218,9193,8592
2021-05-23,367,21,254,92,194370,176472,9214,8684
2021-05-24,933,14,877,42,195303,177349,9228,8726
2021-05-25,712,28,332,352,196015,177681,9256,9078
2021-05-26,550,23,247,280,196565,177928,9279,9358
2021-05-27,713,5,237,471,197278,178165,9284,9829
2021-05-28,686,46,631,9,197964,178796,9330,9838
2021-05-29,1079,21,651,407,199043,179447,9351,10245
2021-05-30,1019,9,271,739,200062,179718,9360,10984
2021-05-31,921,22,574,325,200983,180292,9382,11309
2021-06-01,866,23,121,722,201849,180413,9405,12031
2021-06-02,803,42,160,601,202652,180573,9447,12632
2021-06-03,747,29,452,266,203399,181025,9476,12898
2021-06-04,955,53,572,330,204354,181597,9529,13228
2021-06-05,1090,19,116,955,205444,181713,9548,14183
2021-06-06,886,41,395,450,206330,182108,9589,14633
2021-06-07,1596,28,1217,351,207926,183325,9617,14984
2021-06-08,1606,33,677,896,209532,184002,9650,15880
2021-06-09,1588,16,938,634,211120,184940,9666,16514
2021-06-10,1718,60,592,1066,212838,185532,9726,17580
2021-06-11,1235,37,814,384,214073,186346,9763,17964
2021-06-12,1036,39,181,816,215109,186527,9802,18780
2021-06-13,2686,9,172,2505,217795,186699,9811,21285
2021-06-14,1849,57,663,1129,219644,187362,9868,22414
2021-06-15,2191,20,886,1285,221835,188248,9888,23699
2021-06-16,1823,23,576,1224,223658,188824,9911,24923
2021-06-17,1913,59,991,863,225571,189815,9970,25786
2021-06-18,1635,53,772,810,227206,190587,10023,26596
2021-06-19,2094,40,242,1812,229300,190829,10063,28408
2021-06-20,1955,89,160,1706,231255,190989,10152,30114
2021-06-21,3392,48,2203,1141,234647,193192,10200,31255
2021-06-22,2416,75,1652,689,237063,194844,10275,31944
2021-06-23,2329,53,2026,250,239392,196870,10328,32194
2021-06-24,3058,81,2252,725,242450,199122,10409,32919
2021-06-25,1646,119,1938,-411,244096,201060,10528,32508
2021-06-26,1886,59,574,1253,245982,201634,10587,33761
2021-06-27,1813,97,443,1273,247795,202077,10684,35034
2021-06-28,1809,72,1563,174,249604,203640,10756,35208
2021-06-29,2924,94,1517,1313,252528,205157,10850,36521
2021-06-30,2531,85,1966,480,255059,207123,10935,37001
2021-07-01,2779,180,1727,872,257838,208850,11115,37873
2021-07-02,2702,220,1193,1289,260540,210043,11335,39162
2021-07-03,3440,235,1498,1707,263980,211541,11570,40869
2021-07-04,3049,93,997,1959,267029,212538,11663,42828
2021-07-05,3378,140,1580,1658,270407,214118,11803,44486
2021-07-06,3840,230,1732,1878,274247,215850,12033,46364
2021-07-07,3945,368,2772,805,278192,218622,12401,47169
2021-07-08,4225,247,2258,1720,282417,220880,12648,48889
2021-07-09,4606,200,3044,1362,287023,223924,12848,50251
2021-07-10,3757,163,1540,2054,290780,225464,13011,52305
2021-07-11,2349,157,2522,-330,293129,227986,13168,51975
2021-07-12,2874,197,2669,8,296003,230655,13365,51983
2021-07-13,3375,171,2405,799,299378,233060,13536,52782
2021-07-14,4942,246,2729,1967,304320,235789,13782,54749
2021-07-15,4294,248,2223,1823,308614,238012,14030,56572
2021-07-16,4233,271,2744,1218,312847,240756,14301,57790
2021-07-17,5019,250,1679,3090,317866,242435,14551,60880
2021-07-18,4513,179,3440,894,322379,245875,14730,61774
2021-07-19,4115,272,3648,195,326494,249523,15002,61969
2021-07-20,3421,269,4082,-930,329915,253605,15271,61039
2021-07-21,4296,385,3949,-38,334211,257554,15656,61001
2021-07-22,5392,379,6001,-988,339603,263555,16035,60013
2021-07-23,4415,438,3919,58,344018,267474,16473,60071
2021-07-24,5451,332,3967,1152,349469,271441,16805,61223
2021-07-25,5656,264,3368,2024,355125,274809,17069,63247
2021-07-26,3985,295,4701,-1011,359110,279510,17364,62236
2021-07-27,5074,413,4623,38,364184,284133,17777,62274
2021-07-28,6638,398,4467,1773,370822,288600,18175,64047
2021-07-29,4210,545,6003,-2338,375032,294603,18720,61709
2021-07-30,4444,345,4657,-558,379476,299260,19065,61151
2021-07-31,4716,325,4478,-87,384192,303738,19390,61064
2021-08-01,4034,420,4355,-741,388226,308093,19810,60323
2021-08-02,2665,296,3277,-908,390891,311370,20106,59415
2021-08-03,4118,384,3820,-86,395009,315190,20490,59329
2021-08-04,3913,537,5977,-2601,398922,321167,21027,56728
2021-08-05,4067,498,7646,-4077,402989,328813,21525,52651
2021-08-06,2750,440,7977,-5667,405739,336790,21965,46984
2021-08-07,4682,386,4847,-551,410421,341637,22351,46433
2021-08-08,4692,263,5358,-929,415113,346995,22614,45504
2021-08-09,4197,411,6416,-2630,419310,353411,23025,42874
2021-08-10,4564,492,6038,-1966,423874,359449,23517,40908
2021-08-11,4981,347,6951,-2317,428855,366400,23864,38591
2021-08-12,5300,401,7617,-2718,434155,374017,24265,35873
2021-08-13,4220,472,3656,92,438375,377673,24737,35965
2021-08-14,4560,381,5217,-1038,442935,382890,25118,34927
2021-08-15,4142,312,4112,-282,447077,387002,25430,34645
2021-08-16,3801,373,3975,-547,450878,390977,25803,34098
2021-08-17,3264,306,4792,-1834,454142,395769,26109,32264
2021-08-18,3074,292,3949,-1167,457216,399718,26401,31097
2021-08-19,1438,402,1766,-730,458654,401484,26803,30367
2021-08-20,1439,348,1415,-324,460093,402899,27151,30043
2021-08-21,1244,315,1551,-622,461337,404450,27466,29421
2021-08-22,824,317,1389,-882,462161,405839,27783,28539
2021-08-23,799,97,984,-282,462960,406823,27880,28257
2021-08-24,1247,116,940,191,464207,407763,27996,28448
2021-08-25,818,106,1525,-813,465025,409288,28102,27635
2021-08-26,812,76,1208,-472,465837,410496,28178,27163
2021-08-27,1068,48,1043,-23,466905,411539,28226,27140
2021-08-28,750,55,683,12,467655,412222,28281,27152
2021-08-29,518,39,1267,-788,468173,413489,28320,26364
2021-08-30,509,43,940,-474,468682,414429,28363,25890
2021-08-31,637,31,1100,-494,469319,415529,28394,25396
2021-09-01,959,164,1137,-342,470278,416666,28558,25054
2021-09-02,1134,206,5035,-4107,471412,421701,28764,20947
2021-09-03,727,122,1355,-750,472139,423056,28886,20197
2021-09-04,512,73,490,-51,472651,423546,28959,20146
2021-09-05,625,90,1078,-543,473276,424624,29049,19603
2021-09-06,751,72,1001,-322,474027,425625,29121,19281
2021-09-07,964,116,1114,-266,474991,426739,29237,19015
2021-09-08,710,145,1015,-450,475701,427754,29382,18565
2021-09-09,534,78,668,-212,476235,428422,29460,18353
2021-09-10,505,47,638,-180,476740,429060,29507,18173
2021-09-11,295,31,370,-106,477035,429430,29538,18067
2021-09-12,168,14,2004,-1850,477203,431434,29552,16217
2021-09-13,353,35,2013,-1695,477556,433447,29587,14522
2021-09-14,339,48,2135,-1844,477895,435582,29635,12678
2021-09-15,332,39,1932,-1639,478227,437514,29674,11039
2021-09-16,293,42,1913,-1662,478520,439427,29716,9377
2021-09-17,265,41,1924,-1700,478785,441351,29757,7677
2021-09-18,298,37,1318,-1057,479083,442669,29794,6620
2021-09-19,219,11,1403,-1195,479302,444072,29805,5425
2021-09-20,332,19,1927,-1614,479634,445999,29824,3811
2021-09-21,245,23,333,-111,479879,446332,29847,3700
2021-09-22,190,14,267,-91,480069,446599,29861,3609
2021-09-23,333,16,249,68,480402,446848,29877,3677
2021-09-24,286,16,229,41,480688,447077,29893,3718
2021-09-25,309,11,210,88,480997,447287,29904,3806
2021-09-26,176,3,187,-14,481173,447474,29907,3792
2021-09-27,185,12,247,-74,481358,447721,29919,3718
2021-09-28,308,20,294,-6,481666,448015,29939,3712
2021-09-29,199,12,294,-107,481865,448309,29951,3605
2021-09-30,144,28,283,-167,482009,448592,29979,3438
2021-10-01,107,15,216,-124,482116,448808,29994,3314
2021-10-02,105,8,119,-22,482221,448927,30002,3292
2021-10-03,46,5,204,-163,482267,449131,30007,3129
2021-10-04,86,7,378,-299,482353,449509,30014,2830
2021-10-05,91,14,169,-92,482444,449678,30028,2738
2021-10-06,166,9,151,6,482610,449829,30037,2744
2021-10-07,159,8,145,6,482769,449974,30045,2750
2021-10-08,144,10,137,-3,482913,450111,30055,2747
2021-10-09,145,6,95,44,483058,450206,30061,2791
2021-10-10,83,5,80,-2,483141,450286,30066,2789
2021-10-11,97,15,160,-78,483238,450446,30081,2711
2021-10-12,150,7,138,5,483388,450584,30088,2716
2021-10-13,116,9,627,-520,483504,451211,30097,2196
2021-10-14,156,7,140,9,483660,451351,30104,2205
2021-10-15,86,4,130,-48,483746,451481,30108,2157
2021-10-16,114,9,83,22,483860,451564,30117,2179
2021-10-17,87,2,101,-16,483947,451665,30119,2163
2021-10-18,63,9,208,-154,484010,451873,30128,2009
2021-10-19,99,9,117,-27,484109,451990,30137,1982
2021-10-20,83,2,63,18,484192,452053,30139,2000
2021-10-21,88,15,122,-49,484280,452175,30154,1951
2021-10-22,89,8,158,-77,484369,452333,30162,1874
2021-10-23,150,2,120,28,484519,452453,30164,1902
2021-10-24,57,5,142,-90,484576,452595,30169,1812
2021-10-25,44,10,120,-86,484620,452715,30179,1726
2021-10-26,91,8,108,-25,484711,452823,30187,1701
2021-10-27,118,7,84,27,484829,452907,30194,1728
2021-10-28,88,6,77,5,484917,452984,30200,1733
2021-10-29,73,8,106,-41,484990,453090,30208,1692
2021-10-30,65,5,63,-3,485055,453153,30213,1689
2021-10-31,54,4,50,0,485109,453203,30217,1689
2021-11-01,65,7,104,-46,485174,453307,30224,1643
2021-11-02,65,7,102,-44,485239,453409,30231,1599
2021-11-03,80,1,79,0,485319,453488,30232,1599
2021-11-04,52,3,227,-178,485371,453715,30235,1421
2021-11-05,57,5,83,-31,485428,453798,30240,1390
2021-11-06,51,3,40,8,485479,453838,30243,1398
2021-11-07,37,1,35,1,485516,453873,30244,1399
2021-11-08,23,4,79,-60,485539,453952,30248,1339
2021-11-09,39,4,76,-41,485578,454028,30252,1298
2021-11-10,58,0,73,-15,485636,454101,30252,1283
2021-11-11,73,4,81,-12,485709,454182,30256,1271
2021-11-12,47,3,42,2,485756,454224,30259,1273
2021-11-13,42,3,19,20,485798,454243,30262,1293
2021-11-14,30,2,39,-11,485828,454282,30264,1282
2021-11-15,27,4,59,-36,485855,454341,30268,1246
2021-11-16,26,4,102,-80,485881,454443,30272,1166
2021-11-17,38,4,53,-19,485919,454496,30276,1147
2021-11-18,25,2,67,-44,485944,454563,30278,1103
2021-11-19,34,0,33,1,485978,454596,30278,1104
2021-11-20,55,5,33,17,486033,454629,30283,1121
2021-11-21,20,2,28,-10,486053,454657,30285,1111
2021-11-22,14,0,49,-35,486067,454706,30285,1076
2021-11-23,40,3,50,-13,486107,454756,30288,1063
2021-11-24,53,2,25,26,486160,454781,30290,1089
2021-11-25,45,8,64,-27,486205,454845,30298,1062
2021-11-26,43,3,22,18,486248,454867,30301,1080
2021-11-27,48,3,32,13,486296,454899,30304,1093
2021-11-28,33,0,26,7,486329,454925,30304,1100
2021-11-29,20,4,46,-30,486349,454971,30308,1070
2021-11-30,35,1,28,6,486384,454999,30309,1076
2021-12-01,20,5,14,1,486404,455013,30314,1077
2021-12-02,30,4,35,-9,486434,455048,30318,1068
2021-12-03,23,2,35,-14,486457,455083,30320,1054
2021-12-04,36,0,21,15,486493,455104,30320,1069
2021-12-05,12,1,38,-27,486505,455142,30321,1042
2021-12-06,8,0,49,-41,486513,455191,30321,1001
2021-12-07,17,3,38,-24,486530,455229,30324,977
2021-12-08,36,6,52,-22,486566,455281,30330,955
2021-12-09,16,3,43,-30,486582,455324,30333,925
2021-12-10,19,1,43,-25,486601,455367,30334,900
2021-12-11,18,3,8,7,486619,455375,30337,907
2021-12-12,10,0,28,-18,486629,455403,30337,889
2021-12-13,12,4,31,-23,486641,455434,30341,866
2021-12-14,16,1,35,-20,486657,455469,30342,846
2021-12-15,29,5,34,-10,486686,455503,30347,836
2021-12-16,23,2,31,-10,486709,455534,30349,826
2021-12-17,21,1,20,0,486730,455554,30350,826
2021-12-18,17,1,11,5,486747,455565,30351,831
2021-12-19,5,0,5,0,486752,455570,30351,831
2021-12-20,7,2,37,-32,486759,455607,30353,799
2021-12-21,25,3,11,11,486784,455618,30356,810
2021-12-22,17,2,29,-14,486801,455647,30358,796
2021-12-23,22,5,27,-10,486823,455674,30363,786
2021-12-24,13,2,15,-4,486836,455689,30365,782
2021-12-25,18,2,8,8,486854,455697,30367,790
2021-12-26,4,0,12,-8,486858,455709,30367,782
2021-12-27,8,4,11,-7,486866,455720,30371,775
2021-12-28,15,0,12,3,486881,455732,30371,778
2021-12-29,8,2,11,-5,486889,455743,30373,773
2021-12-30,17,1,33,-17,486906,455776,30374,756
2021-12-31,9,0,8,1,486915,455784,30374,757
2022-01-01,6,0,8,-2,486921,455792,30374,755
2022-01-02,4,0,6,-2,486925,455798,30374,753
2022-01-03,8,0,13,-5,486933,455811,30374,748
2022-01-04,10,1,18,-9,486943,455829,30375,739
2022-01-05,24,0,5,19,486967,455834,30375,758
2022-01-06,10,2,14,-6,486977,455848,30377,752
2022-01-07,28,1,11,16,487005,455859,30378,768
2022-01-08,9,1,15,-7,487014,455874,30379,761
2022-01-09,8,0,6,2,487022,455880,30379,763
2022-01-10,9,1,14,-6,487031,455894,30380,757
2022-01-11,11,0,7,4,487042,455901,30380,761
2022-01-12,21,0,8,13,487063,455909,30380,774
2022-01-13,19,2,8,9,487082,455917,30382,783
2022-01-14,10,1,5,4,487092,455922,30383,787
2022-01-15,5,0,5,0,487097,455927,30383,787
2022-01-16,16,1,6,9,487113,455933,30384,796
2022-01-17,5,1,7,-3,487118,455940,30385,793
2022-01-18,17,1,33,-17,487135,455973,30386,776
2022-01-19,29,1,19,9,487164,455992,30387,785
2022-01-20,31,3,12,16,487195,456004,30390,801
2022-01-21,24,1,10,13,487219,456014,30391,814
2022-01-22,43,0,7,36,487262,456021,30391,850
2022-01-23,40,1,15,24,487302,456036,30392,874
2022-01-24,21,3,11,7,487323,456047,30395,881
2022-01-25,85,0,21,64,487408,456068,30395,945
2022-01-26,111,1,12,98,487519,456080,30396,1043
2022-01-27,136,2,23,111,487655,456103,30398,1154
2022-01-28,161,0,21,140,487816,456124,30398,1294
2022-01-29,228,0,21,207,488044,456145,30398,1501
2022-01-30,202,2,16,184,488246,456161,30400,1685
2022-01-31,195,0,30,165,488441,456191,30400,1850
2022-02-01,331,3,47,281,488772,456238,30403,2131
2022-02-02,387,4,66,317,489159,456304,30407,2448
2022-02-03,610,4,99,507,489769,456403,30411,2955
2022-02-04,830,4,109,717,490599,456512,30415,3672
2022-02-05,1028,3,83,942,491627,456595,30418,4614
2022-02-06,1159,2,106,1051,492786,456701,30420,5665
2022-02-07,888,10,182,696,493674,456883,30430,6361
2022-02-08,1415,8,254,1153,495089,457137,30438,7514
2022-02-09,2004,6,356,1642,497093,457493,30444,9156
2022-02-10,2386,9,395,1982,499479,457888,30453,11138
2022-02-11,2650,12,695,1943,502129,458583,30465,13081
2022-02-12,3099,19,721,2359,505228,459304,30484,15440
2022-02-13,3250,12,896,2342,508478,460200,30496,17782
2022-02-14,2365,22,1129,1214,510843,461329,30518,18996
2022-02-15,3514,21,1208,2285,514357,462537,30539,21281
2022-02-16,4991,23,1782,3186,519348,464319,30562,24467
2022-02-17,4671,32,1618,3021,524019,465937,30594,27488
2022-02-18,5903,48,1819,4036,529922,467756,30642,31524
2022-02-19,5225,26,1421,3778,535147,469177,30668,35302
2022-02-20,4282,20,2152,2110,539429,471329,30688,37412
2022-02-21,3438,37,2814,587,542867,474143,30725,37999
2022-02-22,4219,64,3273,882,547086,477416,30789,38881
2022-02-23,5418,52,3248,2118,552504,480664,30841,40999
2022-02-24,6021,48,3183,2790,558525,483847,30889,43789
2022-02-25,4927,67,3652,1208,563452,487499,30956,44997
2022-02-26,5624,67,2801,2756,569076,490300,31023,47753
2022-02-27,4541,46,3806,689,573617,494106,31069,48442
2022-02-28,2904,32,4362,-1490,576521,498468,31101,46952
2022-03-01,2340,65,4535,-2260,578861,503003,31166,44692
2022-03-02,3890,100,5114,-1324,582751,508117,31266,43368
2022-03-03,3243,45,2895,303,585994,511012,31311,43671
2022-03-04,3324,96,4404,-1176,589318,515416,31407,42495
2022-03-05,1482,98,2317,-933,590800,517733,31505,41562
2022-03-06,2539,43,4966,-2470,593339,522699,31548,39092
2022-03-07,4154,63,4188,-97,597493,526887,31611,38995
2022-03-08,2682,136,5110,-2564,600175,531997,31747,36431
2022-03-09,3126,87,4243,-1204,603301,536240,31834,35227
2022-03-10,2642,91,4092,-1541,605943,540332,31925,33686
2022-03-11,1720,93,3076,-1449,607663,543408,32018,32237
2022-03-12,1275,60,2363,-1148,608938,545771,32078,31089
2022-03-13,1114,40,2083,-1009,610052,547854,32118,30080
2022-03-14,927,63,3243,-2379,610979,551097,32181,27701
2022-03-15,1581,90,3156,-1665,612560,554253,32271,26036
2022-03-16,1776,63,2092,-379,614336,556345,32334,25657
2022-03-17,1449,60,2565,-1176,615785,558910,32394,24481
2022-03-18,1040,53,2221,-1234,616825,561131,32447,23247
2022-03-19,901,49,1407,-555,617726,562538,32496,22692
2022-03-20,658,45,1477,-864,618384,564015,32541,21828
2022-03-21,661,42,1648,-1029,619045,565663,32583,20799
2022-03-22,828,47,1817,-1036,619873,567480,32630,19763
2022-03-23,750,38,1237,-525,620623,568717,32668,19238
2022-03-24,625,40,1425,-840,621248,570142,32708,18398
2022-03-25,501,32,1112,-643,621749,571254,32740,17755
2022-03-26,374,30,740,-396,622123,571994,32770,17359
2022-03-27,261,33,578,-350,622384,572572,32803,17009
2022-03-28,235,30,613,-408,622619,573185,32833,16601
2022-03-29,329,23,729,-423,622948,573914,32856,16178
2022-03-30,446,34,762,-350,623394,574676,32890,15828
2022-03-31,461,13,669,-221,623855,575345,32903,15607
2022-04-01,281,16,513,-248,624136,575858,32919,15359
2022-04-02,214,16,429,-231,624350,576287,32935,15128
2022-04-03,110,3,272,-165,624460,576559,32938,14963
2022-04-04,149,4,992,-847,624609,577551,32942,14116
2022-04-05,288,14,1218,-944,624897,578769,32956,13172
2022-04-06,295,11,568,-284,625192,579337,32967,12888
2022-04-07,183,9,654,-480,625375,579991,32976,12408
2022-04-08,149,8,403,-262,625524,580394,32984,12146
2022-04-09,104,10,186,-92,625628,580580,32994,12054
2022-04-10,59,5,277,-223,625687,580857,32999,11831
2022-04-11,126,7,412,-293,625813,581269,33006,11538
2022-04-12,179,9,351,-181,625992,581620,33015,11357
2022-04-13,89,10,226,-147,626081,581846,33025,11210
2022-04-14,92,12,311,-231,626173,582157,33037,10979
2022-04-15,80,10,612,-542,626253,582769,33047,10437
2022-04-16,53,7,566,-520,626306,583335,33054,9917
2022-04-17,36,5,200,-169,626342,583535,33059,9748
2022-04-18,49,7,477,-435,626391,584012,33066,9313
2022-04-19,72,9,376,-313,626463,584388,33075,9000
2022-04-20,57,0,236,-179,626520,584624,33075,8821
2022-04-21,42,10,4910,-4878,626562,589534,33085,3943
2022-04-22,108,12,999,-903,626670,590533,33097,3040
2022-04-23,32,12,319,-299,626702,590852,33109,2741
2022-04-24,16,9,222,-215,626718,591074,33118,2526
2022-04-25,25,9,321,-305,626743,591395,33127,2221
2022-04-26,27,9,78,-60,626770,591473,33136,2161
2022-04-27,207,9,455,-257,626977,591928,33145,1904
2022-04-28,41,8,325,-292,627018,592253,33153,1612
2022-04-29,41,10,53,-22,627059,592306,33163,1590
2022-04-30,22,9,31,-18,627081,592337,33172,1572
2022-05-01,10,7,22,-19,627091,592359,33179,1553
2022-05-02,9,5,17,-13,627100,592376,33184,1540
2022-05-03,3,10,16,-23,627103,592392,33194,1517
2022-05-04,10,10,18,-18,627113,592410,33204,1499
2022-05-05,16,12,25,-21,627129,592435,33216,1478
2022-05-06,18,12,25,-19,627147,592460,33228,1459
2022-05-07,17,7,23,-13,627164,592483,33235,1446
2022-05-08,19,6,29,-16,627183,592512,33241,1430
2022-05-09,17,6,39,-28,627200,592551,33247,1402
2022-05-10,34,2,42,-10,627234,592593,33249,1392
2022-05-11,26,5,384,-363,627260,592977,33254,1029
2022-05-12,32,5,78,-51,627292,593055,33259,978
2022-05-13,21,2,92,-73,627313,593147,33261,905
2022-05-14,24,0,119,-95,627337,593266,33261,810
2022-05-15,8,0,7,1,627345,593273,33261,811
2022-05-16,19,0,21,-2,627364,593294,33261,809
2022-05-17,38,2,42,-6,627402,593336,33263,803
2022-05-18,32,4,214,-186,627434,593550,33267,617
2022-05-19,31,4,213,-186,627465,593763,33271,431
2022-05-20,18,2,22,-6,627483,593785,33273,425
2022-05-21,21,1,12,8,627504,593797,33274,433
2022-05-22,10,0,14,-4,627514,593811,33274,429
2022-05-23,8,3,16,-11,627522,593827,33277,418
2022-05-24,12,2,22,-12,627534,593849,33279,406
2022-05-25,22,0,17,5,627556,593866,33279,411
2022-05-26,15,0,25,-10,627571,593891,33279,401
2022-05-27,5,3,8,-6,627576,593899,33282,395
2022-05-28,8,0,17,-9,627584,593916,33282,386
2022-05-29,8,0,2,6,627592,593918,33282,392
2022-05-30,12,0,19,-7,627604,593937,33282,385
2022-05-31,15,1,12,2,627619,593949,33283,387
2022-06-01,12,1,5,6,627631,593954,33284,393
2022-06-02,10,2,13,-5,627641,593967,33286,388
2022-06-03,20,3,62,-45,627661,594029,33289,343
2022-06-04,17,1,10,6,627678,594039,33290,349
2022-06-05,13,2,13,-2,627691,594052,33292,347
2022-06-06,22,0,8,14,627713,594060,33292,361
2022-06-07,12,1,18,-7,627725,594078,33293,354
2022-06-08,3,1,4,-2,627728,594082,33294,352
2022-06-09,11,2,10,-1,627739,594092,33296,351
2022-06-10,13,2,7,4,627752,594099,33298,355
2022-06-11,4,0,7,-3,627756,594106,33298,352
2022-06-12,14,0,6,8,627770,594112,33298,360
2022-06-13,10,3,16,-9,627780,594128,33301,351
2022-06-14,7,1,14,-8,627787,594142,33302,343
2022-06-15,15,0,9,6,627802,594151,33302,349
2022-06-16,9,0,18,-9,627811,594169,33302,340
2022-06-17,32,0,10,22,627843,594179,33302,362
2022-06-18,27,2,4,21,627870,594183,33304,383
2022-06-19,17,1,6,10,627887,594189,33305,393
2022-06-20,20,0,9,11,627907,594198,33305,404
2022-06-21,21,1,21,-1,627928,594219,33306,403
2022-06-22,41,1,13,27,627969,594232,33307,430
2022-06-23,42,1,8,33,628011,594240,33308,463
2022-06-24,24,1,10,13,628035,594250,33309,476
2022-06-25,28,1,11,16,628063,594261,33310,492
2022-06-26,27,1,7,19,628090,594268,33311,511
2022-06-27,23,0,22,1,628113,594290,33311,512
2022-06-28,20,1,36,-17,628133,594326,33312,495
2022-06-29,53,0,37,16,628186,594363,33312,511
2022-06-30,32,0,20,12,628218,594383,33312,523
2022-07-01,27,1,25,1,628245,594408,33313,524
2022-07-02,31,0,43,-12,628276,594451,33313,512
2022-07-03,32,0,10,22,628308,594461,33313,534
2022-07-04,47,0,17,30,628355,594478,33313,564
2022-07-05,38,2,27,9,628393,594505,33315,573
2022-07-06,49,0,9,40,628442,594514,33315,613
2022-07-07,54,0,28,26,628496,594542,33315,639
2022-07-08,44,2,48,-6,628540,594590,33317,633
2022-07-09,60,0,17,43,628600,594607,33317,676
2022-07-10,36,0,16,20,628636,594623,33317,696
2022-07-11,31,0,60,-29,628667,594683,33317,667
2022-07-12,57,0,32,25,628724,594715,33317,692
2022-07-13,77,3,39,35,628801,594754,33320,727
2022-07-14,85,3,56,26,628886,594810,33323,753
2022-07-15,86,1,37,48,628972,594847,33324,801
2022-07-16,75,0,11,64,629047,594858,33324,865
2022-07-17,65,3,16,46,629112,594874,33327,911
2022-07-18,77,3,44,30,629189,594918,33330,941
2022-07-19,92,0,39,53,629281,594957,33330,994
2022-07-20,98,0,138,-40,629379,595095,33330,954
2022-07-21,89,1,32,56,629468,595127,33331,1010
2022-07-22,102,3,60,39,629570,595187,33334,1049
2022-07-23,94,3,25,66,629664,595212,33337,1115
2022-07-24,76,0,39,37,629740,595251,33337,1152
2022-07-25,61,1,81,-21,629801,595332,33338,1131
2022-07-26,120,1,128,-9,629921,595460,33339,1122
2022-07-27,116,0,86,30,630037,595546,33339,1152
2022-07-28,138,2,88,48,630175,595634,33341,1200
2022-07-29,93,0,82,11,630268,595716,33341,1211
2022-07-30,155,2,27,126,630423,595743,33343,1337
2022-07-31,100,0,46,54,630523,595789,33343,1391
2022-08-01,70,2,127,-59,630593,595916,33345,1332
2022-08-02,140,4,88,48,630733,596004,33349,1380
2022-08-03,114,3,121,-10,630847,596125,33352,1370
2022-08-04,93,0,86,7,630940,596211,33352,1377
2022-08-05,321,4,68,249,631261,596279,33356,1626
2022-08-06,147,1,60,86,631408,596339,33357,1712
2022-08-07,70,0,94,-24,631478,596433,33357,1688
2022-08-08,170,3,133,34,631648,596566,33360,1722
2022-08-09,143,3,103,37,631791,596669,33363,1759
2022-08-10,181,2,107,72,631972,596776,33365,1831
2022-08-11,115,3,131,-19,632087,596907,33368,1812
2022-08-12,238,3,114,121,632325,597021,33371,1933
2022-08-13,94,4,95,-5,632419,597116,33375,1928
2022-08-14,185,3,35,147,632604,597151,33378,2075
2022-08-15,98,4,165,-71,632702,597316,33382,2004
2022-08-16,173,5,299,-131,632875,597615,33387,1873
2022-08-17,105,0,53,52,632980,597668,33387,1925
2022-08-18,145,4,122,19,633125,597790,33391,1944
2022-08-19,140,5,149,-14,633265,597939,33396,1930
2022-08-20,148,5,127,16,633413,598066,33401,1946
2022-08-21,170,6,35,129,633583,598101,33407,2075
2022-08-22,73,5,231,-163,633656,598332,33412,1912
2022-08-23,194,6,228,-40,633850,598560,33418,1872
2022-08-24,168,4,179,-15,634018,598739,33422,1857
2022-08-25,178,1,136,41,634196,598875,33423,1898
2022-08-26,154,4,138,12,634350,599013,33427,1910
2022-08-27,101,2,62,37,634451,599075,33429,1947
2022-08-28,149,0,20,129,634600,599095,33429,2076
2022-08-29,96,4,207,-115,634696,599302,33433,1961
2022-08-30,137,4,227,-94,634833,599529,33437,1867
2022-08-31,144,4,165,-25,634977,599694,33441,1842
2022-09-01,120,5,417,-302,635097,600111,33446,1540
2022-09-02,173,4,139,30,635270,600250,33450,1570
2022-09-03,94,3,100,-9,635364,600350,33453,1561
2022-09-04,131,3,77,51,635495,600427,33456,1612
2022-09-05,73,2,171,-100,635568,600598,33458,1512
2022-09-06,105,5,162,-62,635673,600760,33463,1450
2022-09-07,102,4,208,-110,635775,600968,33467,1340
2022-09-08,94,2,111,-19,635869,601079,33469,1321
2022-09-09,82,0,156,-74,635951,601235,33469,1247
2022-09-10,159,5,72,82,636110,601307,33474,1329
2022-09-11,68,2,73,-7,636178,601380,33476,1322
2022-09-12,0,2,112,-114,636178,601492,33478,1208
2022-09-13,0,0,2,-2,636178,601494,33478,1206
2022-09-14,123,2,10,111,636301,601504,33480,1317
2022-09-15,108,0,2,106,636409,601506,33480,1423
