tanggal,KASUS,MENINGGAL,SEMBUH,DIRAWAT_OR_ISOLASI,AKUMULASI_KASUS,AKUMULASI_SEMBUH,AKUMULASI_MENINGGAL,AKUMULASI_DIRAWAT_OR_ISOLASI
2020-03-03,1,0,0,1,1,0,0,1
2020-03-04,0,0,0,0,1,0,0,1
2020-03-05,1,0,0,1,2,0,0,2
2020-03-06,0,0,0,0,2,0,0,2
2020-03-07,0,0,0,0,2,0,0,2
2020-03-08,0,0,0,0,2,0,0,2
2020-03-09,0,0,0,0,2,0,0,2
2020-03-10,0,0,0,0,2,0,0,2
2020-03-11,0,1,0,-1,2,0,1,1
2020-03-12,1,0,0,1,3,0,1,2
2020-03-13,4,0,1,3,7,1,1,5
2020-03-14,0,0,0,0,7,1,1,5
2020-03-15,0,0,1,-1,7,2,1,4
2020-03-16,0,0,2,-2,7,4,1,2
2020-03-17,9,0,0,9,16,4,1,11
2020-03-18,3,1,2,0,19,6,2,11
2020-03-19,4,0,1,3,23,7,2,14
2020-03-20,14,2,0,12,37,7,4,26
2020-03-21,3,0,0,3,40,7,4,29
2020-03-22,3,3,1,-1,43,8,7,28
2020-03-23,4,1,0,3,47,8,8,31
2020-03-24,1,1,2,-2,48,10,9,29
2020-03-25,3,0,1,2,51,11,9,31
2020-03-26,4,1,0,3,55,11,10,34
2020-03-27,14,1,1,12,69,12,11,46
2020-03-28,15,3,1,11,84,13,14,57
2020-03-29,20,3,2,15,104,15,17,72
2020-03-30,15,2,3,10,119,18,19,82
2020-03-31,7,0,1,6,126,19,19,88
2020-04-01,13,1,2,10,139,21,20,98
2020-04-02,11,4,1,6,150,22,24,104
2020-04-03,2,1,2,-1,152,24,25,103
2020-04-04,16,4,1,11,168,25,29,114
2020-04-05,5,2,1,2,173,26,31,116
2020-04-06,7,3,4,0,180,30,34,116
2020-04-07,57,2,2,53,237,32,36,169
2020-04-08,16,5,3,8,253,35,41,177
2020-04-09,9,6,4,-1,262,39,47,176
2020-04-10,9,0,1,8,271,40,47,184
2020-04-11,23,2,3,18,294,43,49,202
2020-04-12,13,3,1,9,307,44,52,211
2020-04-13,44,3,1,40,351,45,55,251
2020-04-14,4,0,4,0,355,49,55,251
2020-04-15,23,0,2,21,378,51,55,272
2020-04-16,7,1,6,0,385,57,56,272
2020-04-17,38,2,14,22,423,71,58,294
2020-04-18,7,0,3,4,430,74,58,298
2020-04-19,41,1,11,29,471,85,59,327
2020-04-20,7,3,3,1,478,88,62,328
2020-04-21,8,6,18,-16,486,106,68,312
2020-04-22,4,1,3,0,490,109,69,312
2020-04-23,14,2,10,2,504,119,71,314
2020-04-24,63,2,2,59,567,121,73,373
2020-04-25,13,0,4,9,580,125,73,382
2020-04-26,5,0,2,3,585,127,73,385
2020-04-27,25,1,6,18,610,133,74,403
2020-04-28,1,1,6,-6,611,139,75,397
2020-04-29,18,0,9,9,629,148,75,406
2020-04-30,0,5,23,-28,629,171,80,378
2020-05-01,1,3,4,-6,630,175,83,372
2020-05-02,25,2,3,20,655,178,85,392
2020-05-03,6,1,2,3,661,180,86,395
2020-05-04,147,2,8,137,808,188,88,532
2020-05-05,32,1,4,27,840,192,89,559
2020-05-06,5,1,10,-6,845,202,90,553
2020-05-07,36,0,8,28,881,210,90,581
2020-05-08,485,2,4,479,1366,214,92,1060
2020-05-09,28,2,20,6,1394,234,94,1066
2020-05-10,3,0,3,0,1397,237,94,1066
2020-05-11,50,3,13,34,1447,250,97,1100
2020-05-12,37,0,9,28,1484,259,97,1128
2020-05-13,5,0,22,-17,1489,281,97,1111
2020-05-14,8,1,14,-7,1497,295,98,1104
2020-05-15,33,2,22,9,1530,317,100,1113
2020-05-16,12,0,9,3,1542,326,100,1116
2020-05-17,43,3,41,-1,1585,367,103,1115
2020-05-18,21,8,63,-50,1606,430,111,1065
2020-05-19,18,1,19,-2,1624,449,112,1063
2020-05-20,99,0,9,90,1723,458,112,1153
2020-05-21,55,1,13,41,1778,471,113,1194
2020-05-22,52,2,20,30,1830,491,115,1224
2020-05-23,53,0,7,46,1883,498,115,1270
2020-05-24,27,1,9,17,1910,507,116,1287
2020-05-25,13,0,6,7,1923,513,116,1294
2020-05-26,25,3,14,8,1948,527,119,1302
2020-05-27,28,5,39,-16,1976,566,124,1286
2020-05-28,29,0,21,8,2005,587,124,1294
2020-05-29,44,0,18,26,2049,605,124,1320
2020-05-30,26,0,8,18,2075,613,124,1338
2020-05-31,8,0,4,4,2083,617,124,1342
2020-06-01,6,0,1,5,2089,618,124,1347
2020-06-02,20,4,35,-19,2109,653,128,1328
2020-06-03,1,3,39,-41,2110,692,131,1287
2020-06-04,9,0,22,-13,2119,714,131,1274
2020-06-05,19,0,29,-10,2138,743,131,1264
2020-06-06,4,0,13,-9,2142,756,131,1255
2020-06-07,28,0,16,12,2170,772,131,1267
2020-06-08,21,3,66,-48,2191,838,134,1219
2020-06-09,20,0,11,9,2211,849,134,1228
2020-06-10,42,0,34,8,2253,883,134,1236
2020-06-11,32,0,23,9,2285,906,134,1245
2020-06-12,13,0,44,-31,2298,950,134,1214
2020-06-13,19,1,40,-22,2317,990,135,1192
2020-06-14,18,0,7,11,2335,997,135,1203
2020-06-15,32,1,9,22,2367,1006,136,1225
2020-06-16,20,0,22,-2,2387,1028,136,1223
2020-06-17,26,6,29,-9,2413,1057,142,1214
2020-06-18,44,0,13,31,2457,1070,142,1245
2020-06-19,48,0,35,13,2505,1105,142,1258
2020-06-20,13,1,6,6,2518,1111,143,1264
2020-06-21,23,0,4,19,2541,1115,143,1283
2020-06-22,22,0,25,-3,2563,1140,143,1280
2020-06-23,33,0,17,16,2596,1157,143,1296
2020-06-24,41,0,17,24,2637,1174,143,1320
2020-06-25,49,2,52,-5,2686,1226,145,1315
2020-06-26,32,1,97,-66,2718,1323,146,1249
2020-06-27,16,0,16,0,2734,1339,146,1249
2020-06-28,20,1,8,11,2754,1347,147,1260
2020-06-29,53,0,8,45,2807,1355,147,1305
2020-06-30,35,1,31,3,2842,1386,148,1308
2020-07-01,53,0,7,46,2895,1393,148,1354
2020-07-02,52,0,33,19,2947,1426,148,1373
2020-07-03,30,0,9,21,2977,1435,148,1394
2020-07-04,67,0,22,45,3044,1457,148,1439
2020-07-05,88,1,11,76,3132,1468,149,1515
2020-07-06,98,0,23,75,3230,1491,149,1590
2020-07-07,82,1,60,21,3312,1551,150,1611
2020-07-08,82,1,5,76,3394,1556,151,1687
2020-07-09,752,4,31,717,4146,1587,155,2404
2020-07-10,96,0,44,52,4242,1631,155,2456
2020-07-11,58,1,17,40,4300,1648,156,2496
2020-07-12,33,0,6,27,4333,1654,156,2523
2020-07-13,62,0,30,32,4395,1684,156,2555
2020-07-14,47,1,35,11,4442,1719,157,2566
2020-07-15,67,2,106,-41,4509,1825,159,2525
2020-07-16,43,0,24,19,4552,1849,159,2544
2020-07-17,49,2,38,9,4601,1887,161,2553
2020-07-18,54,1,19,34,4655,1906,162,2587
2020-07-19,21,0,4,17,4676,1910,162,2604
2020-07-20,51,0,51,0,4727,1961,162,2604
2020-07-21,52,2,44,6,4779,2005,164,2610
2020-07-22,40,0,22,18,4819,2027,164,2628
2020-07-23,42,1,41,0,4861,2068,165,2628
2020-07-24,76,2,16,58,4937,2084,167,2686
2020-07-25,56,0,28,28,4993,2112,167,2714
2020-07-26,48,0,21,27,5041,2133,167,2741
2020-07-27,48,1,331,-284,5089,2464,168,2457
2020-07-28,121,0,493,-372,5210,2957,168,2085
2020-07-29,97,2,51,44,5307,3008,170,2129
2020-07-30,99,3,268,-172,5406,3276,173,1957
2020-07-31,36,0,17,19,5442,3293,173,1976
2020-08-01,48,0,14,34,5490,3307,173,2010
2020-08-02,61,2,13,46,5551,3320,175,2056
2020-08-03,57,0,20,37,5608,3340,175,2093
2020-08-04,103,0,74,29,5711,3414,175,2122
2020-08-05,114,1,14,99,5825,3428,176,2221
2020-08-06,69,0,33,36,5894,3461,176,2257
2020-08-07,122,3,39,80,6016,3500,179,2337
2020-08-08,192,5,44,143,6208,3544,184,2480
2020-08-09,147,3,43,101,6355,3587,187,2581
2020-08-10,82,0,39,43,6437,3626,187,2624
2020-08-11,87,4,30,53,6524,3656,191,2677
2020-08-12,96,1,62,33,6620,3718,192,2710
2020-08-13,144,2,16,126,6764,3734,194,2836
2020-08-14,240,3,23,214,7004,3757,197,3050
2020-08-15,211,0,42,169,7215,3799,197,3219
2020-08-16,65,2,40,23,7280,3839,199,3242
2020-08-17,50,0,44,6,7330,3883,199,3248
2020-08-18,77,2,29,46,7407,3912,201,3294
2020-08-19,90,5,60,25,7497,3972,206,3319
2020-08-20,186,4,60,122,7683,4032,210,3441
2020-08-21,71,7,114,-50,7754,4146,217,3391
2020-08-22,148,2,100,46,7902,4246,219,3437
2020-08-23,59,2,406,-349,7961,4652,221,3088
2020-08-24,111,2,182,-73,8072,4834,223,3015
2020-08-25,221,2,43,176,8293,4877,225,3191
2020-08-26,145,0,44,101,8438,4921,225,3292
2020-08-27,150,1,98,51,8588,5019,226,3343
2020-08-28,459,3,84,372,9047,5103,229,3715
2020-08-29,234,1,32,201,9281,5135,230,3916
2020-08-30,80,1,24,55,9361,5159,231,3971
2020-08-31,140,11,99,30,9501,5258,242,4001
2020-09-01,223,1,61,161,9724,5319,243,4162
2020-09-02,154,3,127,24,9878,5446,246,4186
2020-09-03,180,4,58,118,10058,5504,250,4304
2020-09-04,328,2,87,239,10386,5591,252,4543
2020-09-05,188,0,58,130,10574,5649,252,4673
2020-09-06,88,1,48,39,10662,5697,253,4712
2020-09-07,170,5,121,44,10832,5818,258,4756
2020-09-08,273,5,76,192,11105,5894,263,4948
2020-09-09,254,7,69,178,11359,5963,270,5126
2020-09-10,311,1,16,294,11670,5979,271,5420
2020-09-11,228,2,80,146,11898,6059,273,5566
2020-09-12,253,3,301,-51,12151,6360,276,5515
2020-09-13,121,2,126,-7,12272,6486,278,5508
2020-09-14,169,3,176,-10,12441,6662,281,5498
2020-09-15,354,8,223,123,12795,6885,289,5621
2020-09-16,284,1,233,50,13079,7118,290,5671
2020-09-17,320,6,276,38,13399,7394,296,5709
2020-09-18,381,3,205,173,13780,7599,299,5882
2020-09-19,407,0,451,-44,14187,8050,299,5838
2020-09-20,378,7,386,-15,14565,8436,306,5823
2020-09-21,390,4,272,114,14955,8708,310,5937
2020-09-22,497,4,229,264,15452,8937,314,6201
2020-09-23,395,14,168,213,15847,9105,328,6414
2020-09-24,611,12,241,358,16458,9346,340,6772
2020-09-25,374,8,706,-340,16832,10052,348,6432
2020-09-26,335,10,362,-37,17167,10414,358,6395
2020-09-27,402,1,226,175,17569,10640,359,6570
2020-09-28,428,4,304,120,17997,10944,363,6690
2020-09-29,346,12,156,178,18343,11100,375,6868
2020-09-30,433,15,254,164,18776,11354,390,7032
2020-10-01,464,15,165,284,19240,11519,405,7316
2020-10-02,518,13,208,297,19758,11727,418,7613
2020-10-03,328,13,188,127,20086,11915,431,7740
2020-10-04,250,13,127,110,20336,12042,444,7850
2020-10-05,455,16,710,-271,20791,12752,460,7579
2020-10-06,466,16,215,235,21257,12967,476,7814
2020-10-07,631,17,372,242,21888,13339,493,8056
2020-10-08,500,5,271,224,22388,13610,498,8280
2020-10-09,419,1,394,24,22807,14004,499,8304
2020-10-10,226,5,303,-82,23033,14307,504,8222
2020-10-11,195,4,387,-196,23228,14694,508,8026
2020-10-12,223,7,316,-100,23451,15010,515,7926
2020-10-13,494,2,485,7,23945,15495,517,7933
2020-10-14,386,12,489,-115,24331,15984,529,7818
2020-10-15,472,9,300,163,24803,16284,538,7981
2020-10-16,380,1,366,13,25183,16650,539,7994
2020-10-17,390,3,428,-41,25573,17078,542,7953
2020-10-18,225,1,301,-77,25798,17379,543,7876
2020-10-19,439,4,312,123,26237,17691,547,7999
2020-10-20,387,8,209,170,26624,17900,555,8169
2020-10-21,492,11,332,149,27116,18232,566,8318
2020-10-22,601,6,174,421,27717,18406,572,8739
2020-10-23,399,2,275,122,28116,18681,574,8861
2020-10-24,324,3,492,-171,28440,19173,577,8690
2020-10-25,334,1,348,-15,28774,19521,578,8675
2020-10-26,378,13,328,37,29152,19849,591,8712
2020-10-27,335,15,558,-238,29487,20407,606,8474
2020-10-28,346,9,388,-51,29833,20795,615,8423
2020-10-29,338,1,346,-9,30171,21141,616,8414
2020-10-30,283,4,362,-83,30454,21503,620,8331
2020-10-31,365,3,296,66,30819,21799,623,8397
2020-11-01,199,2,481,-284,31018,22280,625,8113
2020-11-02,255,9,301,-55,31273,22581,634,8058
2020-11-03,414,3,327,84,31687,22908,637,8142
2020-11-04,457,3,206,248,32144,23114,640,8390
2020-11-05,531,4,319,208,32675,23433,644,8598
2020-11-06,505,2,357,146,33180,23790,646,8744
2020-11-07,364,2,365,-3,33544,24155,648,8741
2020-11-08,408,3,453,-48,33952,24608,651,8693
2020-11-09,266,4,664,-402,34218,25272,655,8291
2020-11-10,654,7,730,-83,34872,26002,662,8208
2020-11-11,541,3,353,185,35413,26355,665,8393
2020-11-12,650,20,479,151,36063,26834,685,8544
2020-11-13,649,9,320,320,36712,27154,694,8864
2020-11-14,702,4,342,356,37414,27496,698,9220
2020-11-15,360,2,700,-342,37774,28196,700,8878
2020-11-16,503,15,489,-1,38277,28685,715,8877
2020-11-17,710,23,686,1,38987,29371,738,8878
2020-11-18,417,3,685,-271,39404,30056,741,8607
2020-11-19,465,10,478,-23,39869,30534,751,8584
2020-11-20,824,3,149,672,40693,30683,754,9256
2020-11-21,387,5,512,-130,41080,31195,759,9126
2020-11-22,404,4,165,235,41484,31360,763,9361
2020-11-23,575,2,732,-159,42059,32092,765,9202
2020-11-24,405,7,411,-13,42464,32503,772,9189
2020-11-25,648,11,645,-8,43112,33148,783,9181
2020-11-26,676,7,754,-85,43788,33902,790,9096
2020-11-27,600,4,597,-1,44388,34499,794,9095
2020-11-28,401,5,817,-421,44789,35316,799,8674
2020-11-29,281,11,703,-433,45070,36019,810,8241
2020-11-30,407,12,683,-288,45477,36702,822,7953
2020-12-01,793,21,828,-56,46270,37530,843,7897
2020-12-02,594,8,318,268,46864,37848,851,8165
2020-12-03,1403,22,794,587,48267,38642,873,8752
2020-12-04,865,3,783,79,49132,39425,876,8831
2020-12-05,707,3,585,119,49839,40010,879,8950
2020-12-06,1091,10,1004,77,50930,41014,889,9027
2020-12-07,926,13,1002,-89,51856,42016,902,8938
2020-12-08,735,10,488,237,52591,42504,912,9175
2020-12-09,856,20,489,347,53447,42993,932,9522
2020-12-10,783,33,605,145,54230,43598,965,9667
2020-12-11,973,24,681,268,55203,44279,989,9935
2020-12-12,1040,7,724,309,56243,45003,996,10244
2020-12-13,708,8,382,318,56951,45385,1004,10562
2020-12-14,583,15,807,-239,57534,46192,1019,10323
2020-12-15,1135,15,999,121,58669,47191,1034,10444
2020-12-16,1183,11,831,341,59852,48022,1045,10785
2020-12-17,939,15,684,240,60791,48706,1060,11025
2020-12-18,1044,9,825,210,61835,49531,1069,11235
2020-12-19,712,3,703,6,62547,50234,1072,11241
2020-12-20,952,6,945,1,63499,51179,1078,11242
2020-12-21,693,5,693,-5,64192,51872,1083,11237
2020-12-22,866,7,593,266,65058,52465,1090,11503
2020-12-23,629,6,888,-265,65687,53353,1096,11238
2020-12-24,809,15,596,198,66496,53949,1111,11436
2020-12-25,975,4,518,453,67471,54467,1115,11889
2020-12-26,387,5,773,-391,67858,55240,1120,11498
2020-12-27,974,44,999,-69,68832,56239,1164,11429
2020-12-28,426,3,679,-256,69258,56918,1167,11173
2020-12-29,1039,5,984,50,70297,57902,1172,11223
2020-12-30,1003,4,1073,-74,71300,58975,1176,11149
2020-12-31,1003,11,1057,-65,72303,60032,1187,11084
2021-01-01,1080,13,759,308,73383,60791,1200,11392
2021-01-02,960,5,915,40,74343,61706,1205,11432
2021-01-03,733,7,656,70,75076,62362,1212,11502
2021-01-04,985,6,848,131,76061,63210,1218,11633
2021-01-05,971,11,834,126,77032,64044,1229,11759
2021-01-06,992,14,1298,-320,78024,65342,1243,11439
2021-01-07,941,5,911,25,78965,66253,1248,11464
2021-01-08,1399,8,729,662,80364,66982,1256,12126
2021-01-09,1286,8,906,372,81650,67888,1264,12498
2021-01-10,1078,7,787,284,82728,68675,1271,12782
2021-01-11,1036,10,966,60,83764,69641,1281,12842
2021-01-12,1369,15,1029,325,85133,70670,1296,13167
2021-01-13,1169,14,1095,60,86302,71765,1310,13227
2021-01-14,1700,12,684,1004,88002,72449,1322,14231
2021-01-15,1017,9,889,119,89019,73338,1331,14350
2021-01-16,1460,6,411,1043,90479,73749,1337,15393
2021-01-17,1166,9,403,754,91645,74152,1346,16147
2021-01-18,1414,27,869,518,93059,75021,1373,16665
2021-01-19,1456,14,1017,425,94515,76038,1387,17090
2021-01-20,1565,13,1204,348,96080,77242,1400,17438
2021-01-21,1329,61,1334,-66,97409,78576,1461,17372
2021-01-22,2200,12,1339,849,99609,79915,1473,18221
2021-01-23,1362,16,1572,-226,100971,81487,1489,17995
2021-01-24,1912,9,1389,514,102883,82876,1498,18509
2021-01-25,1424,9,1075,340,104307,83951,1507,18849
2021-01-26,3086,14,1801,1271,107393,85752,1521,20120
2021-01-27,2926,91,1213,1622,110319,86965,1612,21742
2021-01-28,3203,132,1971,1100,113522,88936,1744,22842
2021-01-29,2911,8,1662,1241,116433,90598,1752,24083
2021-01-30,3890,21,2266,1603,120323,92864,1773,25686
2021-01-31,2114,52,2061,1,122437,94925,1825,25687
2021-02-01,2423,7,1957,459,124860,96882,1832,26146
2021-02-02,1800,64,1992,-256,126660,98874,1896,25890
2021-02-03,2116,11,1782,323,128776,100656,1907,26213
2021-02-04,1665,13,2047,-395,130441,102703,1920,25818
2021-02-05,1926,28,2363,-465,132367,105066,1948,25353
2021-02-06,3161,7,2211,943,135528,107277,1955,26296
2021-02-07,1802,4,1780,18,137330,109057,1959,26314
2021-02-08,1327,15,2505,-1193,138657,111562,1974,25121
2021-02-09,858,20,1983,-1145,139515,113545,1994,23976
2021-02-10,775,18,1287,-530,140290,114832,2012,23446
2021-02-11,1001,5,1221,-225,141291,116053,2017,23221
2021-02-12,810,8,1451,-649,142101,117504,2025,22572
2021-02-13,1523,6,2036,-519,143624,119540,2031,22053
2021-02-14,825,8,1503,-686,144449,121043,2039,21367
2021-02-15,828,11,927,-110,145277,121970,2050,21257
2021-02-16,3064,12,1569,1483,148341,123539,2062,22740
2021-02-17,3615,3,2163,1449,151956,125702,2065,24189
2021-02-18,2279,8,2664,-393,154235,128366,2073,23796
2021-02-19,1761,26,2175,-440,155996,130541,2099,23356
2021-02-20,1035,7,1113,-85,157031,131654,2106,23271
2021-02-21,782,8,1212,-438,157813,132866,2114,22833
2021-02-22,2238,16,2376,-154,160051,135242,2130,22679
2021-02-23,3663,24,1673,1966,163714,136915,2154,24645
2021-02-24,1850,9,1254,587,165564,138169,2163,25232
2021-02-25,1953,3,1060,890,167517,139229,2166,26122
2021-02-26,1843,9,809,1025,169360,140038,2175,27147
2021-02-27,896,8,742,146,170256,140780,2183,27293
2021-02-28,780,3,589,188,171036,141369,2186,27481
2021-03-01,1154,9,1669,-524,172190,143038,2195,26957
2021-03-02,1173,20,1845,-692,173363,144883,2215,26265
2021-03-03,1028,13,1986,-971,174391,146869,2228,25294
2021-03-04,1298,17,1157,124,175689,148026,2245,25418
2021-03-05,1350,13,1150,187,177039,149176,2258,25605
2021-03-06,984,3,1056,-75,178023,150232,2261,25530
2021-03-07,1192,3,514,675,179215,150746,2264,26205
2021-03-08,1274,53,1670,-449,180489,152416,2317,25756
2021-03-09,1379,40,911,428,181868,153327,2357,26184
2021-03-10,1187,18,1132,37,183055,154459,2375,26221
2021-03-11,694,6,1183,-495,183749,155642,2381,25726
2021-03-12,974,39,1410,-475,184723,157052,2420,25251
2021-03-13,807,3,833,-29,185530,157885,2423,25222
2021-03-14,964,5,759,200,186494,158644,2428,25422
2021-03-15,875,18,1370,-513,187369,160014,2446,24909
2021-03-16,1250,20,1835,-605,188619,161849,2466,24304
2021-03-17,1164,12,1622,-470,189783,163471,2478,23834
2021-03-18,1113,5,1106,2,190896,164577,2483,23836
2021-03-19,1147,12,935,200,192043,165512,2495,24036
2021-03-20,750,6,1471,-727,192793,166983,2501,23309
2021-03-21,464,1,1111,-648,193257,168094,2502,22661
2021-03-22,1117,19,1068,30,194374,169162,2521,22691
2021-03-23,795,9,1289,-503,195169,170451,2530,22188
2021-03-24,863,2,2110,-1249,196032,172561,2532,20939
2021-03-25,935,7,1048,-120,196967,173609,2539,20819
2021-03-26,786,7,1222,-443,197753,174831,2546,20376
2021-03-27,454,82,1027,-655,198207,175858,2628,19721
2021-03-28,471,3,595,-127,198678,176453,2631,19594
2021-03-29,1094,7,987,100,199772,177440,2638,19694
2021-03-30,697,8,747,-58,200469,178187,2646,19636
2021-03-31,739,7,673,59,201208,178860,2653,19695
2021-04-01,835,61,871,-97,202043,179731,2714,19598
2021-04-02,512,1,393,118,202555,180124,2715,19716
2021-04-03,369,4,464,-99,202924,180588,2719,19617
2021-04-04,275,4,255,16,203199,180843,2723,19633
2021-04-05,724,4,626,94,203923,181469,2727,19727
2021-04-06,653,14,639,0,204576,182108,2741,19727
2021-04-07,758,1,607,150,205334,182715,2742,19877
2021-04-08,493,9,1010,-526,205827,183725,2751,19351
2021-04-09,773,14,495,264,206600,184220,2765,19615
2021-04-10,851,6,410,435,207451,184630,2771,20050
2021-04-11,613,4,549,60,208064,185179,2775,20110
2021-04-12,947,22,288,637,209011,185467,2797,20747
2021-04-13,1069,16,813,240,210080,186280,2813,20987
2021-04-14,1243,16,669,558,211323,186949,2829,21545
2021-04-15,1087,29,1113,-55,212410,188062,2858,21490
2021-04-16,778,6,566,206,213188,188628,2864,21696
2021-04-17,723,8,582,133,213911,189210,2872,21829
2021-04-18,692,9,351,332,214603,189561,2881,22161
2021-04-19,1044,12,787,245,215647,190348,2893,22406
2021-04-20,1116,13,462,641,216763,190810,2906,23047
2021-04-21,808,14,1168,-374,217571,191978,2920,22673
2021-04-22,1074,11,619,444,218645,192597,2931,23117
2021-04-23,818,20,849,-51,219463,193446,2951,23066
2021-04-24,596,17,764,-185,220059,194210,2968,22881
2021-04-25,682,9,367,306,220741,194577,2977,23187
2021-04-26,1301,16,721,564,222042,195298,2993,23751
2021-04-27,974,16,668,290,223016,195966,3009,24041
2021-04-28,1059,10,813,236,224075,196779,3019,24277
2021-04-29,903,12,470,421,224978,197249,3031,24698
2021-04-30,893,19,675,199,225871,197924,3050,24897
2021-05-01,615,5,472,138,226486,198396,3055,25035
2021-05-02,580,8,428,144,227066,198824,3063,25179
2021-05-03,921,15,825,81,227987,199649,3078,25260
2021-05-04,736,21,1000,-285,228723,200649,3099,24975
2021-05-05,797,21,1106,-330,229520,201755,3120,24645
2021-05-06,854,5,1219,-370,230374,202974,3125,24275
2021-05-07,1561,22,981,558,231935,203955,3147,24833
2021-05-08,1779,5,1604,170,233714,205559,3152,25003
2021-05-09,408,8,484,-84,234122,206043,3160,24919
2021-05-10,812,10,1781,-979,234934,207824,3170,23940
2021-05-11,1122,14,827,281,236056,208651,3184,24221
2021-05-12,617,18,620,-21,236673,209271,3202,24200
2021-05-13,338,10,514,-186,237011,209785,3212,24014
2021-05-14,479,2,592,-115,237490,210377,3214,23899
2021-05-15,594,7,561,26,238084,210938,3221,23925
2021-05-16,692,3,358,331,238776,211296,3224,24256
2021-05-17,1023,22,985,16,239799,212281,3246,24272
2021-05-18,896,27,1147,-278,240695,213428,3273,23994
2021-05-19,957,8,1135,-186,241652,214563,3281,23808
2021-05-20,1050,12,1018,20,242702,215581,3293,23828
2021-05-21,842,14,1176,-348,243544,216757,3307,23480
2021-05-22,880,13,539,328,244424,217296,3320,23808
2021-05-23,827,5,588,234,245251,217884,3325,24042
2021-05-24,1037,13,968,56,246288,218852,3338,24098
2021-05-25,861,11,769,81,247149,219621,3349,24179
2021-05-26,598,12,533,53,247747,220154,3361,24232
2021-05-27,1010,18,826,166,248757,220980,3379,24398
2021-05-28,934,15,750,169,249691,221730,3394,24567
2021-05-29,800,8,767,25,250491,222497,3402,24592
2021-05-30,603,11,422,170,251094,222919,3413,24762
2021-05-31,946,20,1013,-87,252040,223932,3433,24675
2021-06-01,757,10,1682,-935,252797,225614,3443,23740
2021-06-02,704,13,2241,-1550,253501,227855,3456,22190
2021-06-03,963,19,6124,-5180,254464,233979,3475,17010
2021-06-04,836,16,1384,-564,255300,235363,3491,16446
2021-06-05,833,17,592,224,256133,235955,3508,16670
2021-06-06,767,10,313,444,256900,236268,3518,17114
2021-06-07,1371,19,780,572,258271,237048,3537,17686
2021-06-08,913,20,834,59,259184,237882,3557,17745
2021-06-09,1178,9,674,495,260362,238556,3566,18240
2021-06-10,1108,14,1020,74,261470,239576,3580,18314
2021-06-11,1055,14,1218,-177,262525,240794,3594,18137
2021-06-12,788,13,657,118,263313,241451,3607,18255
2021-06-13,1095,10,590,495,264408,242041,3617,18750
2021-06-14,1201,11,1425,-235,265609,243466,3628,18515
2021-06-15,1606,9,1018,579,267215,244484,3637,19094
2021-06-16,2179,17,1302,860,269394,245786,3654,19954
2021-06-17,2079,13,914,1152,271473,246700,3667,21106
2021-06-18,2457,43,1110,1304,273930,247810,3710,22410
2021-06-19,1565,16,911,638,275495,248721,3726,23048
2021-06-20,1838,49,889,900,277333,249610,3775,23948
2021-06-21,2468,26,1164,1278,279801,250774,3801,25226
2021-06-22,2636,64,975,1597,282437,251749,3865,26823
2021-06-23,2439,31,1034,1374,284876,252783,3896,28197
2021-06-24,2578,72,1275,1231,287454,254058,3968,29428
2021-06-25,3180,82,1244,1854,290634,255302,4050,31282
2021-06-26,3125,71,1198,1856,293759,256500,4121,33138
2021-06-27,3629,86,1250,2293,297388,257750,4207,35431
2021-06-28,3544,76,1271,2197,300932,259021,4283,37628
2021-06-29,3411,98,1313,2000,304343,260334,4381,39628
2021-06-30,3664,74,2072,1518,308007,262406,4455,41146
2021-07-01,4199,65,1375,2759,312206,263781,4520,43905
2021-07-02,4412,49,1796,2567,316618,265577,4569,46472
2021-07-03,4543,46,2201,2296,321161,267778,4615,48768
2021-07-04,4057,61,2011,1985,325218,269789,4676,50753
2021-07-05,5360,44,1688,3628,330578,271477,4720,54381
2021-07-06,5660,42,3533,2085,336238,275010,4762,56466
2021-07-07,6852,66,3475,3311,343090,278485,4828,59777
2021-07-08,5614,105,3017,2492,348704,281502,4933,62269
2021-07-09,6071,124,4312,1635,354775,285814,5057,63904
2021-07-10,4032,142,3600,290,358807,289414,5199,64194
2021-07-11,5740,217,3258,2265,364547,292672,5416,66459
2021-07-12,6219,145,3941,2133,370766,296613,5561,68592
2021-07-13,5910,110,3611,2189,376676,300224,5671,70781
2021-07-14,7745,111,3830,3804,384421,304054,5782,74585
2021-07-15,8465,71,4357,4037,392886,308411,5853,78622
2021-07-16,8547,94,6366,2087,401433,314777,5947,80709
2021-07-17,7397,73,4342,2982,408830,319119,6020,83691
2021-07-18,6244,76,3475,2693,415074,322594,6096,86384
2021-07-19,6128,63,4590,1475,421202,327184,6159,87859
2021-07-20,5817,55,2680,3082,427019,329864,6214,90941
2021-07-21,4637,63,4616,-42,431656,334480,6277,90899
2021-07-22,8517,117,5787,2613,440173,340267,6394,93512
2021-07-23,6555,123,5649,783,446728,345916,6517,94295
2021-07-24,5638,100,5373,165,452366,351289,6617,94460
2021-07-25,3764,103,4198,-537,456130,355487,6720,93923
2021-07-26,3226,181,3996,-951,459356,359483,6901,92972
2021-07-27,6044,252,7667,-1875,465400,367150,7153,91097
2021-07-28,5566,169,6213,-816,470966,373363,7322,90281
2021-07-29,5458,167,5965,-674,476424,379328,7489,89607
2021-07-30,5139,66,5470,-397,481563,384798,7555,89210
2021-07-31,3060,138,5214,-2292,484623,390012,7693,86918
2021-08-01,2004,150,2692,-838,486627,392704,7843,86080
2021-08-02,1695,94,4679,-3078,488322,397383,7937,83002
2021-08-03,3031,114,3865,-948,491353,401248,8051,82054
2021-08-04,3008,108,3606,-706,494361,404854,8159,81348
2021-08-05,4436,128,6469,-2161,498797,411323,8287,79187
2021-08-06,4121,77,5787,-1743,502918,417110,8364,77444
2021-08-07,3134,57,3438,-361,506052,420548,8421,77083
2021-08-08,2267,47,14885,-12665,508319,435433,8468,64418
2021-08-09,2260,91,6439,-4270,510579,441872,8559,60148
2021-08-10,3020,383,5058,-2421,513599,446930,8942,57727
2021-08-11,2890,90,6169,-3369,516489,453099,9032,54358
2021-08-12,1902,62,3303,-1463,518391,456402,9094,52895
2021-08-13,2539,43,6193,-3697,520930,462595,9137,49198
2021-08-14,1964,27,1819,118,522894,464414,9164,49316
2021-08-15,1043,39,1640,-636,523937,466054,9203,48680
2021-08-16,1512,41,2784,-1313,525449,468838,9244,47367
2021-08-17,1455,62,2731,-1338,526904,471569,9306,46029
2021-08-18,1083,31,2918,-1866,527987,474487,9337,44163
2021-08-19,2884,178,4738,-2032,530871,479225,9515,42131
2021-08-20,2123,217,2037,-131,532994,481262,9732,42000
2021-08-21,1387,274,1506,-393,534381,482768,10006,41607
2021-08-22,969,47,1463,-541,535350,484231,10053,41066
2021-08-23,1188,28,1313,-153,536538,485544,10081,40913
2021-08-24,4228,257,11386,-7415,540766,496930,10338,33498
2021-08-25,4396,216,10756,-6576,545162,507686,10554,26922
2021-08-26,4010,198,8306,-4494,549172,515992,10752,22428
2021-08-27,1082,22,2037,-977,550254,518029,10774,21451
2021-08-28,788,22,1332,-566,551042,519361,10796,20885
2021-08-29,498,9,1275,-786,551540,520636,10805,20099
2021-08-30,403,39,2102,-1738,551943,522738,10844,18361
2021-08-31,915,26,1839,-950,552858,524577,10870,17411
2021-09-01,1027,43,1422,-438,553885,525999,10913,16973
2021-09-02,644,38,3912,-3306,554529,529911,10951,13667
2021-09-03,697,80,1935,-1318,555226,531846,11031,12349
2021-09-04,422,103,2021,-1702,555648,533867,11134,10647
2021-09-05,291,10,691,-410,555939,534558,11144,10237
2021-09-06,344,143,1381,-1180,556283,535939,11287,9057
2021-09-07,628,203,2270,-1845,556911,538209,11490,7212
2021-09-08,565,153,794,-382,557476,539003,11643,6830
2021-09-09,432,13,586,-167,557908,539589,11656,6663
2021-09-10,430,6,746,-322,558338,540335,11662,6341
2021-09-11,355,5,239,111,558693,540574,11667,6452
2021-09-12,458,2,807,-351,559151,541381,11669,6101
2021-09-13,171,6,586,-421,559322,541967,11675,5680
2021-09-14,263,13,525,-275,559585,542492,11688,5405
2021-09-15,308,19,800,-511,559893,543292,11707,4894
2021-09-16,284,8,611,-335,560177,543903,11715,4559
2021-09-17,268,6,325,-63,560445,544228,11721,4496
2021-09-18,200,4,358,-162,560645,544586,11725,4334
2021-09-19,134,5,511,-382,560779,545097,11730,3952
2021-09-20,95,10,373,-288,560874,545470,11740,3664
2021-09-21,222,6,463,-247,561096,545933,11746,3417
2021-09-22,172,11,345,-184,561268,546278,11757,3233
2021-09-23,190,12,303,-125,561458,546581,11769,3108
2021-09-24,159,11,270,-122,561617,546851,11780,2986
2021-09-25,155,2,176,-23,561772,547027,11782,2963
2021-09-26,131,6,239,-114,561903,547266,11788,2849
2021-09-27,119,6,351,-238,562022,547617,11794,2611
2021-09-28,165,5,193,-33,562187,547810,11799,2578
2021-09-29,156,4,272,-120,562343,548082,11803,2458
2021-09-30,134,9,230,-105,562477,548312,11812,2353
2021-10-01,95,1,141,-47,562572,548453,11813,2306
2021-10-02,114,1,138,-25,562686,548591,11814,2281
2021-10-03,79,2,191,-114,562765,548782,11816,2167
2021-10-04,52,5,389,-342,562817,549171,11821,1825
2021-10-05,84,3,205,-124,562901,549376,11824,1701
2021-10-06,87,2,115,-30,562988,549491,11826,1671
2021-10-07,87,5,91,-9,563075,549582,11831,1662
2021-10-08,81,0,105,-24,563156,549687,11831,1638
2021-10-09,89,1,101,-13,563245,549788,11832,1625
2021-10-10,46,2,78,-34,563291,549866,11834,1591
2021-10-11,57,4,118,-65,563348,549984,11838,1526
2021-10-12,102,2,131,-31,563450,550115,11840,1495
2021-10-13,79,1,177,-99,563529,550292,11841,1396
2021-10-14,81,0,100,-19,563610,550392,11841,1377
2021-10-15,71,0,82,-11,563681,550474,11841,1366
2021-10-16,81,1,63,17,563762,550537,11842,1383
2021-10-17,61,0,67,-6,563823,550604,11842,1377
2021-10-18,59,2,124,-67,563882,550728,11844,1310
2021-10-19,80,3,201,-124,563962,550929,11847,1186
2021-10-20,104,3,93,8,564066,551022,11850,1194
2021-10-21,32,1,159,-128,564098,551181,11851,1066
2021-10-22,109,4,142,-37,564207,551323,11855,1029
2021-10-23,60,0,52,8,564267,551375,11855,1037
2021-10-24,62,2,39,21,564329,551414,11857,1058
2021-10-25,52,2,139,-89,564381,551553,11859,969
2021-10-26,62,0,55,7,564443,551608,11859,976
2021-10-27,74,3,75,-4,564517,551683,11862,972
2021-10-28,96,3,82,11,564613,551765,11865,983
2021-10-29,124,2,64,58,564737,551829,11867,1041
2021-10-30,118,0,25,93,564855,551854,11867,1134
2021-10-31,82,1,43,38,564937,551897,11868,1172
2021-11-01,33,0,87,-54,564970,551984,11868,1118
2021-11-02,62,6,47,9,565032,552031,11874,1127
2021-11-03,140,1,55,84,565172,552086,11875,1211
2021-11-04,125,0,106,19,565297,552192,11875,1230
2021-11-05,71,2,53,16,565368,552245,11877,1246
2021-11-06,51,0,13,38,565419,552258,11877,1284
2021-11-07,79,0,90,-11,565498,552348,11877,1273
2021-11-08,19,1,93,-75,565517,552441,11878,1198
2021-11-09,52,1,60,-9,565569,552501,11879,1189
2021-11-10,58,2,40,16,565627,552541,11881,1205
2021-11-11,36,1,23,12,565663,552564,11882,1217
2021-11-12,47,1,65,-19,565710,552629,11883,1198
2021-11-13,42,2,55,-15,565752,552684,11885,1183
2021-11-14,18,2,29,-13,565770,552713,11887,1170
2021-11-15,20,0,235,-215,565790,552948,11887,955
2021-11-16,41,2,78,-39,565831,553026,11889,916
2021-11-17,128,1,58,69,565959,553084,11890,985
2021-11-18,42,2,54,-14,566001,553138,11892,971
2021-11-19,53,1,161,-109,566054,553299,11893,862
2021-11-20,33,0,16,17,566087,553315,11893,879
2021-11-21,26,1,20,5,566113,553335,11894,884
2021-11-22,27,0,67,-40,566140,553402,11894,844
2021-11-23,48,0,125,-77,566188,553527,11894,767
2021-11-24,70,2,61,7,566258,553588,11896,774
2021-11-25,35,0,42,-7,566293,553630,11896,767
2021-11-26,76,0,24,52,566369,553654,11896,819
2021-11-27,35,0,24,11,566404,553678,11896,830
2021-11-28,21,0,20,1,566425,553698,11896,831
2021-11-29,26,2,81,-57,566451,553779,11898,774
2021-11-30,53,3,43,7,566504,553822,11901,781
2021-12-01,49,0,59,-10,566553,553881,11901,771
2021-12-02,61,0,46,15,566614,553927,11901,786
2021-12-03,23,0,33,-10,566637,553960,11901,776
2021-12-04,42,0,48,-6,566679,554008,11901,770
2021-12-05,23,0,53,-30,566702,554061,11901,740
2021-12-06,19,1,70,-52,566721,554131,11902,688
2021-12-07,53,2,76,-25,566774,554207,11904,663
2021-12-08,51,1,61,-11,566825,554268,11905,652
2021-12-09,38,0,29,9,566863,554297,11905,661
2021-12-10,37,0,31,6,566900,554328,11905,667
2021-12-11,31,0,18,13,566931,554346,11905,680
2021-12-12,17,1,7,9,566948,554353,11906,689
2021-12-13,11,1,48,-38,566959,554401,11907,651
2021-12-14,32,3,65,-36,566991,554466,11910,615
2021-12-15,44,0,45,-1,567035,554511,11910,614
2021-12-16,31,0,32,-1,567066,554543,11910,613
2021-12-17,42,0,38,4,567108,554581,11910,617
2021-12-18,36,1,29,6,567144,554610,11911,623
2021-12-19,26,0,10,16,567170,554620,11911,639
2021-12-20,16,0,51,-35,567186,554671,11911,604
2021-12-21,29,1,42,-14,567215,554713,11912,590
2021-12-22,14,0,54,-40,567229,554767,11912,550
2021-12-23,16,0,40,-24,567245,554807,11912,526
2021-12-24,16,0,18,-2,567261,554825,11912,524
2021-12-25,13,0,17,-4,567274,554842,11912,520
2021-12-26,7,0,30,-23,567281,554872,11912,497
2021-12-27,5,2,41,-38,567286,554913,11914,459
2021-12-28,15,0,18,-3,567301,554931,11914,456
2021-12-29,31,2,38,-9,567332,554969,11916,447
2021-12-30,11,0,17,-6,567343,554986,11916,441
2021-12-31,16,0,39,-23,567359,555025,11916,418
2022-01-01,18,0,10,8,567377,555035,11916,426
2022-01-02,8,0,30,-22,567385,555065,11916,404
2022-01-03,8,0,11,-3,567393,555076,11916,401
2022-01-04,26,0,17,9,567419,555093,11916,410
2022-01-05,20,0,19,1,567439,555112,11916,411
2022-01-06,20,0,21,-1,567459,555133,11916,410
2022-01-07,27,0,17,10,567486,555150,11916,420
2022-01-08,21,0,13,8,567507,555163,11916,428
2022-01-09,18,0,25,-7,567525,555188,11916,421
2022-01-10,23,1,29,-7,567548,555217,11917,414
2022-01-11,53,1,15,37,567601,555232,11918,451
2022-01-12,54,1,21,32,567655,555253,11919,483
2022-01-13,69,0,8,61,567724,555261,11919,544
2022-01-14,82,2,9,71,567806,555270,11921,615
2022-01-15,85,0,15,70,567891,555285,11921,685
2022-01-16,72,0,14,58,567963,555299,11921,743
2022-01-17,69,0,13,56,568032,555312,11921,799
2022-01-18,230,1,31,198,568262,555343,11922,997
2022-01-19,253,1,22,230,568515,555365,11923,1227
2022-01-20,326,1,21,304,568841,555386,11924,1531
2022-01-21,395,0,33,362,569236,555419,11924,1893
2022-01-22,496,0,21,475,569732,555440,11924,2368
2022-01-23,390,3,27,360,570122,555467,11927,2728
2022-01-24,327,0,44,283,570449,555511,11927,3011
2022-01-25,986,1,79,906,571435,555590,11928,3917
2022-01-26,1304,1,543,760,572739,556133,11929,4677
2022-01-27,1407,1,17,1389,574146,556150,11930,6066
2022-01-28,1854,0,130,1724,576000,556280,11930,7790
2022-01-29,2022,0,355,1667,578022,556635,11930,9457
2022-01-30,2068,1,423,1644,580090,557058,11931,11101
2022-01-31,1663,2,441,1220,581753,557499,11933,12321
2022-02-01,3438,4,708,2726,585191,558207,11937,15047
2022-02-02,3008,1,133,2874,588199,558340,11938,17921
2022-02-03,5824,2,176,5646,594023,558516,11940,23567
2022-02-04,6232,2,137,6093,600255,558653,11942,29660
2022-02-05,6419,1,191,6227,606674,558844,11943,35887
2022-02-06,6111,2,358,5751,612785,559202,11945,41638
2022-02-07,4037,4,493,3540,616822,559695,11949,45178
2022-02-08,7235,3,997,6235,624057,560692,11952,51413
2022-02-09,8914,7,221,8686,632971,560913,11959,60099
2022-02-10,7558,4,1901,5653,640529,562814,11963,65752
2022-02-11,7189,5,1261,5923,647718,564075,11968,71675
2022-02-12,11327,5,1464,9858,659045,565539,11973,81533
2022-02-13,8021,4,997,7020,667066,566536,11977,88553
2022-02-14,6672,3,1700,4969,673738,568236,11980,93522
2022-02-15,11274,10,4594,6670,685012,572830,11990,100192
2022-02-16,12127,13,4368,7746,697139,577198,12003,107938
2022-02-17,13027,11,2488,10528,710166,579686,12014,118466
2022-02-18,11062,11,3466,7585,721228,583152,12025,126051
2022-02-19,10094,12,5860,4222,731322,589012,12037,130273
2022-02-20,8296,9,3321,4966,739618,592333,12046,135239
2022-02-21,6552,8,5577,967,746170,597910,12054,136206
2022-02-22,10961,17,4768,6176,757131,602678,12071,142382
2022-02-23,11280,22,7744,3514,768411,610422,12093,145896
2022-02-24,10402,21,5405,4976,778813,615827,12114,150872
2022-02-25,8811,18,8503,290,787624,624330,12132,151162
2022-02-26,7819,22,9873,-2076,795443,634203,12154,149086
2022-02-27,5138,11,4376,751,800581,638579,12165,149837
2022-02-28,2999,14,4703,-1718,803580,643282,12179,148119
2022-03-01,3684,29,5848,-2193,807264,649130,12208,145926
2022-03-02,6838,31,10568,-3761,814102,659698,12239,142165
2022-03-03,6080,22,8604,-2546,820182,668302,12261,139619
2022-03-04,4238,20,4357,-139,824420,672659,12281,139480
2022-03-05,5359,22,12975,-7638,829779,685634,12303,131842
2022-03-06,4009,18,14827,-10836,833788,700461,12321,121006
2022-03-07,3478,19,16671,-13212,837266,717132,12340,107794
2022-03-08,5714,19,17624,-11929,842980,734756,12359,95865
2022-03-09,4448,21,4969,-542,847428,739725,12380,95323
2022-03-10,3670,22,10618,-6970,851098,750343,12402,88353
2022-03-11,3012,23,9526,-6537,854110,759869,12425,81816
2022-03-12,2636,9,8103,-5476,856746,767972,12434,76340
2022-03-13,1901,14,3264,-1377,858647,771236,12448,74963
2022-03-14,1459,20,7577,-6138,860106,778813,12468,68825
2022-03-15,2480,20,5794,-3334,862586,784607,12488,65491
2022-03-16,2177,17,7723,-5563,864763,792330,12505,59928
2022-03-17,1996,15,6818,-4837,866759,799148,12520,55091
2022-03-18,1723,10,6347,-4634,868482,805495,12530,50457
2022-03-19,1357,12,6739,-5394,869839,812234,12542,45063
2022-03-20,881,9,2760,-1888,870720,814994,12551,43175
2022-03-21,801,13,4586,-3798,871521,819580,12564,39377
2022-03-22,1382,14,3949,-2581,872903,823529,12578,36796
2022-03-23,995,14,5697,-4716,873898,829226,12592,32080
2022-03-24,981,8,2271,-1298,874879,831497,12600,30782
2022-03-25,899,11,2436,-1548,875778,833933,12611,29234
2022-03-26,700,3,1814,-1117,876478,835747,12614,28117
2022-03-27,550,2,1089,-541,877028,836836,12616,27576
2022-03-28,523,6,2499,-1982,877551,839335,12622,25594
2022-03-29,741,9,2655,-1923,878292,841990,12631,23671
2022-03-30,659,6,1058,-405,878951,843048,12637,23266
2022-03-31,549,3,1338,-792,879500,844386,12640,22474
2022-04-01,513,7,1863,-1357,880013,846249,12647,21117
2022-04-02,357,5,609,-257,880370,846858,12652,20860
2022-04-03,271,3,602,-334,880641,847460,12655,20526
2022-04-04,221,5,1991,-1775,880862,849451,12660,18751
2022-04-05,330,5,1728,-1403,881192,851179,12665,17348
2022-04-06,359,10,1595,-1246,881551,852774,12675,16102
2022-04-07,300,1,1902,-1603,881851,854676,12676,14499
2022-04-08,272,3,320,-51,882123,854996,12679,14448
2022-04-09,225,2,801,-578,882348,855797,12681,13870
2022-04-10,180,0,322,-142,882528,856119,12681,13728
2022-04-11,276,8,611,-343,882804,856730,12689,13385
2022-04-12,247,3,475,-231,883051,857205,12692,13154
2022-04-13,200,0,930,-730,883251,858135,12692,12424
2022-04-14,185,8,567,-390,883436,858702,12700,12034
2022-04-15,178,4,146,28,883614,858848,12704,12062
2022-04-16,77,0,325,-248,883691,859173,12704,11814
2022-04-17,89,4,304,-219,883780,859477,12708,11595
2022-04-18,97,2,515,-420,883877,859992,12710,11175
2022-04-19,175,7,288,-120,884052,860280,12717,11055
2022-04-20,135,3,330,-198,884187,860610,12720,10857
2022-04-21,113,4,1605,-1496,884300,862215,12724,9361
2022-04-22,95,2,785,-692,884395,863000,12726,8669
2022-04-23,66,2,758,-694,884461,863758,12728,7975
2022-04-24,51,8,995,-952,884512,864753,12736,7023
2022-04-25,43,2,2647,-2606,884555,867400,12738,4417
2022-04-26,88,1,2633,-2546,884643,870033,12739,1871
2022-04-27,64,6,163,-105,884707,870196,12745,1766
2022-04-28,55,1,137,-83,884762,870333,12746,1683
2022-04-29,58,3,60,-5,884820,870393,12749,1678
2022-04-30,39,1,85,-47,884859,870478,12750,1631
2022-05-01,32,1,185,-154,884891,870663,12751,1477
2022-05-02,15,2,40,-27,884906,870703,12753,1450
2022-05-03,16,0,111,-95,884922,870814,12753,1355
2022-05-04,17,0,15,2,884939,870829,12753,1357
2022-05-05,24,1,49,-26,884963,870878,12754,1331
2022-05-06,27,0,30,-3,884990,870908,12754,1328
2022-05-07,24,2,26,-4,885014,870934,12756,1324
2022-05-08,36,0,61,-25,885050,870995,12756,1299
2022-05-09,26,1,29,-4,885076,871024,12757,1295
2022-05-10,81,5,184,-108,885157,871208,12762,1187
2022-05-11,45,0,47,-2,885202,871255,12762,1185
2022-05-12,39,3,54,-18,885241,871309,12765,1167
2022-05-13,57,1,19,37,885298,871328,12766,1204
2022-05-14,34,1,17,16,885332,871345,12767,1220
2022-05-15,28,1,122,-95,885360,871467,12768,1125
2022-05-16,11,1,26,-16,885371,871493,12769,1109
2022-05-17,34,5,623,-594,885405,872116,12774,515
2022-05-18,31,2,98,-69,885436,872214,12776,446
2022-05-19,38,2,40,-4,885474,872254,12778,442
2022-05-20,25,0,47,-22,885499,872301,12778,420
2022-05-21,26,2,26,-2,885525,872327,12780,418
2022-05-22,15,0,13,2,885540,872340,12780,420
2022-05-23,23,1,96,-74,885563,872436,12781,346
2022-05-24,38,2,53,-17,885601,872489,12783,329
2022-05-25,38,0,46,-8,885639,872535,12783,321
2022-05-26,27,0,15,12,885666,872550,12783,333
2022-05-27,27,1,28,-2,885693,872578,12784,331
2022-05-28,30,0,25,5,885723,872603,12784,336
2022-05-29,40,0,33,7,885763,872636,12784,343
2022-05-30,27,3,27,-3,885790,872663,12787,340
2022-05-31,51,1,24,26,885841,872687,12788,366
2022-06-01,31,0,23,8,885872,872710,12788,374
2022-06-02,22,1,56,-35,885894,872766,12789,339
2022-06-03,36,0,22,14,885930,872788,12789,353
2022-06-04,44,0,19,25,885974,872807,12789,378
2022-06-05,49,1,12,36,886023,872819,12790,414
2022-06-06,41,1,31,9,886064,872850,12791,423
2022-06-07,63,0,33,30,886127,872883,12791,453
2022-06-08,68,0,39,29,886195,872922,12791,482
2022-06-09,64,1,23,40,886259,872945,12792,522
2022-06-10,82,0,28,54,886341,872973,12792,576
2022-06-11,78,1,21,56,886419,872994,12793,632
2022-06-12,60,0,17,43,886479,873011,12793,675
2022-06-13,60,3,30,27,886539,873041,12796,702
2022-06-14,135,0,55,80,886674,873096,12796,782
2022-06-15,161,1,109,51,886835,873205,12797,833
2022-06-16,127,1,50,76,886962,873255,12798,909
2022-06-17,166,1,45,120,887128,873300,12799,1029
2022-06-18,157,1,52,104,887285,873352,12800,1133
2022-06-19,125,0,48,77,887410,873400,12800,1210
2022-06-20,148,1,72,75,887558,873472,12801,1285
2022-06-21,230,0,73,157,887788,873545,12801,1442
2022-06-22,236,0,98,138,888024,873643,12801,1580
2022-06-23,274,1,109,164,888298,873752,12802,1744
2022-06-24,259,0,89,170,888557,873841,12802,1914
2022-06-25,253,0,90,163,888810,873931,12802,2077
2022-06-26,207,0,88,119,889017,874019,12802,2196
2022-06-27,195,1,220,-26,889212,874239,12803,2170
2022-06-28,340,0,87,253,889552,874326,12803,2423
2022-06-29,341,1,139,201,889893,874465,12804,2624
2022-06-30,353,0,180,173,890246,874645,12804,2797
2022-07-01,359,1,135,223,890605,874780,12805,3020
2022-07-02,272,0,156,116,890877,874936,12805,3136
2022-07-03,216,0,220,-4,891093,875156,12805,3132
2022-07-04,199,0,200,-1,891292,875356,12805,3131
2022-07-05,443,1,331,111,891735,875687,12806,3242
2022-07-06,428,0,194,234,892163,875881,12806,3476
2022-07-07,464,1,222,241,892627,876103,12807,3717
2022-07-08,438,0,564,-126,893065,876667,12807,3591
2022-07-09,389,1,158,230,893454,876825,12808,3821
2022-07-10,243,1,128,114,893697,876953,12809,3935
2022-07-11,239,0,189,50,893936,877142,12809,3985
2022-07-12,597,1,244,352,894533,877386,12810,4337
2022-07-13,616,1,353,262,895149,877739,12811,4599
2022-07-14,558,0,529,29,895707,878268,12811,4628
2022-07-15,526,0,295,231,896233,878563,12811,4859
2022-07-16,703,0,243,460,896936,878806,12811,5319
2022-07-17,417,0,160,257,897353,878966,12811,5576
2022-07-18,414,3,331,80,897767,879297,12814,5656
2022-07-19,796,0,276,520,898563,879573,12814,6176
2022-07-20,865,4,417,444,899428,879990,12818,6620
2022-07-21,736,0,309,427,900164,880299,12818,7047
2022-07-22,754,0,357,397,900918,880656,12818,7444
2022-07-23,670,1,305,364,901588,880961,12819,7808
2022-07-24,519,0,303,216,902107,881264,12819,8024
2022-07-25,564,1,501,62,902671,881765,12820,8086
2022-07-26,1064,0,507,557,903735,882272,12820,8643
2022-07-27,935,1,530,404,904670,882802,12821,9047
2022-07-28,937,2,1326,-391,905607,884128,12823,8656
2022-07-29,886,1,354,531,906493,884482,12824,9187
2022-07-30,805,0,441,364,907298,884923,12824,9551
2022-07-31,506,1,406,99,907804,885329,12825,9650
2022-08-01,664,0,431,233,908468,885760,12825,9883
2022-08-02,1242,1,449,792,909710,886209,12826,10675
2022-08-03,1143,0,523,620,910853,886732,12826,11295
2022-08-04,1140,0,574,566,911993,887306,12826,11861
2022-08-05,952,0,1267,-315,912945,888573,12826,11546
2022-08-06,951,0,499,452,913896,889072,12826,11998
2022-08-07,606,1,481,124,914502,889553,12827,12122
2022-08-08,612,0,422,190,915114,889975,12827,12312
2022-08-09,1254,2,733,519,916368,890708,12829,12831
2022-08-10,1205,0,590,615,917573,891298,12829,13446
2022-08-11,1050,1,602,447,918623,891900,12830,13893
2022-08-12,954,0,618,336,919577,892518,12830,14229
2022-08-13,914,0,532,382,920491,893050,12830,14611
2022-08-14,604,1,549,54,921095,893599,12831,14665
2022-08-15,461,1,680,-220,921556,894279,12832,14445
2022-08-16,949,0,1685,-736,922505,895964,12832,13709
2022-08-17,861,0,726,135,923366,896690,12832,13844
2022-08-18,534,0,778,-244,923900,897468,12832,13600
2022-08-19,828,3,758,67,924728,898226,12835,13667
2022-08-20,791,0,487,304,925519,898713,12835,13971
2022-08-21,547,0,543,4,926066,899256,12835,13975
2022-08-22,505,0,513,-8,926571,899769,12835,13967
2022-08-23,1034,2,774,258,927605,900543,12837,14225
2022-08-24,902,3,1741,-842,928507,902284,12840,13383
2022-08-25,916,2,969,-55,929423,903253,12842,13328
2022-08-26,771,1,528,242,930194,903781,12843,13570
2022-08-27,700,0,432,268,930894,904213,12843,13838
2022-08-28,471,0,370,101,931365,904583,12843,13939
2022-08-29,490,2,594,-106,931855,905177,12845,13833
2022-08-30,1262,0,550,712,933117,905727,12845,14545
2022-08-31,786,1,1286,-501,933903,907013,12846,14044
2022-09-01,662,1,1118,-457,934565,908131,12847,13587
2022-09-02,539,0,606,-67,935104,908737,12847,13520
2022-09-03,480,0,487,-7,935584,909224,12847,13513
2022-09-04,352,0,424,-72,935936,909648,12847,13441
2022-09-05,385,3,881,-499,936321,910529,12850,12942
2022-09-06,571,1,1996,-1426,936892,912525,12851,11516
2022-09-07,559,2,968,-411,937451,913493,12853,11105
2022-09-08,434,1,455,-22,937885,913948,12854,11083
2022-09-09,422,1,432,-11,938307,914380,12855,11072
2022-09-10,375,1,423,-49,938682,914803,12856,11023
2022-09-11,241,0,390,-149,938923,915193,12856,10874
2022-09-12,258,0,478,-220,939181,915671,12856,10654
2022-09-13,464,2,1112,-650,939645,916783,12858,10004
2022-09-14,397,0,1021,-624,940042,917804,12858,9380
2022-09-15,404,3,1094,-693,940446,918898,12861,8687
2022-09-16,358,1,484,-127,940804,919382,12862,8560
2022-09-17,294,0,154,140,941098,919536,12862,8700
2022-09-18,203,1,169,33,941301,919705,12863,8733
2022-09-19,243,5,1014,-776,941544,920719,12868,7957
2022-09-20,379,1,716,-338,941923,921435,12869,7619
2022-09-21,377,2,655,-280,942300,922090,12871,7339
2022-09-22,311,1,1669,-1359,942611,923759,12872,5980
2022-09-23,270,0,750,-480,942881,924509,12872,5500
2022-09-24,262,0,320,-58,943143,924829,12872,5442
2022-09-25,171,1,239,-69,943314,925068,12873,5373
2022-09-26,192,2,939,-749,943506,926007,12875,4624
2022-09-27,147,0,144,3,943653,926151,12875,4627
2022-09-28,291,0,34,257,943944,926185,12875,4884
2022-09-29,121,0,30,91,944065,926215,12875,4975
2022-09-30,270,0,60,210,944335,926275,12875,5185
