tanggal,KASUS,MENINGGAL,SEMBUH,DIRAWAT_OR_ISOLASI,AKUMULASI_KASUS,AKUMULASI_SEMBUH,AKUMULASI_MENINGGAL,AKUMULASI_DIRAWAT_OR_ISOLASI
2020-03-08,1,1,0,0,1,0,1,0
2020-03-09,0,0,0,0,1,0,1,0
2020-03-10,0,0,0,0,1,0,1,0
2020-03-11,2,1,1,0,3,1,2,0
2020-03-12,0,0,0,0,3,1,2,0
2020-03-13,0,0,0,0,3,1,2,0
2020-03-14,1,0,0,1,4,1,2,1
2020-03-15,1,0,1,0,5,2,2,1
2020-03-16,1,0,0,1,6,2,2,2
2020-03-17,1,0,1,0,7,3,2,2
2020-03-18,3,1,0,2,10,3,3,4
2020-03-19,2,0,0,2,12,3,3,6
2020-03-20,4,0,1,3,16,4,3,9
2020-03-21,1,1,0,0,17,4,4,9
2020-03-22,1,0,1,0,18,5,4,9
2020-03-23,3,0,0,3,21,5,4,12
2020-03-24,3,1,1,1,24,6,5,13
2020-03-25,23,1,1,21,47,7,6,34
2020-03-26,4,0,1,3,51,8,6,37
2020-03-27,8,1,1,6,59,9,7,43
2020-03-28,15,2,2,11,74,11,9,54
2020-03-29,11,3,0,8,85,11,12,62
2020-03-30,17,1,1,15,102,12,13,77
2020-03-31,15,2,0,13,117,12,15,90
2020-04-01,19,8,16,-5,136,28,23,85
2020-04-02,5,2,2,1,141,30,25,86
2020-04-03,19,1,5,13,160,35,26,99
2020-04-04,15,1,3,11,175,38,27,110
2020-04-05,3,0,0,3,178,38,27,113
2020-04-06,19,5,1,13,197,39,32,126
2020-04-07,8,0,0,8,205,39,32,134
2020-04-08,15,3,2,10,220,41,35,144
2020-04-09,11,1,5,5,231,46,36,149
2020-04-10,2,0,0,2,233,46,36,151
2020-04-11,7,1,0,6,240,46,37,157
2020-04-12,57,1,1,55,297,47,38,212
2020-04-13,13,1,3,9,310,50,39,221
2020-04-14,81,1,3,77,391,53,40,298
2020-04-15,25,2,2,21,416,55,42,319
2020-04-16,15,3,4,8,431,59,45,327
2020-04-17,14,4,16,-6,445,75,49,321
2020-04-18,38,0,7,31,483,82,49,352
2020-04-19,24,2,0,22,507,82,51,374
2020-04-20,7,2,7,-2,514,89,53,372
2020-04-21,104,2,2,100,618,91,55,472
2020-04-22,40,2,10,28,658,101,57,500
2020-04-23,68,2,11,55,726,112,59,555
2020-04-24,41,4,4,33,767,116,63,588
2020-04-25,52,2,11,39,819,127,65,627
2020-04-26,38,0,3,35,857,130,65,662
2020-04-27,22,2,13,7,879,143,67,669
2020-04-28,22,1,13,8,901,156,68,677
2020-04-29,41,3,8,30,942,164,71,707
2020-04-30,19,1,13,5,961,177,72,712
2020-05-01,28,3,11,14,989,188,75,726
2020-05-02,28,1,10,17,1017,198,76,743
2020-05-03,16,1,11,4,1033,209,77,747
2020-05-04,27,0,10,17,1060,219,77,764
2020-05-05,51,0,22,29,1111,241,77,793
2020-05-06,54,1,35,18,1165,276,78,811
2020-05-07,15,1,23,-9,1180,299,79,802
2020-05-08,45,0,39,6,1225,338,79,808
2020-05-09,31,2,17,12,1256,355,81,820
2020-05-10,23,1,6,16,1279,361,82,836
2020-05-11,3,0,6,-3,1282,367,82,833
2020-05-12,18,2,5,11,1300,372,84,844
2020-05-13,36,0,7,29,1336,379,84,873
2020-05-14,59,1,10,48,1395,389,85,921
2020-05-15,48,0,10,38,1443,399,85,959
2020-05-16,43,1,8,34,1486,407,86,993
2020-05-17,25,0,5,20,1511,412,86,1013
2020-05-18,15,2,9,4,1526,421,88,1017
2020-05-19,25,0,14,11,1551,435,88,1028
2020-05-20,25,0,9,16,1576,444,88,1044
2020-05-21,28,0,9,19,1604,453,88,1063
2020-05-22,29,0,10,19,1633,463,88,1082
2020-05-23,53,0,15,38,1686,478,88,1120
2020-05-24,21,0,5,16,1707,483,88,1136
2020-05-25,10,0,3,7,1717,486,88,1143
2020-05-26,8,0,28,-20,1725,514,88,1123
2020-05-27,12,1,1,10,1737,515,89,1133
2020-05-28,16,1,7,8,1753,522,90,1141
2020-05-29,17,1,64,-48,1770,586,91,1093
2020-05-30,25,0,26,-1,1795,612,91,1092
2020-05-31,36,0,10,26,1831,622,91,1118
2020-06-01,24,2,10,12,1855,632,93,1130
2020-06-02,34,0,13,21,1889,645,93,1151
2020-06-03,35,4,11,20,1924,656,97,1171
2020-06-04,38,4,16,18,1962,672,101,1189
2020-06-05,68,9,42,17,2030,714,110,1206
2020-06-06,55,2,22,31,2085,736,112,1237
2020-06-07,73,20,17,36,2158,753,132,1273
2020-06-08,95,5,46,44,2253,799,137,1317
2020-06-09,47,6,89,-48,2300,888,143,1269
2020-06-10,145,4,128,13,2445,1016,147,1282
2020-06-11,61,4,17,40,2506,1033,151,1322
2020-06-12,54,1,50,3,2560,1083,152,1325
2020-06-13,91,3,37,51,2651,1120,155,1376
2020-06-14,103,7,27,69,2754,1147,162,1445
2020-06-15,124,20,46,58,2878,1193,182,1503
2020-06-16,70,6,20,44,2948,1213,188,1547
2020-06-17,127,8,75,44,3075,1288,196,1591
2020-06-18,76,11,38,27,3151,1326,207,1618
2020-06-19,112,9,34,69,3263,1360,216,1687
2020-06-20,127,2,37,88,3390,1397,218,1775
2020-06-21,110,2,36,72,3500,1433,220,1847
2020-06-22,81,7,42,32,3581,1475,227,1879
2020-06-23,88,8,61,19,3669,1536,235,1898
2020-06-24,109,6,33,70,3778,1569,241,1968
2020-06-25,127,3,35,89,3905,1604,244,2057
2020-06-26,221,7,60,154,4126,1664,251,2211
2020-06-27,194,5,41,148,4320,1705,256,2359
2020-06-28,161,3,30,128,4481,1735,259,2487
2020-06-29,211,3,75,133,4692,1810,262,2620
2020-06-30,175,28,158,-11,4867,1968,290,2609
2020-07-01,193,3,104,86,5060,2072,293,2695
2020-07-02,163,4,34,125,5223,2106,297,2820
2020-07-03,139,13,85,41,5362,2191,310,2861
2020-07-04,123,21,117,-15,5485,2308,331,2846
2020-07-05,204,16,32,156,5689,2340,347,3002
2020-07-06,193,25,77,91,5882,2417,372,3093
2020-07-07,176,4,87,85,6058,2504,376,3178
2020-07-08,193,16,103,74,6251,2607,392,3252
2020-07-09,155,5,35,115,6406,2642,397,3367
2020-07-10,137,20,175,-58,6543,2817,417,3309
2020-07-11,146,6,22,118,6689,2839,423,3427
2020-07-12,103,17,26,60,6792,2865,440,3487
2020-07-13,143,9,38,96,6935,2903,449,3583
2020-07-14,118,6,37,75,7053,2940,455,3658
2020-07-15,297,9,94,194,7350,3034,464,3852
2020-07-16,260,7,217,36,7610,3251,471,3888
2020-07-17,271,7,186,78,7881,3437,478,3966
2020-07-18,257,6,238,13,8138,3675,484,3979
2020-07-19,316,30,350,-64,8454,4025,514,3915
2020-07-20,346,33,259,54,8800,4284,547,3969
2020-07-21,176,19,191,-34,8976,4475,566,3935
2020-07-22,328,67,188,73,9304,4663,633,4008
2020-07-23,273,60,220,-7,9577,4883,693,4001
2020-07-24,127,36,120,-29,9704,5003,729,3972
2020-07-25,170,15,156,-1,9874,5159,744,3971
2020-07-26,75,13,149,-87,9949,5308,757,3884
2020-07-27,172,4,194,-26,10121,5502,761,3858
2020-07-28,147,12,305,-170,10268,5807,773,3688
2020-07-29,247,16,276,-45,10515,6083,789,3643
2020-07-30,126,18,344,-236,10641,6427,807,3407
2020-07-31,188,8,82,98,10829,6509,815,3505
2020-08-01,114,12,258,-156,10943,6767,827,3349
2020-08-02,55,18,122,-85,10998,6889,845,3264
2020-08-03,75,3,155,-83,11073,7044,848,3181
2020-08-04,51,1,116,-66,11124,7160,849,3115
2020-08-05,110,13,163,-66,11234,7323,862,3049
2020-08-06,116,18,186,-88,11350,7509,880,2961
2020-08-07,232,5,173,54,11582,7682,885,3015
2020-08-08,87,9,61,17,11669,7743,894,3032
2020-08-09,140,3,55,82,11809,7798,897,3114
2020-08-10,68,4,149,-85,11877,7947,901,3029
2020-08-11,86,2,120,-36,11963,8067,903,2993
2020-08-12,181,16,111,54,12144,8178,919,3047
2020-08-13,204,13,98,93,12348,8276,932,3140
2020-08-14,192,8,52,132,12540,8328,940,3272
2020-08-15,132,5,58,69,12672,8386,945,3341
2020-08-16,168,7,51,110,12840,8437,952,3451
2020-08-17,36,5,34,-3,12876,8471,957,3448
2020-08-18,118,12,91,15,12994,8562,969,3463
2020-08-19,135,8,144,-17,13129,8706,977,3446
2020-08-20,173,4,116,53,13302,8822,981,3499
2020-08-21,94,5,89,0,13396,8911,986,3499
2020-08-22,105,14,138,-47,13501,9049,1000,3452
2020-08-23,188,11,63,114,13689,9112,1011,3566
2020-08-24,153,4,100,49,13842,9212,1015,3615
2020-08-25,200,23,116,61,14042,9328,1038,3676
2020-08-26,148,27,145,-24,14190,9473,1065,3652
2020-08-27,253,29,199,25,14443,9672,1094,3677
2020-08-28,244,27,121,96,14687,9793,1121,3773
2020-08-29,182,10,90,82,14869,9883,1131,3855
2020-08-30,140,14,83,43,15009,9966,1145,3898
2020-08-31,179,9,110,60,15188,10076,1154,3958
2020-09-01,202,14,129,59,15390,10205,1168,4017
2020-09-02,266,32,365,-131,15656,10570,1200,3886
2020-09-03,242,15,130,97,15898,10700,1215,3983
2020-09-04,191,5,119,67,16089,10819,1220,4050
2020-09-05,261,10,276,-25,16350,11095,1230,4025
2020-09-06,233,8,182,43,16583,11277,1238,4068
2020-09-07,265,6,163,96,16848,11440,1244,4164
2020-09-08,242,6,145,91,17090,11585,1250,4255
2020-09-09,283,11,165,107,17373,11750,1261,4362
2020-09-10,366,19,127,220,17739,11877,1280,4582
2020-09-11,573,5,171,397,18312,12048,1285,4979
2020-09-12,386,10,146,230,18698,12194,1295,5209
2020-09-13,283,6,103,174,18981,12297,1301,5383
2020-09-14,143,8,219,-84,19124,12516,1309,5299
2020-09-15,205,12,165,28,19329,12681,1321,5327
2020-09-16,339,14,99,226,19668,12780,1335,5553
2020-09-17,291,17,178,96,19959,12958,1352,5649
2020-09-18,200,9,325,-134,20159,13283,1361,5515
2020-09-19,273,39,366,-132,20432,13649,1400,5383
2020-09-20,304,9,283,12,20736,13932,1409,5395
2020-09-21,241,20,314,-93,20977,14246,1429,5302
2020-09-22,233,42,402,-211,21210,14648,1471,5091
2020-09-23,257,20,371,-134,21467,15019,1491,4957
2020-09-24,435,26,685,-276,21902,15704,1517,4681
2020-09-25,330,15,268,47,22232,15972,1532,4728
2020-09-26,365,14,210,141,22597,16182,1546,4869
2020-09-27,253,4,117,132,22850,16299,1550,5001
2020-09-28,307,9,198,100,23157,16497,1559,5101
2020-09-29,270,12,252,6,23427,16749,1571,5107
2020-09-30,230,4,203,23,23657,16952,1575,5130
2020-10-01,302,5,190,107,23959,17142,1580,5237
2020-10-02,344,18,201,125,24303,17343,1598,5362
2020-10-03,371,5,201,165,24674,17544,1603,5527
2020-10-04,312,3,183,126,24986,17727,1606,5653
2020-10-05,368,7,194,167,25354,17921,1613,5820
2020-10-06,403,6,330,67,25757,18251,1619,5887
2020-10-07,385,4,271,110,26142,18522,1623,5997
2020-10-08,347,10,260,77,26489,18782,1633,6074
2020-10-09,408,10,199,199,26897,18981,1643,6273
2020-10-10,410,16,266,128,27307,19247,1659,6401
2020-10-11,314,8,199,107,27621,19446,1667,6508
2020-10-12,245,8,270,-33,27866,19716,1675,6475
2020-10-13,453,10,286,157,28319,20002,1685,6632
2020-10-14,286,11,885,-610,28605,20887,1696,6022
2020-10-15,470,26,2173,-1729,29075,23060,1722,4293
2020-10-16,445,9,391,45,29520,23451,1731,4338
2020-10-17,414,11,357,46,29934,23808,1742,4384
2020-10-18,355,3,383,-31,30289,24191,1745,4353
2020-10-19,316,7,334,-25,30605,24525,1752,4328
2020-10-20,442,20,587,-165,31047,25112,1772,4163
2020-10-21,375,13,380,-18,31422,25492,1785,4145
2020-10-22,510,11,365,134,31932,25857,1796,4279
2020-10-23,571,14,465,92,32503,26322,1810,4371
2020-10-24,285,20,423,-158,32788,26745,1830,4213
2020-10-25,356,8,367,-19,33144,27112,1838,4194
2020-10-26,158,17,297,-156,33302,27409,1855,4038
2020-10-27,314,12,317,-15,33616,27726,1867,4023
2020-10-28,319,10,326,-17,33935,28052,1877,4006
2020-10-29,368,9,234,125,34303,28286,1886,4131
2020-10-30,196,14,288,-106,34499,28574,1900,4025
2020-10-31,617,11,277,329,35116,28851,1911,4354
2020-11-01,462,10,328,124,35578,29179,1921,4478
2020-11-02,248,13,356,-121,35826,29535,1934,4357
2020-11-03,454,25,429,0,36280,29964,1959,4357
2020-11-04,546,16,352,178,36826,30316,1975,4535
2020-11-05,361,14,327,20,37187,30643,1989,4555
2020-11-06,613,12,277,324,37800,30920,2001,4879
2020-11-07,480,27,289,164,38280,31209,2028,5043
2020-11-08,638,8,277,353,38918,31486,2036,5396
2020-11-09,621,12,292,317,39539,31778,2048,5713
2020-11-10,684,15,315,354,40223,32093,2063,6067
2020-11-11,164,15,296,-147,40387,32389,2078,5920
2020-11-12,610,13,340,257,40997,32729,2091,6177
2020-11-13,1360,31,311,1018,42357,33040,2122,7195
2020-11-14,1219,23,242,954,43576,33282,2145,8149
2020-11-15,1042,18,267,757,44618,33549,2163,8906
2020-11-16,600,10,343,247,45218,33892,2173,9153
2020-11-17,544,39,532,-27,45762,34424,2212,9126
2020-11-18,489,18,382,89,46251,34806,2230,9215
2020-11-19,420,8,331,81,46671,35137,2238,9296
2020-11-20,476,8,378,90,47147,35515,2246,9386
2020-11-21,659,16,227,416,47806,35742,2262,9802
2020-11-22,470,19,574,-123,48276,36316,2281,9679
2020-11-23,897,10,275,612,49173,36591,2291,10291
2020-11-24,810,14,284,512,49983,36875,2305,10803
2020-11-25,998,9,309,680,50981,37184,2314,11483
2020-11-26,545,35,260,250,51526,37444,2349,11733
2020-11-27,872,49,368,455,52398,37812,2398,12188
2020-11-28,1007,20,450,537,53405,38262,2418,12725
2020-11-29,1650,72,760,818,55055,39022,2490,13543
2020-11-30,811,12,1287,-488,55866,40309,2502,13055
2020-12-01,730,8,442,280,56596,40751,2510,13335
2020-12-02,937,21,283,633,57533,41034,2531,13968
2020-12-03,772,14,315,443,58305,41349,2545,14411
2020-12-04,891,9,318,564,59196,41667,2554,14975
2020-12-05,760,6,328,426,59956,41995,2560,15401
2020-12-06,527,36,173,318,60483,42168,2596,15719
2020-12-07,594,8,288,298,61077,42456,2604,16017
2020-12-08,770,10,388,372,61847,42844,2614,16389
2020-12-09,735,37,201,497,62582,43045,2651,16886
2020-12-10,818,30,622,166,63400,43667,2681,17052
2020-12-11,786,18,284,484,64186,43951,2699,17536
2020-12-12,890,26,453,411,65076,44404,2725,17947
2020-12-13,696,45,206,445,65772,44610,2770,18392
2020-12-14,737,16,840,-119,66509,45450,2786,18273
2020-12-15,768,22,835,-89,67277,46285,2808,18184
2020-12-16,420,23,826,-429,67697,47111,2831,17755
2020-12-17,624,31,243,350,68321,47354,2862,18105
2020-12-18,354,17,360,-23,68675,47714,2879,18082
2020-12-19,989,24,215,750,69664,47929,2903,18832
2020-12-20,697,67,152,478,70361,48081,2970,19310
2020-12-21,794,79,409,306,71155,48490,3049,19616
2020-12-22,723,36,537,150,71878,49027,3085,19766
2020-12-23,913,2,497,414,72791,49524,3087,20180
2020-12-24,894,44,404,446,73685,49928,3131,20626
2020-12-25,906,85,916,-95,74591,50844,3216,20531
2020-12-26,874,19,416,439,75465,51260,3235,20970
2020-12-27,785,80,559,146,76250,51819,3315,21116
2020-12-28,978,85,606,287,77228,52425,3400,21403
2020-12-29,1056,8,982,66,78284,53407,3408,21469
2020-12-30,952,31,519,402,79236,53926,3439,21871
2020-12-31,940,18,820,102,80176,54746,3457,21973
2021-01-01,900,4,574,322,81076,55320,3461,22295
2021-01-02,971,92,902,-23,82047,56222,3553,22272
2021-01-03,929,65,404,460,82976,56626,3618,22732
2021-01-04,1038,12,675,351,84014,57301,3630,23083
2021-01-05,994,22,1304,-332,85008,58605,3652,22751
2021-01-06,1023,46,1025,-48,86031,59630,3698,22703
2021-01-07,789,46,699,44,86820,60329,3744,22747
2021-01-08,853,58,812,-17,87673,61141,3802,22730
2021-01-09,832,22,263,547,88505,61404,3824,23277
2021-01-10,841,15,134,692,89346,61538,3839,23969
2021-01-11,850,27,782,41,90196,62320,3866,24010
2021-01-12,1326,95,1123,108,91522,63443,3961,24118
2021-01-13,1474,78,620,776,92996,64063,4039,24894
2021-01-14,1500,79,939,482,94496,65002,4118,25376
2021-01-15,1995,32,832,1131,96491,65834,4150,26507
2021-01-16,1995,44,737,1214,98486,66571,4194,27721
2021-01-17,1852,41,107,1704,100338,66678,4235,29425
2021-01-18,1559,85,1048,426,101897,67726,4320,29851
2021-01-19,1618,106,660,852,103515,68386,4426,30703
2021-01-20,1775,29,510,1236,105290,68896,4455,31939
2021-01-21,1976,101,1084,791,107266,69980,4556,32730
2021-01-22,1452,35,606,811,108718,70586,4591,33541
2021-01-23,1523,8,463,1052,110241,71049,4599,34593
2021-01-24,1215,5,283,927,111456,71332,4604,35520
2021-01-25,1379,114,2037,-772,112835,73369,4718,34748
2021-01-26,1680,108,1491,81,114515,74860,4826,34829
2021-01-27,1448,107,1511,-170,115963,76371,4933,34659
2021-01-28,1507,79,860,568,117470,77231,5012,35227
2021-01-29,1495,25,348,1122,118965,77579,5037,36349
2021-01-30,1240,23,309,908,120205,77888,5060,37257
2021-01-31,1116,24,168,924,121321,78056,5084,38181
2021-02-01,975,129,1903,-1057,122296,79959,5213,37124
2021-02-02,1119,62,1264,-207,123415,81223,5275,36917
2021-02-03,1788,20,954,814,125203,82177,5295,37731
2021-02-04,1776,86,747,943,126979,82924,5381,38674
2021-02-05,1888,20,503,1365,128867,83427,5401,40039
2021-02-06,1601,15,111,1475,130468,83538,5416,41514
2021-02-07,1062,14,78,970,131530,83616,5430,42484
2021-02-08,826,9,998,-181,132356,84614,5439,42303
2021-02-09,949,50,655,244,133305,85269,5489,42547
2021-02-10,1221,9,1265,-53,134526,86534,5498,42494
2021-02-11,813,24,728,61,135339,87262,5522,42555
2021-02-12,519,21,146,352,135858,87408,5543,42907
2021-02-13,609,103,528,-22,136467,87936,5646,42885
2021-02-14,370,71,49,250,136837,87985,5717,43135
2021-02-15,709,39,221,449,137546,88206,5756,43584
2021-02-16,997,36,14,947,138543,88220,5792,44531
2021-02-17,686,6,56,624,139229,88276,5798,45155
2021-02-18,676,9,483,184,139905,88759,5807,45339
2021-02-19,984,36,659,289,140889,89418,5843,45628
2021-02-20,806,18,464,324,141695,89882,5861,45952
2021-02-21,484,12,221,251,142179,90103,5873,46203
2021-02-22,1048,40,1064,-56,143227,91167,5913,46147
2021-02-23,830,143,602,85,144057,91769,6056,46232
2021-02-24,1263,77,550,636,145320,92319,6133,46868
2021-02-25,825,67,1108,-350,146145,93427,6200,46518
2021-02-26,659,131,1058,-530,146804,94485,6331,45988
2021-02-27,633,67,2377,-1811,147437,96862,6398,44177
2021-02-28,310,16,2611,-2317,147747,99473,6414,41860
2021-03-01,659,23,850,-214,148406,100323,6437,41646
2021-03-02,985,35,801,149,149391,101124,6472,41795
2021-03-03,473,26,1265,-818,149864,102389,6498,40977
2021-03-04,593,18,671,-96,150457,103060,6516,40881
2021-03-05,873,17,278,578,151330,103338,6533,41459
2021-03-06,482,8,46,428,151812,103384,6541,41887
2021-03-07,317,2,538,-223,152129,103922,6543,41664
2021-03-08,687,82,2242,-1637,152816,106164,6625,40027
2021-03-09,717,48,1767,-1098,153533,107931,6673,38929
2021-03-10,245,31,628,-414,153778,108559,6704,38515
2021-03-11,212,12,313,-113,153990,108872,6716,38402
2021-03-12,402,27,717,-342,154392,109589,6743,38060
2021-03-13,132,9,233,-110,154524,109822,6752,37950
2021-03-14,144,3,103,38,154668,109925,6755,37988
2021-03-15,657,17,498,142,155325,110423,6772,38130
2021-03-16,563,38,1337,-812,155888,111760,6810,37318
2021-03-17,598,37,695,-134,156486,112455,6847,37184
2021-03-18,659,64,865,-270,157145,113320,6911,36914
2021-03-19,611,48,820,-257,157756,114140,6959,36657
2021-03-20,221,9,286,-74,157977,114426,6968,36583
2021-03-21,102,4,100,-2,158079,114526,6972,36581
2021-03-22,740,21,1624,-905,158819,116150,6993,35676
2021-03-23,734,22,1028,-316,159553,117178,7015,35360
2021-03-24,403,27,1115,-739,159956,118293,7042,34621
2021-03-25,438,18,546,-126,160394,118839,7060,34495
2021-03-26,267,8,527,-268,160661,119366,7068,34227
2021-03-27,141,9,86,46,160802,119452,7077,34273
2021-03-28,101,1,1,99,160903,119453,7078,34372
2021-03-29,390,37,833,-480,161293,120286,7115,33892
2021-03-30,650,16,1066,-432,161943,121352,7131,33460
2021-03-31,387,10,635,-258,162330,121987,7141,33202
2021-04-01,541,13,784,-256,162871,122771,7154,32946
2021-04-02,180,10,137,33,163051,122908,7164,32979
2021-04-03,270,3,78,189,163321,122986,7167,33168
2021-04-04,198,45,13,140,163519,122999,7212,33308
2021-04-05,499,51,1875,-1427,164018,124874,7263,31881
2021-04-06,594,3,765,-174,164612,125639,7266,31707
2021-04-07,535,9,2112,-1586,165147,127751,7275,30121
2021-04-08,798,36,2614,-1852,165945,130365,7311,28269
2021-04-09,570,27,2648,-2105,166515,133013,7338,26164
2021-04-10,281,0,288,-7,166796,133301,7338,26157
2021-04-11,206,22,359,-175,167002,133660,7360,25982
2021-04-12,741,14,1137,-410,167743,134797,7374,25572
2021-04-13,860,15,1913,-1068,168603,136710,7389,24504
2021-04-14,717,20,1721,-1024,169320,138431,7409,23480
2021-04-15,840,36,2079,-1275,170160,140510,7445,22205
2021-04-16,669,28,1799,-1158,170829,142309,7473,21047
2021-04-17,520,2,1687,-1169,171349,143996,7475,19878
2021-04-18,398,8,1099,-709,171747,145095,7483,19169
2021-04-19,683,15,1617,-949,172430,146712,7498,18220
2021-04-20,686,61,2223,-1598,173116,148935,7559,16622
2021-04-21,533,81,2020,-1568,173649,150955,7640,15054
2021-04-22,478,37,1383,-942,174127,152338,7677,14112
2021-04-23,376,43,1523,-1190,174503,153861,7720,12922
2021-04-24,319,43,614,-338,174822,154475,7763,12584
2021-04-25,247,0,310,-63,175069,154785,7763,12521
2021-04-26,646,53,470,123,175715,155255,7816,12644
2021-04-27,356,39,562,-245,176071,155817,7855,12399
2021-04-28,227,52,576,-401,176298,156393,7907,11998
2021-04-29,585,71,1397,-883,176883,157790,7978,11115
2021-04-30,405,68,939,-602,177288,158729,8046,10513
2021-05-01,202,20,230,-48,177490,158959,8066,10465
2021-05-02,178,18,80,80,177668,159039,8084,10545
2021-05-03,540,31,587,-78,178208,159626,8115,10467
2021-05-04,382,27,637,-282,178590,160263,8142,10185
2021-05-05,544,54,567,-77,179134,160830,8196,10108
2021-05-06,372,13,397,-38,179506,161227,8209,10070
2021-05-07,535,12,761,-238,180041,161988,8221,9832
2021-05-08,138,52,408,-322,180179,162396,8273,9510
2021-05-09,139,41,440,-342,180318,162836,8314,9168
2021-05-10,674,74,729,-129,180992,163565,8388,9039
2021-05-11,439,75,759,-395,181431,164324,8463,8644
2021-05-12,92,22,268,-198,181523,164592,8485,8446
2021-05-13,480,2,1020,-542,182003,165612,8487,7904
2021-05-14,165,21,399,-255,182168,166011,8508,7649
2021-05-15,251,33,380,-162,182419,166391,8541,7487
2021-05-16,349,16,372,-39,182768,166763,8557,7448
2021-05-17,689,42,846,-199,183457,167609,8599,7249
2021-05-18,575,15,610,-50,184032,168219,8614,7199
2021-05-19,415,53,176,186,184447,168395,8667,7385
2021-05-20,576,64,397,115,185023,168792,8731,7500
2021-05-21,672,44,150,478,185695,168942,8775,7978
2021-05-22,514,31,112,371,186209,169054,8806,8349
2021-05-23,367,16,235,116,186576,169289,8822,8465
2021-05-24,933,14,853,66,187509,170142,8836,8531
2021-05-25,712,28,326,358,188221,170468,8864,8889
2021-05-26,550,23,213,314,188771,170681,8887,9203
2021-05-27,713,5,232,476,189484,170913,8892,9679
2021-05-28,686,46,600,40,190170,171513,8938,9719
2021-05-29,1079,21,645,413,191249,172158,8959,10132
2021-05-30,1019,9,270,740,192268,172428,8968,10872
2021-05-31,833,21,569,243,193101,172997,8989,11115
2021-06-01,702,23,120,559,193803,173117,9012,11674
2021-06-02,803,42,159,602,194606,173276,9054,12276
2021-06-03,747,28,441,278,195353,173717,9082,12554
2021-06-04,955,53,564,338,196308,174281,9135,12892
2021-06-05,1090,19,113,958,197398,174394,9154,13850
2021-06-06,886,39,393,454,198284,174787,9193,14304
2021-06-07,1596,28,1211,357,199880,175998,9221,14661
2021-06-08,1606,33,666,907,201486,176664,9254,15568
2021-06-09,1588,16,921,651,203074,177585,9270,16219
2021-06-10,1718,60,577,1081,204792,178162,9330,17300
2021-06-11,1235,36,783,416,206027,178945,9366,17716
2021-06-12,1036,38,181,817,207063,179126,9404,18533
2021-06-13,2686,8,171,2507,209749,179297,9412,21040
2021-06-14,1455,54,653,748,211204,179950,9466,21788
2021-06-15,1773,17,869,887,212977,180819,9483,22675
2021-06-16,1478,23,575,880,214455,181394,9506,23555
2021-06-17,1554,57,966,531,216009,182360,9563,24086
2021-06-18,1502,50,713,739,217511,183073,9613,24825
2021-06-19,1679,37,232,1410,219190,183305,9650,26235
2021-06-20,1955,82,157,1716,221145,183462,9732,27951
2021-06-21,3392,44,2160,1188,224537,185622,9776,29139
2021-06-22,2417,73,1586,758,226954,187208,9849,29897
2021-06-23,2329,43,1961,325,229283,189169,9892,30222
2021-06-24,3058,69,2159,830,232341,191328,9961,31052
2021-06-25,1647,108,1797,-258,233988,193125,10069,30794
2021-06-26,1886,57,527,1302,235874,193652,10126,32096
2021-06-27,1430,96,412,922,237304,194064,10222,33018
2021-06-28,1445,69,1448,-72,238749,195512,10291,32946
2021-06-29,2751,89,1473,1189,241500,196985,10380,34135
2021-06-30,2531,81,1833,617,244031,198818,10461,34752
2021-07-01,2295,171,1665,459,246326,200483,10632,35211
2021-07-02,2703,214,1161,1328,249029,201644,10846,36539
2021-07-03,3440,221,1462,1757,252469,203106,11067,38296
2021-07-04,3050,93,961,1996,255519,204067,11160,40292
2021-07-05,3378,132,1497,1749,258897,205564,11292,42041
2021-07-06,3840,226,1676,1938,262737,207240,11518,43979
2021-07-07,3946,358,2645,943,266683,209885,11876,44922
2021-07-08,4227,237,2140,1850,270910,212025,12113,46772
2021-07-09,4607,195,2802,1610,275517,214827,12308,48382
2021-07-10,3758,162,1445,2151,279275,216272,12470,50533
2021-07-11,2349,157,2453,-261,281624,218725,12627,50272
2021-07-12,2873,193,2543,137,284497,221268,12820,50409
2021-07-13,3366,169,2337,860,287863,223605,12989,51269
2021-07-14,4015,219,2589,1207,291878,226194,13208,52476
2021-07-15,4294,242,2163,1889,296172,228357,13450,54365
2021-07-16,4234,269,2691,1274,300406,231048,13719,55639
2021-07-17,5018,242,1663,3113,305424,232711,13961,58752
2021-07-18,4513,177,3389,947,309937,236100,14138,59699
2021-07-19,4115,271,3472,372,314052,239572,14409,60071
2021-07-20,3420,266,4019,-865,317472,243591,14675,59206
2021-07-21,4296,382,3745,169,321768,247336,15057,59375
2021-07-22,5391,376,5938,-923,327159,253274,15433,58452
2021-07-23,4413,432,3870,111,331572,257144,15865,58563
2021-07-24,5450,327,3944,1179,337022,261088,16192,59742
2021-07-25,5657,261,3291,2105,342679,264379,16453,61847
2021-07-26,3985,290,4617,-922,346664,268996,16743,60925
2021-07-27,5074,409,4590,75,351738,273586,17152,61000
2021-07-28,6655,397,4457,1801,358393,278043,17549,62801
2021-07-29,4209,538,5950,-2279,362602,283993,18087,60522
2021-07-30,4443,339,4563,-459,367045,288556,18426,60063
2021-07-31,4717,312,4431,-26,371762,292987,18738,60037
2021-08-01,4035,419,4343,-727,375797,297330,19157,59310
2021-08-02,2655,291,3260,-896,378452,300590,19448,58414
2021-08-03,4116,377,3765,-26,382568,304355,19825,58388
2021-08-04,3099,489,5773,-3163,385667,310128,20314,55225
2021-08-05,4072,492,7259,-3679,389739,317387,20806,51546
2021-08-06,2748,433,7753,-5438,392487,325140,21239,46108
2021-08-07,4670,376,4759,-465,397157,329899,21615,45643
2021-08-08,4692,249,5305,-862,401849,335204,21864,44781
2021-08-09,4199,405,6337,-2543,406048,341541,22269,42238
2021-08-10,4564,481,5993,-1910,410612,347534,22750,40328
2021-08-11,4981,342,6914,-2275,415593,354448,23092,38053
2021-08-12,5299,396,7586,-2683,420892,362034,23488,35370
2021-08-13,4220,465,3617,138,425112,365651,23953,35508
2021-08-14,4561,372,5193,-1004,429673,370844,24325,34504
2021-08-15,4142,307,4050,-215,433815,374894,24632,34289
2021-08-16,3800,371,3972,-543,437615,378866,25003,33746
2021-08-17,3264,304,4772,-1812,440879,383638,25307,31934
2021-08-18,3074,292,3929,-1147,443953,387567,25599,30787
2021-08-19,1438,397,1757,-716,445391,389324,25996,30071
2021-08-20,1439,332,1294,-187,446830,390618,26328,29884
2021-08-21,1244,313,1543,-612,448074,392161,26641,29272
2021-08-22,821,316,1374,-869,448895,393535,26957,28403
2021-08-23,742,95,966,-319,449637,394501,27052,28084
2021-08-24,1246,116,928,202,450883,395429,27168,28286
2021-08-25,644,99,1514,-969,451527,396943,27267,27317
2021-08-26,812,74,1205,-467,452339,398148,27341,26850
2021-08-27,1068,45,1040,-17,453407,399188,27386,26833
2021-08-28,750,51,678,21,454157,399866,27437,26854
2021-08-29,518,38,1259,-779,454675,401125,27475,26075
2021-08-30,509,41,919,-451,455184,402044,27516,25624
2021-08-31,637,31,1088,-482,455821,403132,27547,25142
2021-09-01,959,164,1126,-331,456780,404258,27711,24811
2021-09-02,1134,205,4994,-4065,457914,409252,27916,20746
2021-09-03,727,121,1334,-728,458641,410586,28037,20018
2021-09-04,512,72,481,-41,459153,411067,28109,19977
2021-09-05,625,89,1035,-499,459778,412102,28198,19478
2021-09-06,751,71,986,-306,460529,413088,28269,19172
2021-09-07,964,115,1109,-260,461493,414197,28384,18912
2021-09-08,710,145,1013,-448,462203,415210,28529,18464
2021-09-09,534,77,668,-211,462737,415878,28606,18253
2021-09-10,505,47,637,-179,463242,416515,28653,18074
2021-09-11,295,31,369,-105,463537,416884,28684,17969
2021-09-12,168,14,1947,-1793,463705,418831,28698,16176
2021-09-13,353,32,2013,-1692,464058,420844,28730,14484
2021-09-14,339,48,1956,-1665,464397,422800,28778,12819
2021-09-15,332,39,1896,-1603,464729,424696,28817,11216
2021-09-16,293,42,1912,-1661,465022,426608,28859,9555
2021-09-17,265,41,1922,-1698,465287,428530,28900,7857
2021-09-18,298,37,1262,-1001,465585,429792,28937,6856
2021-09-19,219,11,1403,-1195,465804,431195,28948,5661
2021-09-20,332,19,1927,-1614,466136,433122,28967,4047
2021-09-21,245,23,333,-111,466381,433455,28990,3936
2021-09-22,190,14,267,-91,466571,433722,29004,3845
2021-09-23,333,16,249,68,466904,433971,29020,3913
2021-09-24,286,16,228,42,467190,434199,29036,3955
2021-09-25,309,11,210,88,467499,434409,29047,4043
2021-09-26,176,3,187,-14,467675,434596,29050,4029
2021-09-27,185,12,246,-73,467860,434842,29062,3956
2021-09-28,308,20,294,-6,468168,435136,29082,3950
2021-09-29,199,12,294,-107,468367,435430,29094,3843
2021-09-30,144,28,282,-166,468511,435712,29122,3677
2021-10-01,107,15,216,-124,468618,435928,29137,3553
2021-10-02,105,8,119,-22,468723,436047,29145,3531
2021-10-03,46,5,204,-163,468769,436251,29150,3368
2021-10-04,86,7,374,-295,468855,436625,29157,3073
2021-10-05,91,14,169,-92,468946,436794,29171,2981
2021-10-06,166,9,151,6,469112,436945,29180,2987
2021-10-07,159,8,145,6,469271,437090,29188,2993
2021-10-08,144,10,137,-3,469415,437227,29198,2990
2021-10-09,145,6,93,46,469560,437320,29204,3036
2021-10-10,83,5,80,-2,469643,437400,29209,3034
2021-10-11,97,15,157,-75,469740,437557,29224,2959
2021-10-12,151,7,136,8,469891,437693,29231,2967
2021-10-13,116,9,610,-503,470007,438303,29240,2464
2021-10-14,156,7,139,10,470163,438442,29247,2474
2021-10-15,86,4,130,-48,470249,438572,29251,2426
2021-10-16,114,9,83,22,470363,438655,29260,2448
2021-10-17,87,2,101,-16,470450,438756,29262,2432
2021-10-18,63,9,208,-154,470513,438964,29271,2278
2021-10-19,99,9,117,-27,470612,439081,29280,2251
2021-10-20,64,2,61,1,470676,439142,29282,2252
2021-10-21,88,15,122,-49,470764,439264,29297,2203
2021-10-22,89,8,157,-76,470853,439421,29305,2127
2021-10-23,150,2,120,28,471003,439541,29307,2155
2021-10-24,57,5,141,-89,471060,439682,29312,2066
2021-10-25,44,10,117,-83,471104,439799,29322,1983
2021-10-26,91,8,105,-22,471195,439904,29330,1961
2021-10-27,118,7,82,29,471313,439986,29337,1990
2021-10-28,88,6,77,5,471401,440063,29343,1995
2021-10-29,73,8,106,-41,471474,440169,29351,1954
2021-10-30,65,5,61,-1,471539,440230,29356,1953
2021-10-31,54,4,46,4,471593,440276,29360,1957
2021-11-01,65,7,104,-46,471658,440380,29367,1911
2021-11-02,65,7,102,-44,471723,440482,29374,1867
2021-11-03,80,1,79,0,471803,440561,29375,1867
2021-11-04,52,3,223,-174,471855,440784,29378,1693
2021-11-05,57,5,83,-31,471912,440867,29383,1662
2021-11-06,51,3,40,8,471963,440907,29386,1670
2021-11-07,37,1,35,1,472000,440942,29387,1671
2021-11-08,23,4,77,-58,472023,441019,29391,1613
2021-11-09,39,4,76,-41,472062,441095,29395,1572
2021-11-10,58,0,73,-15,472120,441168,29395,1557
2021-11-11,73,4,80,-11,472193,441248,29399,1546
2021-11-12,47,3,42,2,472240,441290,29402,1548
2021-11-13,42,3,19,20,472282,441309,29405,1568
2021-11-14,30,2,39,-11,472312,441348,29407,1557
2021-11-15,27,4,59,-36,472339,441407,29411,1521
2021-11-16,26,4,102,-80,472365,441509,29415,1441
2021-11-17,38,4,52,-18,472403,441561,29419,1423
2021-11-18,25,2,67,-44,472428,441628,29421,1379
2021-11-19,34,0,33,1,472462,441661,29421,1380
2021-11-20,55,5,33,17,472517,441694,29426,1397
2021-11-21,20,2,28,-10,472537,441722,29428,1387
2021-11-22,14,0,49,-35,472551,441771,29428,1352
2021-11-23,40,3,50,-13,472591,441821,29431,1339
2021-11-24,53,2,25,26,472644,441846,29433,1365
2021-11-25,45,8,64,-27,472689,441910,29441,1338
2021-11-26,43,3,22,18,472732,441932,29444,1356
2021-11-27,48,3,32,13,472780,441964,29447,1369
2021-11-28,33,0,26,7,472813,441990,29447,1376
2021-11-29,20,4,46,-30,472833,442036,29451,1346
2021-11-30,35,1,28,6,472868,442064,29452,1352
2021-12-01,20,5,15,0,472888,442079,29457,1352
2021-12-02,30,4,35,-9,472918,442114,29461,1343
2021-12-03,23,2,35,-14,472941,442149,29463,1329
2021-12-04,36,0,21,15,472977,442170,29463,1344
2021-12-05,12,1,38,-27,472989,442208,29464,1317
2021-12-06,8,0,49,-41,472997,442257,29464,1276
2021-12-07,17,3,38,-24,473014,442295,29467,1252
2021-12-08,36,6,52,-22,473050,442347,29473,1230
2021-12-09,16,3,43,-30,473066,442390,29476,1200
2021-12-10,19,1,43,-25,473085,442433,29477,1175
2021-12-11,18,3,8,7,473103,442441,29480,1182
2021-12-12,10,0,28,-18,473113,442469,29480,1164
2021-12-13,12,4,31,-23,473125,442500,29484,1141
2021-12-14,16,1,33,-18,473141,442533,29485,1123
2021-12-15,29,5,34,-10,473170,442567,29490,1113
2021-12-16,23,2,31,-10,473193,442598,29492,1103
2021-12-17,21,1,20,0,473214,442618,29493,1103
2021-12-18,17,1,11,5,473231,442629,29494,1108
2021-12-19,5,0,0,5,473236,442629,29494,1113
2021-12-20,7,2,37,-32,473243,442666,29496,1081
2021-12-21,25,3,11,11,473268,442677,29499,1092
2021-12-22,17,2,26,-11,473285,442703,29501,1081
2021-12-23,22,5,27,-10,473307,442730,29506,1071
2021-12-24,13,2,15,-4,473320,442745,29508,1067
2021-12-25,18,2,8,8,473338,442753,29510,1075
2021-12-26,4,0,12,-8,473342,442765,29510,1067
2021-12-27,8,4,11,-7,473350,442776,29514,1060
2021-12-28,15,0,12,3,473365,442788,29514,1063
2021-12-29,8,2,11,-5,473373,442799,29516,1058
2021-12-30,17,1,33,-17,473390,442832,29517,1041
2021-12-31,9,0,8,1,473399,442840,29517,1042
2022-01-01,6,0,8,-2,473405,442848,29517,1040
2022-01-02,4,0,6,-2,473409,442854,29517,1038
2022-01-03,8,0,13,-5,473417,442867,29517,1033
2022-01-04,10,1,18,-9,473427,442885,29518,1024
2022-01-05,24,0,5,19,473451,442890,29518,1043
2022-01-06,10,2,14,-6,473461,442904,29520,1037
2022-01-07,28,1,11,16,473489,442915,29521,1053
2022-01-08,9,1,15,-7,473498,442930,29522,1046
2022-01-09,8,0,5,3,473506,442935,29522,1049
2022-01-10,9,1,14,-6,473515,442949,29523,1043
2022-01-11,11,0,7,4,473526,442956,29523,1047
2022-01-12,21,0,8,13,473547,442964,29523,1060
2022-01-13,19,2,8,9,473566,442972,29525,1069
2022-01-14,10,1,5,4,473576,442977,29526,1073
2022-01-15,5,0,5,0,473581,442982,29526,1073
2022-01-16,16,1,6,9,473597,442988,29527,1082
2022-01-17,5,1,7,-3,473602,442995,29528,1079
2022-01-18,17,1,33,-17,473619,443028,29529,1062
2022-01-19,29,1,19,9,473648,443047,29530,1071
2022-01-20,31,3,12,16,473679,443059,29533,1087
2022-01-21,24,1,10,13,473703,443069,29534,1100
2022-01-22,43,0,7,36,473746,443076,29534,1136
2022-01-23,40,1,15,24,473786,443091,29535,1160
2022-01-24,21,3,11,7,473807,443102,29538,1167
2022-01-25,85,0,21,64,473892,443123,29538,1231
2022-01-26,111,1,12,98,474003,443135,29539,1329
2022-01-27,136,2,23,111,474139,443158,29541,1440
2022-01-28,161,0,20,141,474300,443178,29541,1581
2022-01-29,228,0,21,207,474528,443199,29541,1788
2022-01-30,202,2,16,184,474730,443215,29543,1972
2022-01-31,195,0,30,165,474925,443245,29543,2137
2022-02-01,331,3,47,281,475256,443292,29546,2418
2022-02-02,387,4,66,317,475643,443358,29550,2735
2022-02-03,610,4,99,507,476253,443457,29554,3242
2022-02-04,830,4,109,717,477083,443566,29558,3959
2022-02-05,1028,3,75,950,478111,443641,29561,4909
2022-02-06,1159,2,106,1051,479270,443747,29563,5960
2022-02-07,888,10,182,696,480158,443929,29573,6656
2022-02-08,1414,8,256,1150,481572,444185,29581,7806
2022-02-09,2005,6,355,1644,483577,444540,29587,9450
2022-02-10,2386,9,395,1982,485963,444935,29596,11432
2022-02-11,2650,12,695,1943,488613,445630,29608,13375
2022-02-12,3099,19,721,2359,491712,446351,29627,15734
2022-02-13,3250,12,896,2342,494962,447247,29639,18076
2022-02-14,2365,22,1128,1215,497327,448375,29661,19291
2022-02-15,3514,21,1207,2286,500841,449582,29682,21577
2022-02-16,4991,23,1782,3186,505832,451364,29705,24763
2022-02-17,4671,32,1619,3020,510503,452983,29737,27783
2022-02-18,5904,49,1819,4036,516407,454802,29786,31819
2022-02-19,5224,26,1429,3769,521631,456231,29812,35588
2022-02-20,4282,20,2151,2111,525913,458382,29832,37699
2022-02-21,3439,37,2816,586,529352,461198,29869,38285
2022-02-22,4219,64,3272,883,533571,464470,29933,39168
2022-02-23,5417,52,3250,2115,538988,467720,29985,41283
2022-02-24,6020,48,3182,2790,545008,470902,30033,44073
2022-02-25,4927,67,3649,1211,549935,474551,30100,45284
2022-02-26,5622,67,2803,2752,555557,477354,30167,48036
2022-02-27,4540,46,3812,682,560097,481166,30213,48718
2022-02-28,2904,32,4361,-1489,563001,485527,30245,47229
2022-03-01,2339,65,4537,-2263,565340,490064,30310,44966
2022-03-02,3890,101,5115,-1326,569230,495179,30411,43640
2022-03-03,3244,45,2892,307,572474,498071,30456,43947
2022-03-04,3323,96,4405,-1178,575797,502476,30552,42769
2022-03-05,1482,97,2316,-931,577279,504792,30649,41838
2022-03-06,2539,43,4964,-2468,579818,509756,30692,39370
2022-03-07,4154,63,4189,-98,583972,513945,30755,39272
2022-03-08,2682,136,5112,-2566,586654,519057,30891,36706
2022-03-09,2508,83,4151,-1726,589162,523208,30974,34980
2022-03-10,2642,90,4040,-1488,591804,527248,31064,33492
2022-03-11,1721,93,3034,-1406,593525,530282,31157,32086
2022-03-12,1275,60,2288,-1073,594800,532570,31217,31013
2022-03-13,1114,40,2070,-996,595914,534640,31257,30017
2022-03-14,927,58,3229,-2360,596841,537869,31315,27657
2022-03-15,1581,88,3143,-1650,598422,541012,31403,26007
2022-03-16,1776,63,2080,-367,600198,543092,31466,25640
2022-03-17,1450,59,2537,-1146,601648,545629,31525,24494
2022-03-18,1039,52,2108,-1121,602687,547737,31577,23373
2022-03-19,901,49,1388,-536,603588,549125,31626,22837
2022-03-20,658,43,1450,-835,604246,550575,31669,22002
2022-03-21,661,42,1599,-980,604907,552174,31711,21022
2022-03-22,828,45,1801,-1018,605735,553975,31756,20004
2022-03-23,750,38,1230,-518,606485,555205,31794,19486
2022-03-24,625,38,1423,-836,607110,556628,31832,18650
2022-03-25,501,33,1100,-632,607611,557728,31865,18018
2022-03-26,374,29,719,-374,607985,558447,31894,17644
2022-03-27,261,33,577,-349,608246,559024,31927,17295
