tanggal,KASUS,MENINGGAL,SEMBUH,DIRAWAT_OR_ISOLASI,AKUMULASI_KASUS,AKUMULASI_SEMBUH,AKUMULASI_MENINGGAL,AKUMULASI_DIRAWAT_OR_ISOLASI
2020-03-08,1,1,0,0,1,0,1,0
2020-03-09,0,0,0,0,1,0,1,0
2020-03-10,0,0,0,0,1,0,1,0
2020-03-11,2,1,1,0,3,1,2,0
2020-03-12,0,0,0,0,3,1,2,0
2020-03-13,0,0,0,0,3,1,2,0
2020-03-14,1,0,0,1,4,1,2,1
2020-03-15,1,0,1,0,5,2,2,1
2020-03-16,1,0,0,1,6,2,2,2
2020-03-17,1,0,1,0,7,3,2,2
2020-03-18,3,1,0,2,10,3,3,4
2020-03-19,1,0,0,1,11,3,3,5
2020-03-20,4,0,1,3,15,4,3,8
2020-03-21,1,1,0,0,16,4,4,8
2020-03-22,1,0,1,0,17,5,4,8
2020-03-23,3,0,0,3,20,5,4,11
2020-03-24,2,1,1,0,22,6,5,11
2020-03-25,22,1,1,20,44,7,6,31
2020-03-26,4,0,1,3,48,8,6,34
2020-03-27,8,1,1,6,56,9,7,40
2020-03-28,15,2,2,11,71,11,9,51
2020-03-29,10,3,0,7,81,11,12,58
2020-03-30,17,1,1,15,98,12,13,73
2020-03-31,15,2,0,13,113,12,15,86
2020-04-01,18,8,16,-6,131,28,23,80
2020-04-02,5,2,2,1,136,30,25,81
2020-04-03,19,1,5,13,155,35,26,94
2020-04-04,15,1,3,11,170,38,27,105
2020-04-05,3,0,0,3,173,38,27,108
2020-04-06,19,5,1,13,192,39,32,121
2020-04-07,8,0,0,8,200,39,32,129
2020-04-08,15,3,2,10,215,41,35,139
2020-04-09,11,1,5,5,226,46,36,144
2020-04-10,2,0,0,2,228,46,36,146
2020-04-11,7,1,0,6,235,46,37,152
2020-04-12,57,1,1,55,292,47,38,207
2020-04-13,10,1,1,8,302,48,39,215
2020-04-14,81,1,3,77,383,51,40,292
2020-04-15,25,2,2,21,408,53,42,313
2020-04-16,15,3,4,8,423,57,45,321
2020-04-17,14,4,16,-6,437,73,49,315
2020-04-18,38,0,7,31,475,80,49,346
2020-04-19,24,2,0,22,499,80,51,368
2020-04-20,7,2,6,-1,506,86,53,367
2020-04-21,103,2,2,99,609,88,55,466
2020-04-22,40,2,9,29,649,97,57,495
2020-04-23,68,2,11,55,717,108,59,550
2020-04-24,41,4,4,33,758,112,63,583
2020-04-25,52,2,11,39,810,123,65,622
2020-04-26,38,0,3,35,848,126,65,657
2020-04-27,22,2,13,7,870,139,67,664
2020-04-28,21,1,13,7,891,152,68,671
2020-04-29,41,3,8,30,932,160,71,701
2020-04-30,18,1,12,5,950,172,72,706
2020-05-01,28,3,10,15,978,182,75,721
2020-05-02,28,1,10,17,1006,192,76,738
2020-05-03,16,1,11,4,1022,203,77,742
2020-05-04,27,0,10,17,1049,213,77,759
2020-05-05,51,0,22,29,1100,235,77,788
2020-05-06,54,1,35,18,1154,270,78,806
2020-05-07,15,1,22,-8,1169,292,79,798
2020-05-08,44,0,39,5,1213,331,79,803
2020-05-09,31,2,17,12,1244,348,81,815
2020-05-10,23,1,6,16,1267,354,82,831
2020-05-11,3,0,6,-3,1270,360,82,828
2020-05-12,18,2,5,11,1288,365,84,839
2020-05-13,36,0,6,30,1324,371,84,869
2020-05-14,59,1,9,49,1383,380,85,918
2020-05-15,48,0,10,38,1431,390,85,956
2020-05-16,43,1,8,34,1474,398,86,990
2020-05-17,25,0,5,20,1499,403,86,1010
2020-05-18,15,2,9,4,1514,412,88,1014
2020-05-19,24,0,14,10,1538,426,88,1024
2020-05-20,24,0,9,15,1562,435,88,1039
2020-05-21,27,0,9,18,1589,444,88,1057
2020-05-22,25,0,10,15,1614,454,88,1072
2020-05-23,53,0,15,38,1667,469,88,1110
2020-05-24,21,0,5,16,1688,474,88,1126
2020-05-25,10,0,3,7,1698,477,88,1133
2020-05-26,8,0,28,-20,1706,505,88,1113
2020-05-27,12,1,1,10,1718,506,89,1123
2020-05-28,16,1,7,8,1734,513,90,1131
2020-05-29,17,1,64,-48,1751,577,91,1083
2020-05-30,24,0,25,-1,1775,602,91,1082
2020-05-31,36,0,10,26,1811,612,91,1108
2020-06-01,23,2,9,12,1834,621,93,1120
2020-06-02,33,0,12,21,1867,633,93,1141
2020-06-03,32,3,11,18,1899,644,96,1159
2020-06-04,38,4,16,18,1937,660,100,1177
2020-06-05,66,9,41,16,2003,701,109,1193
2020-06-06,54,2,22,30,2057,723,111,1223
2020-06-07,70,20,16,34,2127,739,131,1257
2020-06-08,86,5,45,36,2213,784,136,1293
2020-06-09,44,6,88,-50,2257,872,142,1243
2020-06-10,141,4,127,10,2398,999,146,1253
2020-06-11,57,4,16,37,2455,1015,150,1290
2020-06-12,52,1,48,3,2507,1063,151,1293
2020-06-13,91,3,37,51,2598,1100,154,1344
2020-06-14,101,7,27,67,2699,1127,161,1411
2020-06-15,123,20,45,58,2822,1172,181,1469
2020-06-16,69,5,20,44,2891,1192,186,1513
2020-06-17,126,8,75,43,3017,1267,194,1556
2020-06-18,74,10,36,28,3091,1303,204,1584
2020-06-19,111,9,33,69,3202,1336,213,1653
2020-06-20,127,2,37,88,3329,1373,215,1741
2020-06-21,108,1,35,72,3437,1408,216,1813
2020-06-22,79,7,42,30,3516,1450,223,1843
2020-06-23,84,7,59,18,3600,1509,230,1861
2020-06-24,103,6,33,64,3703,1542,236,1925
2020-06-25,120,2,32,86,3823,1574,238,2011
2020-06-26,220,7,51,162,4043,1625,245,2173
2020-06-27,191,4,38,149,4234,1663,249,2322
2020-06-28,161,3,29,129,4395,1692,252,2451
2020-06-29,209,2,72,135,4604,1764,254,2586
2020-06-30,172,28,157,-13,4776,1921,282,2573
2020-07-01,190,3,102,85,4966,2023,285,2658
2020-07-02,158,4,29,125,5124,2052,289,2783
2020-07-03,137,13,83,41,5261,2135,302,2824
2020-07-04,122,19,116,-13,5383,2251,321,2811
2020-07-05,203,16,30,157,5586,2281,337,2968
2020-07-06,189,24,76,89,5775,2357,361,3057
2020-07-07,176,4,87,85,5951,2444,365,3142
2020-07-08,191,16,101,74,6142,2545,381,3216
2020-07-09,154,5,34,115,6296,2579,386,3331
2020-07-10,132,20,173,-61,6428,2752,406,3270
2020-07-11,143,6,21,116,6571,2773,412,3386
2020-07-12,102,16,25,61,6673,2798,428,3447
2020-07-13,141,9,35,97,6814,2833,437,3544
2020-07-14,113,6,35,72,6927,2868,443,3616
2020-07-15,291,9,92,190,7218,2960,452,3806
2020-07-16,250,7,214,29,7468,3174,459,3835
2020-07-17,266,6,184,76,7734,3358,465,3911
2020-07-18,249,5,237,7,7983,3595,470,3918
2020-07-19,313,30,348,-65,8296,3943,500,3853
2020-07-20,343,33,258,52,8639,4201,533,3905
2020-07-21,172,19,187,-34,8811,4388,552,3871
2020-07-22,326,66,186,74,9137,4574,618,3945
2020-07-23,272,60,211,1,9409,4785,678,3946
2020-07-24,125,36,120,-31,9534,4905,714,3915
2020-07-25,168,14,154,0,9702,5059,728,3915
2020-07-26,75,13,147,-85,9777,5206,741,3830
2020-07-27,172,4,192,-24,9949,5398,745,3806
2020-07-28,147,12,300,-165,10096,5698,757,3641
2020-07-29,247,16,275,-44,10343,5973,773,3597
2020-07-30,125,18,337,-230,10468,6310,791,3367
2020-07-31,188,8,81,99,10656,6391,799,3466
2020-08-01,114,12,256,-154,10770,6647,811,3312
2020-08-02,55,18,122,-85,10825,6769,829,3227
2020-08-03,75,3,151,-79,10900,6920,832,3148
2020-08-04,51,1,114,-64,10951,7034,833,3084
2020-08-05,110,13,160,-63,11061,7194,846,3021
2020-08-06,90,18,182,-110,11151,7376,864,2911
2020-08-07,183,5,170,8,11334,7546,869,2919
2020-08-08,69,9,61,-1,11403,7607,878,2918
2020-08-09,140,3,53,84,11543,7660,881,3002
2020-08-10,54,4,146,-96,11597,7806,885,2906
2020-08-11,62,2,115,-55,11659,7921,887,2851
2020-08-12,118,15,108,-5,11777,8029,902,2846
2020-08-13,126,13,90,23,11903,8119,915,2869
2020-08-14,121,7,50,64,12024,8169,922,2933
2020-08-15,88,4,54,30,12112,8223,926,2963
2020-08-16,102,6,49,47,12214,8272,932,3010
2020-08-17,30,4,33,-7,12244,8305,936,3003
2020-08-18,88,8,75,5,12332,8380,944,3008
2020-08-19,105,6,115,-16,12437,8495,950,2992
2020-08-20,139,4,112,23,12576,8607,954,3015
2020-08-21,73,4,84,-15,12649,8691,958,3000
2020-08-22,83,11,110,-38,12732,8801,969,2962
2020-08-23,188,8,42,138,12920,8843,977,3100
2020-08-24,153,4,74,75,13073,8917,981,3175
2020-08-25,158,19,83,56,13231,9000,1000,3231
2020-08-26,118,27,137,-46,13349,9137,1027,3185
2020-08-27,198,26,158,14,13547,9295,1053,3199
2020-08-28,244,22,96,126,13791,9391,1075,3325
2020-08-29,146,10,89,47,13937,9480,1085,3372
2020-08-30,90,13,76,1,14027,9556,1098,3373
2020-08-31,112,5,92,15,14139,9648,1103,3388
2020-09-01,123,9,114,0,14262,9762,1112,3388
2020-09-02,151,30,310,-189,14413,10072,1142,3199
2020-09-03,198,13,102,83,14611,10174,1155,3282
2020-09-04,151,4,83,64,14762,10257,1159,3346
2020-09-05,195,10,225,-40,14957,10482,1169,3306
2020-09-06,233,6,128,99,15190,10610,1175,3405
2020-09-07,264,4,146,114,15454,10756,1179,3519
2020-09-08,198,5,139,54,15652,10895,1184,3573
2020-09-09,233,9,129,95,15885,11024,1193,3668
2020-09-10,366,17,107,242,16251,11131,1210,3910
2020-09-11,573,5,155,413,16824,11286,1215,4323
2020-09-12,386,9,127,250,17210,11413,1224,4573
2020-09-13,283,6,101,176,17493,11514,1230,4749
2020-09-14,143,7,194,-58,17636,11708,1237,4691
2020-09-15,158,9,163,-14,17794,11871,1246,4677
2020-09-16,271,14,99,158,18065,11970,1260,4835
2020-09-17,219,14,175,30,18284,12145,1274,4865
2020-09-18,125,7,318,-200,18409,12463,1281,4665
2020-09-19,162,33,342,-213,18571,12805,1314,4452
2020-09-20,171,8,227,-64,18742,13032,1322,4388
2020-09-21,183,14,229,-60,18925,13261,1336,4328
2020-09-22,189,35,257,-103,19114,13518,1371,4225
2020-09-23,208,18,292,-102,19322,13810,1389,4123
2020-09-24,347,20,591,-264,19669,14401,1409,3859
2020-09-25,252,13,222,17,19921,14623,1422,3876
2020-09-26,365,8,174,183,20286,14797,1430,4059
2020-09-27,253,4,110,139,20539,14907,1434,4198
2020-09-28,307,7,168,132,20846,15075,1441,4330
2020-09-29,270,12,180,78,21116,15255,1453,4408
2020-09-30,230,4,139,87,21346,15394,1457,4495
2020-10-01,302,2,173,127,21648,15567,1459,4622
2020-10-02,344,17,179,148,21992,15746,1476,4770
2020-10-03,371,5,190,176,22363,15936,1481,4946
2020-10-04,312,3,169,140,22675,16105,1484,5086
2020-10-05,298,7,189,102,22973,16294,1491,5188
2020-10-06,325,6,287,32,23298,16581,1497,5220
2020-10-07,238,4,242,-8,23536,16823,1501,5212
2020-10-08,242,6,207,29,23778,17030,1507,5241
2020-10-09,242,8,181,53,24020,17211,1515,5294
2020-10-10,333,15,204,114,24353,17415,1530,5408
2020-10-11,253,7,173,73,24606,17588,1537,5481
2020-10-12,207,6,241,-40,24813,17829,1543,5441
2020-10-13,453,9,285,159,25266,18114,1552,5600
2020-10-14,285,10,777,-502,25551,18891,1562,5098
2020-10-15,369,23,1817,-1471,25920,20708,1585,3627
2020-10-16,445,7,354,84,26365,21062,1592,3711
2020-10-17,414,9,311,94,26779,21373,1601,3805
2020-10-18,355,3,347,5,27134,21720,1604,3810
2020-10-19,316,7,311,-2,27450,22031,1611,3808
2020-10-20,442,19,528,-105,27892,22559,1630,3703
2020-10-21,375,11,320,44,28267,22879,1641,3747
2020-10-22,510,11,339,160,28777,23218,1652,3907
2020-10-23,571,12,424,135,29348,23642,1664,4042
2020-10-24,285,19,379,-113,29633,24021,1683,3929
2020-10-25,270,8,344,-82,29903,24365,1691,3847
2020-10-26,130,12,277,-159,30033,24642,1703,3688
2020-10-27,242,12,303,-73,30275,24945,1715,3615
2020-10-28,193,10,286,-103,30468,25231,1725,3512
2020-10-29,251,8,199,44,30719,25430,1733,3556
2020-10-30,123,14,220,-111,30842,25650,1747,3445
2020-10-31,382,11,222,149,31224,25872,1758,3594
2020-11-01,365,6,256,103,31589,26128,1764,3697
2020-11-02,248,12,292,-56,31837,26420,1776,3641
2020-11-03,359,23,356,-20,32196,26776,1799,3621
2020-11-04,431,13,313,105,32627,27089,1812,3726
2020-11-05,361,10,275,76,32988,27364,1822,3802
2020-11-06,493,11,249,233,33481,27613,1833,4035
2020-11-07,376,23,246,107,33857,27859,1856,4142
2020-11-08,499,8,226,265,34356,28085,1864,4407
2020-11-09,621,10,213,398,34977,28298,1874,4805
2020-11-10,684,13,260,411,35661,28558,1887,5216
2020-11-11,164,12,238,-86,35825,28796,1899,5130
2020-11-12,610,11,288,311,36435,29084,1910,5441
2020-11-13,1360,28,258,1074,37795,29342,1938,6515
2020-11-14,1219,23,219,977,39014,29561,1961,7492
2020-11-15,1042,17,233,792,40056,29794,1978,8284
2020-11-16,600,8,317,275,40656,30111,1986,8559
2020-11-17,543,37,491,15,41199,30602,2023,8574
2020-11-18,387,15,343,29,41586,30945,2038,8603
2020-11-19,315,8,306,1,41901,31251,2046,8604
2020-11-20,286,8,343,-65,42187,31594,2054,8539
2020-11-21,410,13,209,188,42597,31803,2067,8727
2020-11-22,283,15,452,-184,42880,32255,2082,8543
2020-11-23,897,10,266,621,43777,32521,2092,9164
2020-11-24,674,12,256,406,44451,32777,2104,9570
2020-11-25,768,9,291,468,45219,33068,2113,10038
2020-11-26,427,28,235,164,45646,33303,2141,10202
2020-11-27,872,39,318,515,46518,33621,2180,10717
2020-11-28,1007,18,432,557,47525,34053,2198,11274
2020-11-29,1650,63,674,913,49175,34727,2261,12187
2020-11-30,811,11,1134,-334,49986,35861,2272,11853
2020-12-01,730,7,410,313,50716,36271,2279,12166
2020-12-02,937,20,262,655,51653,36533,2299,12821
2020-12-03,772,13,265,494,52425,36798,2312,13315
2020-12-04,737,6,290,441,53162,37088,2318,13756
2020-12-05,465,5,271,189,53627,37359,2323,13945
2020-12-06,304,32,149,123,53931,37508,2355,14068
2020-12-07,349,6,234,109,54280,37742,2361,14177
2020-12-08,660,8,334,318,54940,38076,2369,14495
2020-12-09,594,33,166,395,55534,38242,2402,14890
2020-12-10,648,26,551,71,56182,38793,2428,14961
2020-12-11,786,17,256,513,56968,39049,2445,15474
2020-12-12,890,22,409,459,57858,39458,2467,15933
2020-12-13,696,43,196,457,58554,39654,2510,16390
2020-12-14,737,11,752,-26,59291,40406,2521,16364
2020-12-15,768,19,730,19,60059,41136,2540,16383
2020-12-16,420,19,716,-315,60479,41852,2559,16068
2020-12-17,624,29,233,362,61103,42085,2588,16430
2020-12-18,354,15,312,27,61457,42397,2603,16457
2020-12-19,989,23,195,771,62446,42592,2626,17228
2020-12-20,697,62,134,501,63143,42726,2688,17729
2020-12-21,794,70,397,327,63937,43123,2758,18056
2020-12-22,723,34,517,172,64660,43640,2792,18228
2020-12-23,913,2,419,492,65573,44059,2794,18720
2020-12-24,720,43,380,297,66293,44439,2837,19017
2020-12-25,546,81,869,-404,66839,45308,2918,18613
2020-12-26,537,15,409,113,67376,45717,2933,18726
2020-12-27,633,70,524,39,68009,46241,3003,18765
2020-12-28,785,76,494,215,68794,46735,3079,18980
2020-12-29,857,7,910,-60,69651,47645,3086,18920
2020-12-30,952,26,483,443,70603,48128,3112,19363
2020-12-31,940,16,746,178,71543,48874,3128,19541
2021-01-01,900,4,571,325,72443,49445,3132,19866
2021-01-02,971,77,872,22,73414,50317,3209,19888
2021-01-03,929,51,395,483,74343,50712,3260,20371
2021-01-04,1038,10,591,437,75381,51303,3270,20808
2021-01-05,994,22,1073,-101,76375,52376,3292,20707
2021-01-06,1023,41,725,257,77398,53101,3333,20964
2021-01-07,789,45,602,142,78187,53703,3378,21106
2021-01-08,853,58,692,103,79040,54395,3436,21209
2021-01-09,832,21,243,568,79872,54638,3457,21777
2021-01-10,841,14,128,699,80713,54766,3471,22476
2021-01-11,850,27,772,51,81563,55538,3498,22527
2021-01-12,1326,89,1080,157,82889,56618,3587,22684
2021-01-13,1187,77,615,495,84076,57233,3664,23179
2021-01-14,901,74,885,-58,84977,58118,3738,23121
2021-01-15,1582,27,701,854,86559,58819,3765,23975
2021-01-16,1995,38,655,1302,88554,59474,3803,25277
2021-01-17,1852,37,106,1709,90406,59580,3840,26986
2021-01-18,1559,80,968,511,91965,60548,3920,27497
2021-01-19,1618,103,591,924,93583,61139,4023,28421
2021-01-20,1775,27,457,1291,95358,61596,4050,29712
2021-01-21,1976,100,996,880,97334,62592,4150,30592
2021-01-22,1452,35,577,840,98786,63169,4185,31432
2021-01-23,1523,7,441,1075,100309,63610,4192,32507
2021-01-24,1215,4,249,962,101524,63859,4196,33469
2021-01-25,1379,111,1933,-665,102903,65792,4307,32804
2021-01-26,1327,99,1350,-122,104230,67142,4406,32682
2021-01-27,1448,101,1454,-107,105678,68596,4507,32575
2021-01-28,1507,74,825,608,107185,69421,4581,33183
2021-01-29,1219,23,338,858,108404,69759,4604,34041
2021-01-30,1240,22,305,913,109644,70064,4626,34954
2021-01-31,1116,23,159,934,110760,70223,4649,35888
2021-02-01,975,122,1792,-939,111735,72015,4771,34949
2021-02-02,883,59,1174,-350,112618,73189,4830,34599
2021-02-03,1080,20,866,194,113698,74055,4850,34793
2021-02-04,1394,73,708,613,115092,74763,4923,35406
2021-02-05,1489,16,405,1068,116581,75168,4939,36474
2021-02-06,1601,15,103,1483,118182,75271,4954,37957
2021-02-07,1062,14,66,982,119244,75337,4968,38939
2021-02-08,826,9,904,-87,120070,76241,4977,38852
2021-02-09,949,48,617,284,121019,76858,5025,39136
2021-02-10,1221,8,1152,61,122240,78010,5033,39197
2021-02-11,813,24,668,121,123053,78678,5057,39318
2021-02-12,519,20,139,360,123572,78817,5077,39678
2021-02-13,609,98,490,21,124181,79307,5175,39699
2021-02-14,370,71,42,257,124551,79349,5246,39956
2021-02-15,709,36,212,461,125260,79561,5282,40417
2021-02-16,997,31,14,952,126257,79575,5313,41369
2021-02-17,686,4,45,637,126943,79620,5317,42006
2021-02-18,561,9,465,87,127504,80085,5326,42093
2021-02-19,984,35,642,307,128488,80727,5361,42400
2021-02-20,653,18,439,196,129141,81166,5379,42596
2021-02-21,484,12,221,251,129625,81387,5391,42847
2021-02-22,838,40,1011,-213,130463,82398,5431,42634
2021-02-23,318,130,525,-337,130781,82923,5561,42297
2021-02-24,1054,68,523,463,131835,83446,5629,42760
2021-02-25,649,56,1053,-460,132484,84499,5685,42300
2021-02-26,659,120,951,-412,133143,85450,5805,41888
2021-02-27,633,63,2184,-1614,133776,87634,5868,40274
2021-02-28,310,13,2405,-2108,134086,90039,5881,38166
2021-03-01,659,20,761,-122,134745,90800,5901,38044
2021-03-02,985,29,683,273,135730,91483,5930,38317
2021-03-03,473,25,1165,-717,136203,92648,5955,37600
2021-03-04,593,15,599,-21,136796,93247,5970,37579
2021-03-05,873,14,248,611,137669,93495,5984,38190
2021-03-06,482,7,36,439,138151,93531,5991,38629
2021-03-07,317,2,465,-150,138468,93996,5993,38479
2021-03-08,687,77,2020,-1410,139155,96016,6070,37069
2021-03-09,717,47,1674,-1004,139872,97690,6117,36065
2021-03-10,245,30,543,-328,140117,98233,6147,35737
2021-03-11,212,10,295,-93,140329,98528,6157,35644
2021-03-12,402,27,676,-301,140731,99204,6184,35343
2021-03-13,132,8,231,-107,140863,99435,6192,35236
2021-03-14,108,3,100,5,140971,99535,6195,35241
2021-03-15,535,15,433,87,141506,99968,6210,35328
2021-03-16,331,36,1221,-926,141837,101189,6246,34402
2021-03-17,469,35,661,-227,142306,101850,6281,34175
2021-03-18,507,58,755,-306,142813,102605,6339,33869
2021-03-19,482,48,755,-321,143295,103360,6387,33548
2021-03-20,174,9,243,-78,143469,103603,6396,33470
2021-03-21,102,4,93,5,143571,103696,6400,33475
2021-03-22,740,19,1512,-791,144311,105208,6419,32684
2021-03-23,734,20,907,-193,145045,106115,6439,32491
2021-03-24,403,23,1024,-644,145448,107139,6462,31847
2021-03-25,438,16,476,-54,145886,107615,6478,31793
2021-03-26,267,7,474,-214,146153,108089,6485,31579
2021-03-27,141,9,85,47,146294,108174,6494,31626
2021-03-28,101,1,1,99,146395,108175,6495,31725
2021-03-29,390,37,782,-429,146785,108957,6532,31296
2021-03-30,650,15,968,-333,147435,109925,6547,30963
2021-03-31,387,7,582,-202,147822,110507,6554,30761
2021-04-01,541,10,740,-209,148363,111247,6564,30552
2021-04-02,180,9,120,51,148543,111367,6573,30603
2021-04-03,220,2,69,149,148763,111436,6575,30752
2021-04-04,111,44,11,56,148874,111447,6619,30808
2021-04-05,314,38,1736,-1460,149188,113183,6657,29348
2021-04-06,235,3,739,-507,149423,113922,6660,28841
2021-04-07,418,9,2030,-1621,149841,115952,6669,27220
2021-04-08,653,34,2327,-1708,150494,118279,6703,25512
2021-04-09,466,16,2333,-1883,150960,120612,6719,23629
2021-04-10,221,0,288,-67,151181,120900,6719,23562
2021-04-11,206,21,357,-172,151387,121257,6740,23390
2021-04-12,741,13,1086,-358,152128,122343,6753,23032
2021-04-13,860,13,1738,-891,152988,124081,6766,22141
2021-04-14,717,15,1447,-745,153705,125528,6781,21396
2021-04-15,840,29,1736,-925,154545,127264,6810,20471
2021-04-16,669,23,1652,-1006,155214,128916,6833,19465
2021-04-17,520,2,1669,-1151,155734,130585,6835,18314
2021-04-18,398,7,1085,-694,156132,131670,6842,17620
2021-04-19,683,15,1561,-893,156815,133231,6857,16727
2021-04-20,686,54,1930,-1298,157501,135161,6911,15429
2021-04-21,533,81,1901,-1449,158034,137062,6992,13980
2021-04-22,478,25,1347,-894,158512,138409,7017,13086
2021-04-23,295,41,1368,-1114,158807,139777,7058,11972
2021-04-24,248,42,581,-375,159055,140358,7100,11597
2021-04-25,149,0,309,-160,159204,140667,7100,11437
2021-04-26,362,47,462,-147,159566,141129,7147,11290
2021-04-27,198,39,538,-379,159764,141667,7186,10911
2021-04-28,188,48,521,-381,159952,142188,7234,10530
2021-04-29,468,68,988,-588,160420,143176,7302,9942
2021-04-30,327,65,786,-524,160747,143962,7367,9418
2021-05-01,202,20,219,-37,160949,144181,7387,9381
2021-05-02,178,18,80,80,161127,144261,7405,9461
2021-05-03,540,30,529,-19,161667,144790,7435,9442
2021-05-04,382,25,548,-191,162049,145338,7460,9251
2021-05-05,544,49,510,-15,162593,145848,7509,9236
2021-05-06,372,11,362,-1,162965,146210,7520,9235
2021-05-07,535,10,737,-212,163500,146947,7530,9023
2021-05-08,138,47,402,-311,163638,147349,7577,8712
2021-05-09,139,28,425,-314,163777,147774,7605,8398
2021-05-10,674,69,632,-27,164451,148406,7674,8371
2021-05-11,439,72,711,-344,164890,149117,7746,8027
2021-05-12,92,22,263,-193,164982,149380,7768,7834
2021-05-13,376,2,1015,-641,165358,150395,7770,7193
2021-05-14,129,15,341,-227,165487,150736,7785,6966
2021-05-15,199,32,369,-202,165686,151105,7817,6764
2021-05-16,210,15,316,-121,165896,151421,7832,6643
2021-05-17,415,31,753,-369,166311,152174,7863,6274
2021-05-18,348,10,573,-235,166659,152747,7873,6039
2021-05-19,337,45,155,137,166996,152902,7918,6176
2021-05-20,469,52,350,67,167465,153252,7970,6243
2021-05-21,537,38,134,365,168002,153386,8008,6608
2021-05-22,422,23,93,306,168424,153479,8031,6914
2021-05-23,367,16,232,119,168791,153711,8047,7033
2021-05-24,933,12,795,126,169724,154506,8059,7159
2021-05-25,712,24,249,439,170436,154755,8083,7598
2021-05-26,550,15,195,340,170986,154950,8098,7938
2021-05-27,713,5,193,515,171699,155143,8103,8453
2021-05-28,686,40,472,174,172385,155615,8143,8627
2021-05-29,1079,18,552,509,173464,156167,8161,9136
2021-05-30,1019,7,213,799,174483,156380,8168,9935
2021-05-31,833,18,477,338,175316,156857,8186,10273
2021-06-01,702,19,109,574,176018,156966,8205,10847
2021-06-02,616,41,146,429,176634,157112,8246,11276
2021-06-03,457,25,397,35,177091,157509,8271,11311
2021-06-04,551,44,507,0,177642,158016,8315,11311
2021-06-05,868,19,92,757,178510,158108,8334,12068
2021-06-06,719,32,269,418,179229,158377,8366,12486
2021-06-07,1267,22,1146,99,180496,159523,8388,12585
2021-06-08,1606,30,597,979,182102,160120,8418,13564
2021-06-09,1588,15,872,701,183690,160992,8433,14265
2021-06-10,1718,54,538,1126,185408,161530,8487,15391
2021-06-11,1235,34,662,539,186643,162192,8521,15930
2021-06-12,1036,37,165,834,187679,162357,8558,16764
2021-06-13,2686,8,139,2539,190365,162496,8566,19303
2021-06-14,1455,41,576,838,191820,163072,8607,20141
2021-06-15,1773,14,764,995,193593,163836,8621,21136
2021-06-16,1478,19,496,963,195071,164332,8640,22099
2021-06-17,1554,44,892,618,196625,165224,8684,22717
2021-06-18,1502,47,685,770,198127,165909,8731,23487
2021-06-19,1679,33,209,1437,199806,166118,8764,24924
2021-06-20,1955,79,149,1727,201761,166267,8843,26651
2021-06-21,3392,43,1908,1441,205153,168175,8886,28092
2021-06-22,1477,73,1489,-85,206630,169664,8959,28007
2021-06-23,1599,41,1835,-277,208229,171499,9000,27730
2021-06-24,3058,66,2111,881,211287,173610,9066,28611
2021-06-25,1647,105,1723,-181,212934,175333,9171,28430
2021-06-26,1886,56,490,1340,214820,175823,9227,29770
2021-06-27,1430,94,402,934,216250,176225,9321,30704
2021-06-28,1444,63,1248,133,217694,177473,9384,30837
2021-06-29,2751,83,1321,1347,220445,178794,9467,32184
2021-06-30,2246,69,1722,455,222691,180516,9536,32639
2021-07-01,2295,153,1572,570,224986,182088,9689,33209
2021-07-02,2703,189,1092,1422,227689,183180,9878,34631
2021-07-03,3439,216,1367,1856,231128,184547,10094,36487
2021-07-04,3050,86,909,2055,234178,185456,10180,38542
2021-07-05,3378,115,1475,1788,237556,186931,10295,40330
2021-07-06,3840,207,1627,2006,241396,188558,10502,42336
2021-07-07,3946,358,2617,971,245342,191175,10860,43307
2021-07-08,3412,218,2068,1126,248754,193243,11078,44433
2021-07-09,4520,180,2681,1659,253274,195924,11258,46092
2021-07-10,3664,155,1425,2084,256938,197349,11413,48176
2021-07-11,1958,146,2291,-479,258896,199640,11559,47697
2021-07-12,2494,176,2384,-66,261390,202024,11735,47631
2021-07-13,3366,162,2278,926,264756,204302,11897,48557
2021-07-14,4015,207,2523,1285,268771,206825,12104,49842
2021-07-15,4294,233,2111,1950,273065,208936,12337,51792
2021-07-16,4234,265,2625,1344,277299,211561,12602,53136
2021-07-17,5018,236,1629,3153,282317,213190,12838,56289
2021-07-18,4513,177,3291,1045,286830,216481,13015,57334
2021-07-19,4115,269,3381,465,290945,219862,13284,57799
2021-07-20,3420,264,3921,-765,294365,223783,13548,57034
2021-07-21,4296,379,3612,305,298661,227395,13927,57339
2021-07-22,5391,375,5875,-859,304052,233270,14302,56480
2021-07-23,3559,394,3629,-464,307611,236899,14696,56016
2021-07-24,4363,295,3581,487,311974,240480,14991,56503
2021-07-25,4616,212,3068,1336,316590,243548,15203,57839
2021-07-26,3985,276,4258,-549,320575,247806,15479,57290
2021-07-27,5074,400,4389,285,325649,252195,15879,57575
2021-07-28,6655,392,4261,2002,332304,256456,16271,59577
2021-07-29,4209,512,5633,-1936,336513,262089,16783,57641
2021-07-30,4443,334,4481,-372,340956,266570,17117,57269
2021-07-31,4717,300,4343,74,345673,270913,17417,57343
2021-08-01,2413,301,4120,-2008,348086,275033,17718,55335
2021-08-02,2655,278,3074,-697,350741,278107,17996,54638
2021-08-03,4116,364,3529,223,354857,281636,18360,54861
2021-08-04,3099,469,5241,-2611,357956,286877,18829,52250
2021-08-05,4068,481,6780,-3193,362024,293657,19310,49057
2021-08-06,2748,423,7138,-4813,364772,300795,19733,44244
2021-08-07,4670,356,4592,-278,369442,305387,20089,43966
2021-08-08,4689,238,5242,-791,374131,310629,20327,43175
2021-08-09,4199,396,6245,-2442,378330,316874,20723,40733
2021-08-10,4564,467,5900,-1803,382894,322774,21190,38930
2021-08-11,4980,333,6822,-2175,387874,329596,21523,36755
2021-08-12,5299,387,7294,-2382,393173,336890,21910,34373
2021-08-13,4220,449,3464,307,397393,340354,22359,34680
2021-08-14,4561,365,5178,-982,401954,345532,22724,33698
2021-08-15,3303,265,3855,-817,405257,349387,22989,32881
2021-08-16,3800,367,3705,-272,409057,353092,23356,32609
2021-08-17,2834,287,4391,-1844,411891,357483,23643,30765
2021-08-18,2462,262,3624,-1424,414353,361107,23905,29341
2021-08-19,1170,373,1670,-873,415523,362777,24278,28468
2021-08-20,1439,322,1248,-131,416962,364025,24600,28337
2021-08-21,743,296,1407,-960,417705,365432,24896,27377
2021-08-22,649,303,1296,-950,418354,366728,25199,26427
2021-08-23,692,85,895,-288,419046,367623,25284,26139
2021-08-24,1246,105,887,254,420292,368510,25389,26393
2021-08-25,644,92,1433,-881,420936,369943,25481,25512
2021-08-26,812,68,1096,-352,421748,371039,25549,25160
2021-08-27,1068,38,949,81,422816,371988,25587,25241
2021-08-28,750,47,610,93,423566,372598,25634,25334
2021-08-29,517,35,1091,-609,424083,373689,25669,24725
2021-08-30,509,41,843,-375,424592,374532,25710,24350
2021-08-31,637,29,1001,-393,425229,375533,25739,23957
2021-09-01,959,163,1047,-251,426188,376580,25902,23706
2021-09-02,1133,202,4724,-3793,427321,381304,26104,19913
2021-09-03,727,118,1243,-634,428048,382547,26222,19279
2021-09-04,512,70,467,-25,428560,383014,26292,19254
2021-09-05,625,88,1023,-486,429185,384037,26380,18768
2021-09-06,751,70,971,-290,429936,385008,26450,18478
2021-09-07,962,112,1100,-250,430898,386108,26562,18228
2021-09-08,710,144,1001,-435,431608,387109,26706,17793
2021-09-09,534,74,661,-201,432142,387770,26780,17592
2021-09-10,411,45,597,-231,432553,388367,26825,17361
2021-09-11,169,25,339,-195,432722,388706,26850,17166
2021-09-12,98,12,1810,-1724,432820,390516,26862,15442
2021-09-13,211,24,1771,-1584,433031,392287,26886,13858
2021-09-14,282,42,1928,-1688,433313,394215,26928,12170
2021-09-15,269,34,1866,-1631,433582,396081,26962,10539
2021-09-16,221,38,1827,-1644,433803,397908,27000,8895
2021-09-17,219,39,1841,-1661,434022,399749,27039,7234
2021-09-18,298,36,1236,-974,434320,400985,27075,6260
2021-09-19,219,10,1358,-1149,434539,402343,27085,5111
2021-09-20,332,18,1793,-1479,434871,404136,27103,3632
2021-09-21,245,21,281,-57,435116,404417,27124,3575
2021-09-22,190,13,231,-54,435306,404648,27137,3521
2021-09-23,333,14,217,102,435639,404865,27151,3623
2021-09-24,286,15,188,83,435925,405053,27166,3706
2021-09-25,308,11,184,113,436233,405237,27177,3819
2021-09-26,176,3,164,9,436409,405401,27180,3828
2021-09-27,184,12,227,-55,436593,405628,27192,3773
2021-09-28,308,19,281,8,436901,405909,27211,3781
2021-09-29,199,11,283,-95,437100,406192,27222,3686
2021-09-30,144,27,280,-163,437244,406472,27249,3523
2021-10-01,107,15,213,-121,437351,406685,27264,3402
2021-10-02,105,8,118,-21,437456,406803,27272,3381
2021-10-03,46,5,201,-160,437502,407004,27277,3221
2021-10-04,65,6,361,-302,437567,407365,27283,2919
2021-10-05,91,12,168,-89,437658,407533,27295,2830
2021-10-06,165,9,150,6,437823,407683,27304,2836
2021-10-07,159,8,143,8,437982,407826,27312,2844
2021-10-08,144,10,134,0,438126,407960,27322,2844
2021-10-09,145,6,92,47,438271,408052,27328,2891
2021-10-10,83,5,80,-2,438354,408132,27333,2889
2021-10-11,97,15,156,-74,438451,408288,27348,2815
2021-10-12,151,7,133,11,438602,408421,27355,2826
2021-10-13,116,9,556,-449,438718,408977,27364,2377
2021-10-14,156,7,137,12,438874,409114,27371,2389
2021-10-15,86,4,126,-44,438960,409240,27375,2345
2021-10-16,114,8,81,25,439074,409321,27383,2370
2021-10-17,87,2,99,-14,439161,409420,27385,2356
2021-10-18,63,9,205,-151,439224,409625,27394,2205
2021-10-19,99,9,114,-24,439323,409739,27403,2181
2021-10-20,64,2,61,1,439387,409800,27405,2182
2021-10-21,88,15,118,-45,439475,409918,27420,2137
2021-10-22,89,8,153,-72,439564,410071,27428,2065
2021-10-23,118,2,120,-4,439682,410191,27430,2061
2021-10-24,57,5,140,-88,439739,410331,27435,1973
2021-10-25,36,10,115,-89,439775,410446,27445,1884
2021-10-26,91,8,104,-21,439866,410550,27453,1863
2021-10-27,118,7,81,30,439984,410631,27460,1893
2021-10-28,88,5,76,7,440072,410707,27465,1900
2021-10-29,73,8,100,-35,440145,410807,27473,1865
2021-10-30,65,5,61,-1,440210,410868,27478,1864
2021-10-31,54,4,44,6,440264,410912,27482,1870
2021-11-01,65,7,100,-42,440329,411012,27489,1828
2021-11-02,65,7,95,-37,440394,411107,27496,1791
2021-11-03,80,1,74,5,440474,411181,27497,1796
2021-11-04,52,3,217,-168,440526,411398,27500,1628
2021-11-05,57,5,81,-29,440583,411479,27505,1599
2021-11-06,51,3,39,9,440634,411518,27508,1608
2021-11-07,37,1,35,1,440671,411553,27509,1609
2021-11-08,23,4,75,-56,440694,411628,27513,1553
2021-11-09,39,3,76,-40,440733,411704,27516,1513
2021-11-10,58,0,72,-14,440791,411776,27516,1499
2021-11-11,55,4,76,-25,440846,411852,27520,1474
2021-11-12,47,3,41,3,440893,411893,27523,1477
2021-11-13,33,3,19,11,440926,411912,27526,1488
2021-11-14,30,2,37,-9,440956,411949,27528,1479
2021-11-15,27,4,59,-36,440983,412008,27532,1443
2021-11-16,26,4,97,-75,441009,412105,27536,1368
2021-11-17,38,4,46,-12,441047,412151,27540,1356
2021-11-18,25,2,67,-44,441072,412218,27542,1312
2021-11-19,34,0,33,1,441106,412251,27542,1313
2021-11-20,55,5,32,18,441161,412283,27547,1331
2021-11-21,20,2,25,-7,441181,412308,27549,1324
2021-11-22,14,0,48,-34,441195,412356,27549,1290
2021-11-23,40,3,46,-9,441235,412402,27552,1281
2021-11-24,53,2,23,28,441288,412425,27554,1309
2021-11-25,45,8,64,-27,441333,412489,27562,1282
2021-11-26,43,3,22,18,441376,412511,27565,1300
2021-11-27,48,3,32,13,441424,412543,27568,1313
2021-11-28,33,0,25,8,441457,412568,27568,1321
2021-11-29,20,4,45,-29,441477,412613,27572,1292
2021-11-30,35,1,28,6,441512,412641,27573,1298
2021-12-01,16,5,15,-4,441528,412656,27578,1294
2021-12-02,27,4,35,-12,441555,412691,27582,1282
2021-12-03,23,2,34,-13,441578,412725,27584,1269
2021-12-04,36,0,21,15,441614,412746,27584,1284
2021-12-05,12,1,37,-26,441626,412783,27585,1258
2021-12-06,8,0,48,-40,441634,412831,27585,1218
2021-12-07,17,2,37,-22,441651,412868,27587,1196
2021-12-08,36,6,51,-21,441687,412919,27593,1175
2021-12-09,16,3,42,-29,441703,412961,27596,1146
2021-12-10,19,1,43,-25,441722,413004,27597,1121
2021-12-11,18,3,8,7,441740,413012,27600,1128
2021-12-12,10,0,27,-17,441750,413039,27600,1111
2021-12-13,11,4,30,-23,441761,413069,27604,1088
2021-12-14,16,1,33,-18,441777,413102,27605,1070
2021-12-15,29,4,34,-9,441806,413136,27609,1061
2021-12-16,23,2,30,-9,441829,413166,27611,1052
2021-12-17,21,1,20,0,441850,413186,27612,1052
2021-12-18,17,1,11,5,441867,413197,27613,1057
2021-12-19,5,0,0,5,441872,413197,27613,1062
2021-12-20,7,2,35,-30,441879,413232,27615,1032
2021-12-21,25,3,11,11,441904,413243,27618,1043
2021-12-22,17,2,26,-11,441921,413269,27620,1032
2021-12-23,22,5,27,-10,441943,413296,27625,1022
2021-12-24,13,2,15,-4,441956,413311,27627,1018
2021-12-25,18,2,8,8,441974,413319,27629,1026
2021-12-26,4,0,12,-8,441978,413331,27629,1018
2021-12-27,8,4,11,-7,441986,413342,27633,1011
2021-12-28,15,0,12,3,442001,413354,27633,1014
2021-12-29,8,2,11,-5,442009,413365,27635,1009
2021-12-30,17,1,33,-17,442026,413398,27636,992
2021-12-31,9,0,8,1,442035,413406,27636,993
2022-01-01,6,0,8,-2,442041,413414,27636,991
2022-01-02,4,0,6,-2,442045,413420,27636,989
2022-01-03,8,0,13,-5,442053,413433,27636,984
2022-01-04,10,1,18,-9,442063,413451,27637,975
2022-01-05,24,0,5,19,442087,413456,27637,994
2022-01-06,10,2,14,-6,442097,413470,27639,988
2022-01-07,28,1,11,16,442125,413481,27640,1004
2022-01-08,9,1,15,-7,442134,413496,27641,997
2022-01-09,8,0,5,3,442142,413501,27641,1000
2022-01-10,9,1,14,-6,442151,413515,27642,994
2022-01-11,11,0,7,4,442162,413522,27642,998
2022-01-12,21,0,8,13,442183,413530,27642,1011
2022-01-13,19,2,8,9,442202,413538,27644,1020
2022-01-14,10,1,5,4,442212,413543,27645,1024
2022-01-15,5,0,5,0,442217,413548,27645,1024
2022-01-16,16,1,6,9,442233,413554,27646,1033
2022-01-17,5,1,7,-3,442238,413561,27647,1030
2022-01-18,17,0,33,-16,442255,413594,27647,1014
2022-01-19,29,1,19,9,442284,413613,27648,1023
2022-01-20,31,3,12,16,442315,413625,27651,1039
2022-01-21,24,1,10,13,442339,413635,27652,1052
2022-01-22,43,0,7,36,442382,413642,27652,1088
2022-01-23,40,1,15,24,442422,413657,27653,1112
2022-01-24,21,3,11,7,442443,413668,27656,1119
2022-01-25,85,0,21,64,442528,413689,27656,1183
2022-01-26,111,1,12,98,442639,413701,27657,1281
2022-01-27,136,2,22,112,442775,413723,27659,1393
2022-01-28,161,0,20,141,442936,413743,27659,1534
2022-01-29,228,0,21,207,443164,413764,27659,1741
2022-01-30,154,2,16,136,443318,413780,27661,1877
2022-01-31,195,0,30,165,443513,413810,27661,2042
2022-02-01,331,3,47,281,443844,413857,27664,2323
2022-02-02,387,4,66,317,444231,413923,27668,2640
2022-02-03,610,4,95,511,444841,414018,27672,3151
2022-02-04,830,4,107,719,445671,414125,27676,3870
2022-02-05,1028,3,72,953,446699,414197,27679,4823
2022-02-06,1159,2,105,1052,447858,414302,27681,5875
2022-02-07,888,10,178,700,448746,414480,27691,6575
2022-02-08,1414,8,255,1151,450160,414735,27699,7726
2022-02-09,2005,6,352,1647,452165,415087,27705,9373
2022-02-10,2386,9,388,1989,454551,415475,27714,11362
2022-02-11,2650,12,684,1954,457201,416159,27726,13316
2022-02-12,3099,19,719,2361,460300,416878,27745,15677
2022-02-13,3250,12,893,2345,463550,417771,27757,18022
2022-02-14,2365,22,1127,1216,465915,418898,27779,19238
2022-02-15,3514,21,1206,2287,469429,420104,27800,21525
2022-02-16,4990,23,1780,3187,474419,421884,27823,24712
2022-02-17,4670,32,1619,3019,479089,423503,27855,27731
2022-02-18,5258,45,1809,3404,484347,425312,27900,31135
2022-02-19,5223,26,1413,3784,489570,426725,27926,34919
2022-02-20,4282,20,2133,2129,493852,428858,27946,37048
2022-02-21,3439,37,2799,603,497291,431657,27983,37651
2022-02-22,4219,63,3220,936,501510,434877,28046,38587
2022-02-23,5417,52,3228,2137,506927,438105,28098,40724
2022-02-24,6020,48,3164,2808,512947,441269,28146,43532
2022-02-25,4927,67,3633,1227,517874,444902,28213,44759
2022-02-26,5622,66,2779,2777,523496,447681,28279,47536
2022-02-27,4539,45,3773,721,528035,451454,28324,48257
2022-02-28,2904,32,4316,-1444,530939,455770,28356,46813
2022-03-01,2339,65,4456,-2182,533278,460226,28421,44631
2022-03-02,3890,101,5010,-1221,537168,465236,28522,43410
2022-03-03,3244,45,2854,345,540412,468090,28567,43755
2022-03-04,3324,96,4395,-1167,543736,472485,28663,42588
2022-03-05,1482,97,2311,-926,545218,474796,28760,41662
2022-03-06,2539,43,4961,-2465,547757,479757,28803,39197
2022-03-07,4154,63,4186,-95,551911,483943,28866,39102
2022-03-08,2682,135,5105,-2558,554593,489048,29001,36544
2022-03-09,2508,83,4147,-1722,557101,493195,29084,34822
2022-03-10,2641,90,4024,-1473,559742,497219,29174,33349
2022-03-11,1721,93,3034,-1406,561463,500253,29267,31943
2022-03-12,1275,60,2281,-1066,562738,502534,29327,30877
2022-03-13,881,39,2024,-1182,563619,504558,29366,29695
2022-03-14,927,58,3212,-2343,564546,507770,29424,27352
2022-03-15,1581,86,3120,-1625,566127,510890,29510,25727
2022-03-16,1776,62,2055,-341,567903,512945,29572,25386
2022-03-17,1450,58,2523,-1131,569353,515468,29630,24255
2022-03-18,1039,51,2100,-1112,570392,517568,29681,23143
2022-03-19,901,49,1384,-532,571293,518952,29730,22611
2022-03-20,658,43,1444,-829,571951,520396,29773,21782
2022-03-21,661,40,1590,-969,572612,521986,29813,20813
2022-03-22,828,45,1783,-1000,573440,523769,29858,19813
2022-03-23,750,38,1211,-499,574190,524980,29896,19314
2022-03-24,625,38,1406,-819,574815,526386,29934,18495
2022-03-25,501,33,1080,-612,575316,527466,29967,17883
2022-03-26,374,29,715,-370,575690,528181,29996,17513
2022-03-27,261,33,574,-346,575951,528755,30029,17167
