tanggal,KASUS,MENINGGAL,SEMBUH,DIRAWAT_OR_ISOLASI,AKUMULASI_KASUS,AKUMULASI_SEMBUH,AKUMULASI_MENINGGAL,AKUMULASI_DIRAWAT_OR_ISOLASI
2020-03-03,1,1,0,0,1,0,1,0
2020-03-04,1,0,0,1,2,0,1,1
2020-03-05,1,0,0,1,3,0,1,2
2020-03-06,1,0,0,1,4,0,1,3
2020-03-07,0,0,0,0,4,0,1,3
2020-03-08,0,0,0,0,4,0,1,3
2020-03-09,0,0,0,0,4,0,1,3
2020-03-10,0,0,0,0,4,0,1,3
2020-03-11,0,1,0,-1,4,0,2,2
2020-03-12,1,0,0,1,5,0,2,3
2020-03-13,4,0,1,3,9,1,2,6
2020-03-14,0,0,0,0,9,1,2,6
2020-03-15,0,0,1,-1,9,2,2,5
2020-03-16,0,0,2,-2,9,4,2,3
2020-03-17,11,0,0,11,20,4,2,14
2020-03-18,4,1,2,1,24,6,3,15
2020-03-19,5,1,1,3,29,7,4,18
2020-03-20,16,4,0,12,45,7,8,30
2020-03-21,5,0,0,5,50,7,8,35
2020-03-22,3,3,1,-1,53,8,11,34
2020-03-23,6,4,0,2,59,8,15,36
2020-03-24,2,2,2,-2,61,10,17,34
2020-03-25,5,0,1,4,66,11,17,38
2020-03-26,5,1,0,4,71,11,18,42
2020-03-27,16,3,1,12,87,12,21,54
2020-03-28,19,3,1,15,106,13,24,69
2020-03-29,27,3,2,22,133,15,27,91
2020-03-30,19,3,5,11,152,20,30,102
2020-03-31,7,0,3,4,159,23,30,106
2020-04-01,20,1,2,17,179,25,31,123
2020-04-02,15,5,1,9,194,26,36,132
2020-04-03,2,1,2,-1,196,28,37,131
2020-04-04,20,4,1,15,216,29,41,146
2020-04-05,6,2,1,3,222,30,43,149
2020-04-06,10,3,4,3,232,34,46,152
2020-04-07,76,3,2,71,308,36,49,223
2020-04-08,22,5,3,14,330,39,54,237
2020-04-09,12,6,4,2,342,43,60,239
2020-04-10,10,0,1,9,352,44,60,248
2020-04-11,29,4,3,22,381,47,64,270
2020-04-12,17,4,1,12,398,48,68,282
2020-04-13,59,3,1,55,457,49,71,337
2020-04-14,4,1,4,-1,461,53,72,336
2020-04-15,30,0,2,28,491,55,72,364
2020-04-16,7,1,6,0,498,61,73,364
2020-04-17,42,4,17,21,540,78,77,385
2020-04-18,11,0,4,7,551,82,77,392
2020-04-19,50,1,13,36,601,95,78,428
2020-04-20,7,4,5,-2,608,100,82,426
2020-04-21,8,6,22,-20,616,122,88,406
2020-04-22,4,1,3,0,620,125,89,406
2020-04-23,18,4,13,1,638,138,93,407
2020-04-24,71,2,4,65,709,142,95,472
2020-04-25,18,0,5,13,727,147,95,485
2020-04-26,10,0,2,8,737,149,95,493
2020-04-27,34,1,8,25,771,157,96,518
2020-04-28,1,1,7,-7,772,164,97,511
2020-04-29,20,0,9,11,792,173,97,522
2020-04-30,1,5,26,-30,793,199,102,492
2020-05-01,1,4,4,-7,794,203,106,485
2020-05-02,32,2,4,26,826,207,108,511
2020-05-03,11,1,6,4,837,213,109,515
2020-05-04,179,2,11,166,1016,224,111,681
2020-05-05,40,1,4,35,1056,228,112,716
2020-05-06,6,2,11,-7,1062,239,114,709
2020-05-07,43,0,8,35,1105,247,114,744
2020-05-08,516,2,4,510,1621,251,116,1254
2020-05-09,31,3,25,3,1652,276,119,1257
2020-05-10,3,0,3,0,1655,279,119,1257
2020-05-11,57,4,16,37,1712,295,123,1294
2020-05-12,48,0,9,39,1760,304,123,1333
2020-05-13,7,0,30,-23,1767,334,123,1310
2020-05-14,12,1,14,-3,1779,348,124,1307
2020-05-15,34,2,27,5,1813,375,126,1312
2020-05-16,14,0,9,5,1827,384,126,1317
2020-05-17,50,3,50,-3,1877,434,129,1314
2020-05-18,25,9,80,-64,1902,514,138,1250
2020-05-19,24,1,20,3,1926,534,139,1253
2020-05-20,120,0,10,110,2046,544,139,1363
2020-05-21,62,1,17,44,2108,561,140,1407
2020-05-22,53,2,22,29,2161,583,142,1436
2020-05-23,54,0,7,47,2215,590,142,1483
2020-05-24,27,1,9,17,2242,599,143,1500
2020-05-25,13,0,6,7,2255,605,143,1507
2020-05-26,26,4,16,6,2281,621,147,1513
2020-05-27,28,5,41,-18,2309,662,152,1495
2020-05-28,29,0,22,7,2338,684,152,1502
2020-05-29,45,0,18,27,2383,702,152,1529
2020-05-30,26,0,8,18,2409,710,152,1547
2020-05-31,8,0,4,4,2417,714,152,1551
2020-06-01,6,0,1,5,2423,715,152,1556
2020-06-02,21,4,39,-22,2444,754,156,1534
2020-06-03,1,3,41,-43,2445,795,159,1491
2020-06-04,9,1,26,-18,2454,821,160,1473
2020-06-05,19,0,34,-15,2473,855,160,1458
2020-06-06,4,0,15,-11,2477,870,160,1447
2020-06-07,28,0,18,10,2505,888,160,1457
2020-06-08,21,3,77,-59,2526,965,163,1398
2020-06-09,20,0,11,9,2546,976,163,1407
2020-06-10,42,0,41,1,2588,1017,163,1408
2020-06-11,32,0,25,7,2620,1042,163,1415
2020-06-12,13,0,48,-35,2633,1090,163,1380
2020-06-13,19,1,47,-29,2652,1137,164,1351
2020-06-14,18,0,9,9,2670,1146,164,1360
2020-06-15,36,1,9,26,2706,1155,165,1386
2020-06-16,20,0,22,-2,2726,1177,165,1384
2020-06-17,26,6,32,-12,2752,1209,171,1372
2020-06-18,45,0,14,31,2797,1223,171,1403
2020-06-19,48,0,37,11,2845,1260,171,1414
2020-06-20,13,1,6,6,2858,1266,172,1420
2020-06-21,23,0,4,19,2881,1270,172,1439
2020-06-22,23,0,25,-2,2904,1295,172,1437
2020-06-23,34,0,17,17,2938,1312,172,1454
2020-06-24,41,0,19,22,2979,1331,172,1476
2020-06-25,51,2,57,-8,3030,1388,174,1468
2020-06-26,33,2,115,-84,3063,1503,176,1384
2020-06-27,16,0,16,0,3079,1519,176,1384
2020-06-28,20,1,8,11,3099,1527,177,1395
2020-06-29,54,0,10,44,3153,1537,177,1439
2020-06-30,38,1,33,4,3191,1570,178,1443
2020-07-01,54,0,8,46,3245,1578,178,1489
2020-07-02,52,0,34,18,3297,1612,178,1507
2020-07-03,31,0,9,22,3328,1621,178,1529
2020-07-04,67,0,22,45,3395,1643,178,1574
2020-07-05,89,1,12,76,3484,1655,179,1650
2020-07-06,98,0,23,75,3582,1678,179,1725
2020-07-07,83,1,63,19,3665,1741,180,1744
2020-07-08,82,1,5,76,3747,1746,181,1820
2020-07-09,753,4,31,718,4500,1777,185,2538
2020-07-10,96,0,44,52,4596,1821,185,2590
2020-07-11,58,1,17,40,4654,1838,186,2630
2020-07-12,33,0,7,26,4687,1845,186,2656
2020-07-13,62,0,30,32,4749,1875,186,2688
2020-07-14,47,1,35,11,4796,1910,187,2699
2020-07-15,68,2,109,-43,4864,2019,189,2656
2020-07-16,44,1,25,18,4908,2044,190,2674
2020-07-17,50,2,38,10,4958,2082,192,2684
2020-07-18,55,1,19,35,5013,2101,193,2719
2020-07-19,21,0,5,16,5034,2106,193,2735
2020-07-20,52,1,58,-7,5086,2164,194,2728
2020-07-21,52,2,44,6,5138,2208,196,2734
2020-07-22,40,0,28,12,5178,2236,196,2746
2020-07-23,43,1,42,0,5221,2278,197,2746
2020-07-24,76,2,16,58,5297,2294,199,2804
2020-07-25,56,0,28,28,5353,2322,199,2832
2020-07-26,48,1,21,26,5401,2343,200,2858
2020-07-27,48,1,331,-284,5449,2674,201,2574
2020-07-28,123,0,493,-370,5572,3167,201,2204
2020-07-29,97,3,51,43,5669,3218,204,2247
2020-07-30,102,5,272,-175,5771,3490,209,2072
2020-07-31,36,0,17,19,5807,3507,209,2091
2020-08-01,48,0,14,34,5855,3521,209,2125
2020-08-02,61,2,13,46,5916,3534,211,2171
2020-08-03,57,0,20,37,5973,3554,211,2208
2020-08-04,103,0,76,27,6076,3630,211,2235
2020-08-05,117,1,14,102,6193,3644,212,2337
2020-08-06,86,0,33,53,6279,3677,212,2390
2020-08-07,147,3,39,105,6426,3716,215,2495
2020-08-08,245,5,44,196,6671,3760,220,2691
2020-08-09,176,5,45,126,6847,3805,225,2817
2020-08-10,89,0,41,48,6936,3846,225,2865
2020-08-11,105,4,30,71,7041,3876,229,2936
2020-08-12,120,1,62,57,7161,3938,230,2993
2020-08-13,163,2,17,144,7324,3955,232,3137
2020-08-14,286,3,25,258,7610,3980,235,3395
2020-08-15,249,0,44,205,7859,4024,235,3600
2020-08-16,72,4,44,24,7931,4068,239,3624
2020-08-17,56,0,47,9,7987,4115,239,3633
2020-08-18,82,2,33,47,8069,4148,241,3680
2020-08-19,109,6,68,35,8178,4216,247,3715
2020-08-20,216,4,69,143,8394,4285,251,3858
2020-08-21,84,9,126,-51,8478,4411,260,3807
2020-08-22,181,2,117,62,8659,4528,262,3869
2020-08-23,73,3,445,-375,8732,4973,265,3494
2020-08-24,127,3,204,-80,8859,5177,268,3414
2020-08-25,265,2,44,219,9124,5221,270,3633
2020-08-26,170,0,49,121,9294,5270,270,3754
2020-08-27,176,1,116,59,9470,5386,271,3813
2020-08-28,578,4,95,479,10048,5481,275,4292
2020-08-29,289,1,34,254,10337,5515,276,4546
2020-08-30,94,1,25,68,10431,5540,277,4614
2020-08-31,164,13,108,43,10595,5648,290,4657
2020-09-01,256,1,71,184,10851,5719,291,4841
2020-09-02,189,3,155,31,11040,5874,294,4872
2020-09-03,210,6,65,139,11250,5939,300,5011
2020-09-04,399,2,101,296,11649,6040,302,5307
2020-09-05,226,1,68,157,11875,6108,303,5464
2020-09-06,109,1,58,50,11984,6166,304,5514
2020-09-07,202,6,132,64,12186,6298,310,5578
2020-09-08,337,5,91,241,12523,6389,315,5819
2020-09-09,312,7,73,232,12835,6462,322,6051
2020-09-10,368,1,17,350,13203,6479,323,6401
2020-09-11,259,3,85,171,13462,6564,326,6572
2020-09-12,298,3,354,-59,13760,6918,329,6513
2020-09-13,145,2,136,7,13905,7054,331,6520
2020-09-14,200,3,183,14,14105,7237,334,6534
2020-09-15,416,10,273,133,14521,7510,344,6667
2020-09-16,338,2,269,67,14859,7779,346,6734
2020-09-17,394,7,350,37,15253,8129,353,6771
2020-09-18,463,5,226,232,15716,8355,358,7003
2020-09-19,484,0,568,-84,16200,8923,358,6919
2020-09-20,460,9,445,6,16660,9368,367,6925
2020-09-21,469,4,311,154,17129,9679,371,7079
2020-09-22,591,6,234,351,17720,9913,377,7430
2020-09-23,485,17,195,273,18205,10108,394,7703
2020-09-24,739,15,302,422,18944,10410,409,8125
2020-09-25,440,9,848,-417,19384,11258,418,7708
2020-09-26,404,14,424,-34,19788,11682,432,7674
2020-09-27,480,2,276,202,20268,11958,434,7876
2020-09-28,541,5,355,181,20809,12313,439,8057
2020-09-29,397,13,185,199,21206,12498,452,8256
2020-09-30,522,17,300,205,21728,12798,469,8461
2020-10-01,557,18,186,353,22285,12984,487,8814
2020-10-02,615,15,252,348,22900,13236,502,9162
2020-10-03,390,15,208,167,23290,13444,517,9329
2020-10-04,289,14,139,136,23579,13583,531,9465
2020-10-05,581,19,862,-300,24160,14445,550,9165
2020-10-06,545,19,256,270,24705,14701,569,9435
2020-10-07,789,20,440,329,25494,15141,589,9764
2020-10-08,597,7,322,268,26091,15463,596,10032
2020-10-09,500,3,501,-4,26591,15964,599,10028
2020-10-10,262,6,368,-112,26853,16332,605,9916
2020-10-11,240,5,469,-234,27093,16801,610,9682
2020-10-12,272,9,371,-108,27365,17172,619,9574
2020-10-13,574,3,577,-6,27939,17749,622,9568
2020-10-14,446,14,579,-147,28385,18328,636,9421
2020-10-15,577,10,359,208,28962,18687,646,9629
2020-10-16,488,1,434,53,29450,19121,647,9682
2020-10-17,474,3,512,-41,29924,19633,650,9641
2020-10-18,253,1,372,-120,30177,20005,651,9521
2020-10-19,515,6,376,133,30692,20381,657,9654
2020-10-20,474,11,231,232,31166,20612,668,9886
2020-10-21,587,12,398,177,31753,21010,680,10063
2020-10-22,721,7,204,510,32474,21214,687,10573
2020-10-23,491,2,324,165,32965,21538,689,10738
2020-10-24,399,4,591,-196,33364,22129,693,10542
2020-10-25,383,3,431,-51,33747,22560,696,10491
2020-10-26,454,15,401,38,34201,22961,711,10529
2020-10-27,409,17,676,-284,34610,23637,728,10245
2020-10-28,412,10,460,-58,35022,24097,738,10187
2020-10-29,422,2,420,0,35444,24517,740,10187
2020-10-30,334,4,432,-102,35778,24949,744,10085
2020-10-31,450,3,349,98,36228,25298,747,10183
2020-11-01,229,2,577,-350,36457,25875,749,9833
2020-11-02,320,13,357,-50,36777,26232,762,9783
2020-11-03,497,3,399,95,37274,26631,765,9878
2020-11-04,558,4,243,311,37832,26874,769,10189
2020-11-05,643,4,393,246,38475,27267,773,10435
2020-11-06,612,3,413,196,39087,27680,776,10631
2020-11-07,437,4,426,7,39524,28106,780,10638
2020-11-08,499,4,562,-67,40023,28668,784,10571
2020-11-09,320,5,829,-514,40343,29497,789,10057
2020-11-10,782,9,910,-137,41125,30407,798,9920
2020-11-11,651,5,433,213,41776,30840,803,10133
2020-11-12,800,21,576,203,42576,31416,824,10336
2020-11-13,772,10,395,367,43348,31811,834,10703
2020-11-14,861,5,421,435,44209,32232,839,11138
2020-11-15,419,2,854,-437,44628,33086,841,10701
2020-11-16,616,21,600,-5,45244,33686,862,10696
2020-11-17,828,26,838,-36,46072,34524,888,10660
2020-11-18,488,5,832,-349,46560,35356,893,10311
2020-11-19,543,14,577,-48,47103,35933,907,10263
2020-11-20,998,3,167,828,48101,36100,910,11091
2020-11-21,454,6,623,-175,48555,36723,916,10916
2020-11-22,478,5,196,277,49033,36919,921,11193
2020-11-23,700,2,887,-189,49733,37806,923,11004
2020-11-24,466,7,491,-32,50199,38297,930,10972
2020-11-25,780,13,766,1,50979,39063,943,10973
2020-11-26,801,10,902,-111,51780,39965,953,10862
2020-11-27,726,7,743,-24,52506,40708,960,10838
2020-11-28,479,7,979,-507,52985,41687,967,10331
2020-11-29,325,13,864,-552,53310,42551,980,9779
2020-11-30,513,13,811,-311,53823,43362,993,9468
2020-12-01,941,23,988,-70,54764,44350,1016,9398
2020-12-02,709,9,377,323,55473,44727,1025,9721
2020-12-03,1683,26,956,701,57156,45683,1051,10422
2020-12-04,1040,5,931,104,58196,46614,1056,10526
2020-12-05,889,3,703,183,59085,47317,1059,10709
2020-12-06,1323,10,1221,92,60408,48538,1069,10801
2020-12-07,1140,15,1213,-88,61548,49751,1084,10713
2020-12-08,845,12,561,272,62393,50312,1096,10985
2020-12-09,1036,21,593,422,63429,50905,1117,11407
2020-12-10,947,37,708,202,64376,51613,1154,11609
2020-12-11,1142,28,841,273,65518,52454,1182,11882
2020-12-12,1229,8,869,352,66747,53323,1190,12234
2020-12-13,847,9,469,369,67594,53792,1199,12603
2020-12-14,682,18,982,-318,68276,54774,1217,12285
2020-12-15,1363,15,1183,165,69639,55957,1232,12450
2020-12-16,1437,13,1010,414,71076,56967,1245,12864
2020-12-17,1140,21,822,297,72216,57789,1266,13161
2020-12-18,1267,11,973,283,73483,58762,1277,13444
2020-12-19,868,3,842,23,74351,59604,1280,13467
2020-12-20,957,8,1150,-201,75308,60754,1288,13266
2020-12-21,697,7,825,-135,76005,61579,1295,13131
2020-12-22,879,8,712,159,76884,62291,1303,13290
2020-12-23,760,10,1040,-290,77644,63331,1313,13000
2020-12-24,960,16,704,240,78604,64035,1329,13240
2020-12-25,1176,4,616,556,79780,64651,1333,13796
2020-12-26,464,6,893,-435,80244,65544,1339,13361
2020-12-27,1148,47,1188,-87,81392,66732,1386,13274
2020-12-28,509,4,776,-271,81901,67508,1390,13003
2020-12-29,1298,7,1135,156,83199,68643,1397,13159
2020-12-30,1243,6,1273,-36,84442,69916,1403,13123
2020-12-31,1260,15,1245,0,85702,71161,1418,13123
2021-01-01,1376,15,924,437,87078,72085,1433,13560
2021-01-02,1214,7,1081,126,88292,73166,1440,13686
2021-01-03,916,7,677,232,89208,73843,1447,13918
2021-01-04,1224,8,902,314,90432,74745,1455,14232
2021-01-05,1203,12,966,225,91635,75711,1467,14457
2021-01-06,1255,19,1568,-332,92890,77279,1486,14125
2021-01-07,987,5,1112,-130,93877,78391,1491,13995
2021-01-08,1495,10,893,592,95372,79284,1501,14587
2021-01-09,1336,9,1129,198,96708,80413,1510,14785
2021-01-10,1102,8,955,139,97810,81368,1518,14924
2021-01-11,1067,14,1149,-96,98877,82517,1532,14828
2021-01-12,1757,20,1216,521,100634,83733,1552,15349
2021-01-13,1483,17,1323,143,102117,85056,1569,15492
2021-01-14,2107,13,823,1271,104224,85879,1582,16763
2021-01-15,1240,16,1104,120,105464,86983,1598,16883
2021-01-16,1800,10,518,1272,107264,87501,1608,18155
2021-01-17,1489,10,491,988,108753,87992,1618,19143
2021-01-18,1774,29,1071,674,110527,89063,1647,19817
2021-01-19,1800,23,1264,513,112327,90327,1670,20330
2021-01-20,1909,17,1473,419,114236,91800,1687,20749
2021-01-21,1721,73,1541,107,115957,93341,1760,20856
2021-01-22,2269,13,1582,674,118226,94923,1773,21530
2021-01-23,1429,19,1795,-385,119655,96718,1792,21145
2021-01-24,2003,9,1525,469,121658,98243,1801,21614
2021-01-25,1588,14,1223,351,123246,99466,1815,21965
2021-01-26,3836,18,1963,1855,127082,101429,1833,23820
2021-01-27,3032,103,1343,1586,130114,102772,1936,25406
2021-01-28,3997,168,2439,1390,134111,105211,2104,26796
2021-01-29,3674,11,2029,1634,137785,107240,2115,28430
2021-01-30,4840,34,2678,2128,142625,109918,2149,30558
2021-01-31,2643,62,2567,14,145268,112485,2211,30572
2021-02-01,3031,8,2398,625,148299,114883,2219,31197
2021-02-02,2258,71,2458,-271,150557,117341,2290,30926
2021-02-03,2633,14,1978,641,153190,119319,2304,31567
2021-02-04,2116,18,2281,-183,155306,121600,2322,31384
2021-02-05,2385,30,2668,-313,157691,124268,2352,31071
2021-02-06,3982,7,2579,1396,161673,126847,2359,32467
2021-02-07,2276,4,2181,91,163949,129028,2363,32558
2021-02-08,1647,18,2931,-1302,165596,131959,2381,31256
2021-02-09,1092,23,2459,-1390,166688,134418,2404,29866
2021-02-10,947,21,1622,-696,167635,136040,2425,29170
2021-02-11,1065,7,1482,-424,168700,137522,2432,28746
2021-02-12,896,9,1681,-794,169596,139203,2441,27952
2021-02-13,1565,6,2533,-974,171161,141736,2447,26978
2021-02-14,875,9,1878,-1012,172036,143614,2456,25966
2021-02-15,847,16,1161,-330,172883,144775,2472,25636
2021-02-16,3456,13,2005,1438,176339,146780,2485,27074
2021-02-17,3672,3,2684,985,180011,149464,2488,28059
2021-02-18,2875,9,3309,-443,182886,152773,2497,27616
2021-02-19,1827,27,2685,-885,184713,155458,2524,26731
2021-02-20,1278,7,1377,-106,185991,156835,2531,26625
2021-02-21,965,8,1509,-552,186956,158344,2539,26073
2021-02-22,2820,19,2718,83,189776,161062,2558,26156
2021-02-23,4593,28,1888,2677,194369,162950,2586,28833
2021-02-24,2317,9,1409,899,196686,164359,2595,29732
2021-02-25,2419,4,1246,1169,199105,165605,2599,30901
2021-02-26,2337,11,936,1390,201442,166541,2610,32291
2021-02-27,1128,10,865,253,202570,167406,2620,32544
2021-02-28,989,6,711,272,203559,168117,2626,32816
2021-03-01,1420,9,1976,-565,204979,170093,2635,32251
2021-03-02,1479,21,2187,-729,206458,172280,2656,31522
2021-03-03,1338,15,2418,-1095,207796,174698,2671,30427
2021-03-04,1641,18,1385,238,209437,176083,2689,30665
2021-03-05,1686,13,1372,301,211123,177455,2702,30966
2021-03-06,1029,4,1253,-228,212152,178708,2706,30738
2021-03-07,1223,3,604,616,213375,179312,2709,31354
2021-03-08,1297,60,1902,-665,214672,181214,2769,30689
2021-03-09,1464,45,1132,287,216136,182346,2814,30976
2021-03-10,1221,18,1366,-163,217357,183712,2832,30813
2021-03-11,726,6,1332,-612,218083,185044,2838,30201
2021-03-12,1001,45,1649,-693,219084,186693,2883,29508
2021-03-13,855,5,994,-144,219939,187687,2888,29364
2021-03-14,1189,8,876,305,221128,188563,2896,29669
2021-03-15,1084,20,1554,-490,222212,190117,2916,29179
2021-03-16,1596,21,2178,-603,223808,192295,2937,28576
2021-03-17,1436,12,1910,-486,225244,194205,2949,28090
2021-03-18,1407,7,1363,37,226651,195568,2956,28127
2021-03-19,1448,13,1132,303,228099,196700,2969,28430
2021-03-20,934,8,1613,-687,229033,198313,2977,27743
2021-03-21,574,1,1357,-784,229607,199670,2978,26959
2021-03-22,1382,22,1280,80,230989,200950,3000,27039
2021-03-23,962,11,1527,-576,231951,202477,3011,26463
2021-03-24,1068,3,2383,-1318,233019,204860,3014,25145
2021-03-25,1187,8,1274,-95,234206,206134,3022,25050
2021-03-26,991,7,1481,-497,235197,207615,3029,24553
2021-03-27,571,102,1251,-782,235768,208866,3131,23771
2021-03-28,575,5,700,-130,236343,209566,3136,23641
2021-03-29,1373,8,1148,217,237716,210714,3144,23858
2021-03-30,890,9,936,-55,238606,211650,3153,23803
2021-03-31,770,7,813,-50,239376,212463,3160,23753
2021-04-01,872,73,1035,-236,240248,213498,3233,23517
2021-04-02,536,4,461,71,240784,213959,3237,23588
2021-04-03,461,5,578,-122,241245,214537,3242,23466
2021-04-04,350,5,303,42,241595,214840,3247,23508
2021-04-05,923,4,804,115,242518,215644,3251,23623
2021-04-06,820,17,791,12,243338,216435,3268,23635
2021-04-07,927,3,755,169,244265,217190,3271,23804
2021-04-08,604,13,1247,-656,244869,218437,3284,23148
2021-04-09,959,18,588,353,245828,219025,3302,23501
2021-04-10,1109,8,499,602,246937,219524,3310,24103
2021-04-11,763,5,703,55,247700,220227,3315,24158
2021-04-12,1203,26,354,823,248903,220581,3341,24981
2021-04-13,1324,20,1012,292,250227,221593,3361,25273
2021-04-14,1545,18,820,707,251772,222413,3379,25980
2021-04-15,1353,36,1326,-9,253125,223739,3415,25971
2021-04-16,972,6,691,275,254097,224430,3421,26246
2021-04-17,894,11,699,184,254991,225129,3432,26430
2021-04-18,882,11,445,426,255873,225574,3443,26856
2021-04-19,1295,16,973,306,257168,226547,3459,27162
2021-04-20,1415,16,557,842,258583,227104,3475,28004
2021-04-21,849,16,1421,-588,259432,228525,3491,27416
2021-04-22,1117,13,723,381,260549,229248,3504,27797
2021-04-23,1046,22,1009,15,261595,230257,3526,27812
2021-04-24,753,19,926,-192,262348,231183,3545,27620
2021-04-25,869,10,455,404,263217,231638,3555,28024
2021-04-26,1611,19,919,673,264828,232557,3574,28697
2021-04-27,1231,20,839,372,266059,233396,3594,29069
2021-04-28,1350,14,995,341,267409,234391,3608,29410
2021-04-29,1157,14,585,558,268566,234976,3622,29968
2021-04-30,1121,22,826,273,269687,235802,3644,30241
2021-05-01,782,6,544,232,270469,236346,3650,30473
2021-05-02,710,9,540,161,271179,236886,3659,30634
2021-05-03,1179,18,1023,138,272358,237909,3677,30772
2021-05-04,909,27,1206,-324,273267,239115,3704,30448
2021-05-05,979,25,1292,-338,274246,240407,3729,30110
2021-05-06,1056,7,1440,-391,275302,241847,3736,29719
2021-05-07,1929,25,1196,708,277231,243043,3761,30427
2021-05-08,2263,5,1961,297,279494,245004,3766,30724
2021-05-09,516,9,588,-81,280010,245592,3775,30643
2021-05-10,834,14,2252,-1432,280844,247844,3789,29211
2021-05-11,1141,16,990,135,281985,248834,3805,29346
2021-05-12,638,22,727,-111,282623,249561,3827,29235
2021-05-13,413,10,608,-205,283036,250169,3837,29030
2021-05-14,594,3,714,-123,283630,250883,3840,28907
2021-05-15,749,7,708,34,284379,251591,3847,28941
2021-05-16,847,3,437,407,285226,252028,3850,29348
2021-05-17,1290,25,1226,39,286516,253254,3875,29387
2021-05-18,1102,34,1398,-330,287618,254652,3909,29057
2021-05-19,1230,9,1370,-149,288848,256022,3918,28908
2021-05-20,1315,14,1245,56,290163,257267,3932,28964
2021-05-21,1083,17,1470,-404,291246,258737,3949,28560
2021-05-22,1067,16,692,359,292313,259429,3965,28919
2021-05-23,1048,6,702,340,293361,260131,3971,29259
2021-05-24,1293,15,1185,93,294654,261316,3986,29352
2021-05-25,1057,14,953,90,295711,262269,4000,29442
2021-05-26,772,12,659,101,296483,262928,4012,29543
2021-05-27,1268,19,1005,244,297751,263933,4031,29787
2021-05-28,1165,20,924,221,298916,264857,4051,30008
2021-05-29,964,10,956,-2,299880,265813,4061,30006
2021-05-30,749,11,525,213,300629,266338,4072,30219
2021-05-31,1070,24,1237,-191,301699,267575,4096,30028
2021-06-01,765,12,2067,-1314,302464,269642,4108,28714
2021-06-02,878,18,2685,-1825,303342,272327,4126,26889
2021-06-03,1220,26,7374,-6180,304562,279701,4152,20709
2021-06-04,1051,20,1679,-648,305613,281380,4172,20061
2021-06-05,1056,19,736,301,306669,282116,4191,20362
2021-06-06,946,14,392,540,307615,282508,4205,20902
2021-06-07,1688,25,954,709,309303,283462,4230,21611
2021-06-08,1119,21,1016,82,310422,284478,4251,21693
2021-06-09,1463,12,817,634,311885,285295,4263,22327
2021-06-10,1382,20,1232,130,313267,286527,4283,22457
2021-06-11,1304,16,1450,-162,314571,287977,4299,22295
2021-06-12,974,17,800,157,315545,288777,4316,22452
2021-06-13,1379,10,739,630,316924,289516,4326,23082
2021-06-14,1233,18,1769,-554,318157,291285,4344,22528
2021-06-15,1666,12,1237,417,319823,292522,4356,22945
2021-06-16,2219,21,1566,632,322042,294088,4377,23577
2021-06-17,2153,18,1102,1033,324195,295190,4395,24610
2021-06-18,2807,53,1340,1414,327002,296530,4448,26024
2021-06-19,1676,20,1099,557,328678,297629,4468,26581
2021-06-20,2309,59,1036,1214,330987,298665,4527,27795
2021-06-21,3091,34,1384,1673,334078,300049,4561,29468
2021-06-22,3293,72,1167,2054,337371,301216,4633,31522
2021-06-23,3062,42,1255,1765,340433,302471,4675,33287
2021-06-24,3190,83,1530,1577,343623,304001,4758,34864
2021-06-25,3985,93,1461,2431,347608,305462,4851,37295
2021-06-26,3929,88,1393,2448,351537,306855,4939,39743
2021-06-27,3762,106,1475,2181,355299,308330,5045,41924
2021-06-28,3684,88,1484,2112,358983,309814,5133,44036
2021-06-29,4064,108,1512,2444,363047,311326,5241,46480
2021-06-30,4609,93,2354,2162,367656,313680,5334,48642
2021-07-01,4301,76,1546,2679,371957,315226,5410,51321
2021-07-02,5496,56,2089,3351,377453,317315,5466,54672
2021-07-03,5705,55,2581,3069,383158,319896,5521,57741
2021-07-04,5040,80,2340,2620,388198,322236,5601,60361
2021-07-05,6677,54,2025,4598,394875,324261,5655,64959
2021-07-06,7100,48,4229,2823,401975,328490,5703,67782
2021-07-07,8566,76,4142,4348,410541,332632,5779,72130
2021-07-08,7044,131,3629,3284,417585,336261,5910,75414
2021-07-09,7631,161,5187,2283,425216,341448,6071,77697
2021-07-10,5096,170,4243,683,430312,345691,6241,78380
2021-07-11,7147,277,3900,2970,437459,349591,6518,81350
2021-07-12,7807,178,4642,2987,445266,354233,6696,84337
2021-07-13,6808,136,4396,2276,452074,358629,6832,86613
2021-07-14,8827,136,4722,3969,460901,363351,6968,90582
2021-07-15,10329,97,5319,4913,471230,368670,7065,95495
2021-07-16,10670,118,7638,2914,481900,376308,7183,98409
2021-07-17,9226,82,5359,3785,491126,381667,7265,102194
2021-07-18,7747,91,4327,3329,498873,385994,7356,105523
2021-07-19,7653,79,5670,1904,506526,391664,7435,107427
2021-07-20,7270,66,3293,3911,513796,394957,7501,111338
2021-07-21,5707,81,5704,-78,519503,400661,7582,111260
2021-07-22,10655,142,7242,3271,530158,407903,7724,114531
2021-07-23,8217,148,6858,1211,538375,414761,7872,115742
2021-07-24,6983,116,6564,303,545358,421325,7988,116045
2021-07-25,4726,123,5112,-509,550084,426437,8111,115536
2021-07-26,4034,222,4990,-1178,554118,431427,8333,114358
2021-07-27,7478,307,9341,-2170,561596,440768,8640,112188
2021-07-28,6926,200,7659,-933,568522,448427,8840,111255
2021-07-29,6807,203,7303,-699,575329,455730,9043,110556
2021-07-30,6380,84,6753,-457,581709,462483,9127,110099
2021-07-31,3804,177,6454,-2827,585513,468937,9304,107272
2021-08-01,2500,186,3303,-989,588013,472240,9490,106283
2021-08-02,2089,126,5805,-3842,590102,478045,9616,102441
2021-08-03,3734,135,4852,-1253,593836,482897,9751,101188
2021-08-04,3478,127,4426,-1075,597314,487323,9878,100113
2021-08-05,5279,148,7849,-2718,602593,495172,10026,97395
2021-08-06,5018,95,7105,-2182,607611,502277,10121,95213
2021-08-07,3918,71,4263,-416,611529,506540,10192,94797
2021-08-08,2788,54,18212,-15478,614317,524752,10246,79319
2021-08-09,2739,107,7891,-5259,617056,532643,10353,74060
2021-08-10,3722,466,6264,-3008,620778,538907,10819,71052
2021-08-11,3544,114,7634,-4204,624322,546541,10933,66848
2021-08-12,2277,76,4083,-1882,626599,550624,11009,64966
2021-08-13,3112,50,7612,-4550,629711,558236,11059,60416
2021-08-14,2391,39,2208,144,632102,560444,11098,60560
2021-08-15,1289,46,2036,-793,633391,562480,11144,59767
2021-08-16,1843,52,3359,-1568,635234,565839,11196,58199
2021-08-17,1777,75,3302,-1600,637011,569141,11271,56599
2021-08-18,1354,39,3575,-2260,638365,572716,11310,54339
2021-08-19,3508,225,5819,-2536,641873,578535,11535,51803
2021-08-20,2652,261,2525,-134,644525,581060,11796,51669
2021-08-21,1746,333,1851,-438,646271,582911,12129,51231
2021-08-22,1188,61,1812,-685,647459,584723,12190,50546
2021-08-23,1423,36,1589,-202,648882,586312,12226,50344
2021-08-24,4949,302,13947,-9300,653831,600259,12528,41044
2021-08-25,4863,248,13003,-8388,658694,613262,12776,32656
2021-08-26,4960,225,10035,-5300,663654,623297,13001,27356
2021-08-27,1349,25,2503,-1179,665003,625800,13026,26177
2021-08-28,956,29,1632,-705,665959,627432,13055,25472
2021-08-29,624,13,1526,-915,666583,628958,13068,24557
2021-08-30,507,49,2583,-2125,667090,631541,13117,22432
2021-08-31,1127,37,2240,-1150,668217,633781,13154,21282
2021-09-01,1255,53,1791,-589,669472,635572,13207,20693
2021-09-02,791,43,4810,-4062,670263,640382,13250,16631
2021-09-03,844,95,2286,-1537,671107,642668,13345,15094
2021-09-04,542,125,2512,-2095,671649,645180,13470,12999
2021-09-05,357,10,828,-481,672006,646008,13480,12518
2021-09-06,405,178,1693,-1466,672411,647701,13658,11052
2021-09-07,778,251,2823,-2296,673189,650524,13909,8756
2021-09-08,690,185,957,-452,673879,651481,14094,8304
2021-09-09,517,13,700,-196,674396,652181,14107,8108
2021-09-10,539,8,908,-377,674935,653089,14115,7731
2021-09-11,446,7,296,143,675381,653385,14122,7874
2021-09-12,567,4,975,-412,675948,654360,14126,7462
2021-09-13,210,7,699,-496,676158,655059,14133,6966
2021-09-14,318,17,641,-340,676476,655700,14150,6626
2021-09-15,383,22,988,-627,676859,656688,14172,5999
2021-09-16,345,9,758,-422,677204,657446,14181,5577
2021-09-17,327,8,382,-63,677531,657828,14189,5514
2021-09-18,238,6,428,-196,677769,658256,14195,5318
2021-09-19,169,6,617,-454,677938,658873,14201,4864
2021-09-20,117,10,452,-345,678055,659325,14211,4519
2021-09-21,283,9,566,-292,678338,659891,14220,4227
2021-09-22,212,13,431,-232,678550,660322,14233,3995
2021-09-23,242,13,377,-148,678792,660699,14246,3847
2021-09-24,215,13,328,-126,679007,661027,14259,3721
2021-09-25,189,2,215,-28,679196,661242,14261,3693
2021-09-26,156,6,296,-146,679352,661538,14267,3547
2021-09-27,152,6,429,-283,679504,661967,14273,3264
2021-09-28,204,6,238,-40,679708,662205,14279,3224
2021-09-29,189,5,338,-154,679897,662543,14284,3070
2021-09-30,166,11,288,-133,680063,662831,14295,2937
2021-10-01,115,1,168,-54,680178,662999,14296,2883
2021-10-02,154,2,175,-23,680332,663174,14298,2860
2021-10-03,98,3,229,-134,680430,663403,14301,2726
2021-10-04,74,6,473,-405,680504,663876,14307,2321
2021-10-05,107,3,273,-169,680611,664149,14310,2152
2021-10-06,103,4,161,-62,680714,664310,14314,2090
2021-10-07,107,7,118,-18,680821,664428,14321,2072
2021-10-08,106,1,133,-28,680927,664561,14322,2044
2021-10-09,117,1,123,-7,681044,664684,14323,2037
2021-10-10,63,2,95,-34,681107,664779,14325,2003
2021-10-11,68,5,145,-82,681175,664924,14330,1921
2021-10-12,128,2,165,-39,681303,665089,14332,1882
2021-10-13,93,1,224,-132,681396,665313,14333,1750
2021-10-14,101,0,126,-25,681497,665439,14333,1725
2021-10-15,85,1,100,-16,681582,665539,14334,1709
2021-10-16,108,1,78,29,681690,665617,14335,1738
2021-10-17,70,0,82,-12,681760,665699,14335,1726
2021-10-18,67,2,150,-85,681827,665849,14337,1641
2021-10-19,102,3,260,-161,681929,666109,14340,1480
2021-10-20,119,3,117,-1,682048,666226,14343,1479
2021-10-21,40,2,213,-175,682088,666439,14345,1304
2021-10-22,132,5,172,-45,682220,666611,14350,1259
2021-10-23,72,0,71,1,682292,666682,14350,1260
2021-10-24,78,2,49,27,682370,666731,14352,1287
2021-10-25,68,2,165,-99,682438,666896,14354,1188
2021-10-26,77,1,66,10,682515,666962,14355,1198
2021-10-27,85,3,93,-11,682600,667055,14358,1187
2021-10-28,112,6,98,8,682712,667153,14364,1195
2021-10-29,157,2,85,70,682869,667238,14366,1265
2021-10-30,142,0,35,107,683011,667273,14366,1372
2021-10-31,99,1,52,46,683110,667325,14367,1418
2021-11-01,46,1,99,-54,683156,667424,14368,1364
2021-11-02,75,6,56,13,683231,667480,14374,1377
2021-11-03,170,2,67,101,683401,667547,14376,1478
2021-11-04,161,1,131,29,683562,667678,14377,1507
2021-11-05,92,2,64,26,683654,667742,14379,1533
2021-11-06,54,0,16,38,683708,667758,14379,1571
2021-11-07,98,0,106,-8,683806,667864,14379,1563
2021-11-08,22,1,111,-90,683828,667975,14380,1473
2021-11-09,61,1,71,-11,683889,668046,14381,1462
2021-11-10,77,2,49,26,683966,668095,14383,1488
2021-11-11,49,1,29,19,684015,668124,14384,1507
2021-11-12,59,1,80,-22,684074,668204,14385,1485
2021-11-13,50,2,67,-19,684124,668271,14387,1466
2021-11-14,25,2,36,-13,684149,668307,14389,1453
2021-11-15,27,0,288,-261,684176,668595,14389,1192
2021-11-16,49,3,96,-50,684225,668691,14392,1142
2021-11-17,160,2,68,90,684385,668759,14394,1232
2021-11-18,56,2,61,-7,684441,668820,14396,1225
2021-11-19,68,2,204,-138,684509,669024,14398,1087
2021-11-20,44,0,20,24,684553,669044,14398,1111
2021-11-21,36,2,24,10,684589,669068,14400,1121
2021-11-22,31,0,81,-50,684620,669149,14400,1071
2021-11-23,58,0,165,-107,684678,669314,14400,964
2021-11-24,85,2,79,4,684763,669393,14402,968
2021-11-25,44,0,54,-10,684807,669447,14402,958
2021-11-26,96,0,26,70,684903,669473,14402,1028
2021-11-27,46,1,31,14,684949,669504,14403,1042
2021-11-28,25,0,28,-3,684974,669532,14403,1039
2021-11-29,29,2,94,-67,685003,669626,14405,972
2021-11-30,68,3,57,8,685071,669683,14408,980
2021-12-01,58,0,76,-18,685129,669759,14408,962
2021-12-02,83,0,54,29,685212,669813,14408,991
2021-12-03,30,0,41,-11,685242,669854,14408,980
2021-12-04,49,0,67,-18,685291,669921,14408,962
2021-12-05,27,0,64,-37,685318,669985,14408,925
2021-12-06,25,1,83,-59,685343,670068,14409,866
2021-12-07,59,4,102,-47,685402,670170,14413,819
2021-12-08,62,1,80,-19,685464,670250,14414,800
2021-12-09,45,1,36,8,685509,670286,14415,808
2021-12-10,44,0,39,5,685553,670325,14415,813
2021-12-11,39,0,19,20,685592,670344,14415,833
2021-12-12,22,1,14,7,685614,670358,14416,840
2021-12-13,18,1,52,-35,685632,670410,14417,805
2021-12-14,39,3,78,-42,685671,670488,14420,763
2021-12-15,52,0,57,-5,685723,670545,14420,758
2021-12-16,38,0,37,1,685761,670582,14420,759
2021-12-17,51,0,45,6,685812,670627,14420,765
2021-12-18,40,1,37,2,685852,670664,14421,767
2021-12-19,30,0,11,19,685882,670675,14421,786
2021-12-20,23,0,65,-42,685905,670740,14421,744
2021-12-21,35,1,59,-25,685940,670799,14422,719
2021-12-22,19,0,63,-44,685959,670862,14422,675
2021-12-23,26,0,53,-27,685985,670915,14422,648
2021-12-24,22,0,25,-3,686007,670940,14422,645
2021-12-25,18,0,20,-2,686025,670960,14422,643
2021-12-26,8,0,33,-25,686033,670993,14422,618
2021-12-27,6,2,48,-44,686039,671041,14424,574
2021-12-28,16,1,24,-9,686055,671065,14425,565
2021-12-29,36,2,46,-12,686091,671111,14427,553
2021-12-30,16,0,19,-3,686107,671130,14427,550
2021-12-31,18,0,45,-27,686125,671175,14427,523
2022-01-01,18,0,11,7,686143,671186,14427,530
2022-01-02,11,0,35,-24,686154,671221,14427,506
2022-01-03,11,0,16,-5,686165,671237,14427,501
2022-01-04,32,0,23,9,686197,671260,14427,510
2022-01-05,24,0,28,-4,686221,671288,14427,506
2022-01-06,24,0,27,-3,686245,671315,14427,503
2022-01-07,36,0,18,18,686281,671333,14427,521
2022-01-08,25,0,17,8,686306,671350,14427,529
2022-01-09,22,0,30,-8,686328,671380,14427,521
2022-01-10,27,1,37,-11,686355,671417,14428,510
2022-01-11,62,1,18,43,686417,671435,14429,553
2022-01-12,62,1,25,36,686479,671460,14430,589
2022-01-13,89,0,11,78,686568,671471,14430,667
2022-01-14,103,2,10,91,686671,671481,14432,758
2022-01-15,119,0,17,102,686790,671498,14432,860
2022-01-16,87,0,26,61,686877,671524,14432,921
2022-01-17,89,0,17,72,686966,671541,14432,993
2022-01-18,292,1,35,256,687258,671576,14433,1249
2022-01-19,324,2,25,297,687582,671601,14435,1546
2022-01-20,401,1,24,376,687983,671625,14436,1922
2022-01-21,505,0,40,465,688488,671665,14436,2387
2022-01-22,641,0,24,617,689129,671689,14436,3004
2022-01-23,485,3,32,450,689614,671721,14439,3454
2022-01-24,409,0,55,354,690023,671776,14439,3808
2022-01-25,1238,3,110,1125,691261,671886,14442,4933
2022-01-26,1619,2,708,909,692880,672594,14444,5842
2022-01-27,1744,1,25,1718,694624,672619,14445,7560
2022-01-28,2313,0,158,2155,696937,672777,14445,9715
2022-01-29,2525,0,452,2073,699462,673229,14445,11788
2022-01-30,2584,1,535,2048,702046,673764,14446,13836
2022-01-31,2086,2,557,1527,704132,674321,14448,15363
2022-02-01,4249,4,869,3376,708381,675190,14452,18739
2022-02-02,3739,1,164,3574,712120,675354,14453,22313
2022-02-03,7307,2,213,7092,719427,675567,14455,29405
2022-02-04,7689,2,171,7516,727116,675738,14457,36921
2022-02-05,8052,1,245,7806,735168,675983,14458,44727
2022-02-06,7601,2,432,7167,742769,676415,14460,51894
2022-02-07,5047,4,620,4423,747816,677035,14464,56317
2022-02-08,9041,3,1247,7791,756857,678282,14467,64108
2022-02-09,11199,10,265,10924,768056,678547,14477,75032
2022-02-10,9402,9,2402,6991,777458,680949,14486,82023
2022-02-11,8941,8,1590,7343,786399,682539,14494,89366
2022-02-12,14105,5,1817,12283,800504,684356,14499,101649
2022-02-13,10050,5,1245,8800,810554,685601,14504,110449
2022-02-14,8333,5,2093,6235,818887,687694,14509,116684
2022-02-15,14057,11,5739,8307,832944,693433,14520,124991
2022-02-16,15190,15,5413,9762,848134,698846,14535,134753
2022-02-17,16248,13,3130,13105,864382,701976,14548,147858
2022-02-18,13777,13,4327,9437,878159,706303,14561,157295
2022-02-19,12596,13,7309,5274,890755,713612,14574,162569
2022-02-20,10404,10,4133,6261,901159,717745,14584,168830
2022-02-21,8100,12,6982,1106,909259,724727,14596,169936
2022-02-22,13644,18,5976,7650,922903,730703,14614,177586
2022-02-23,14071,21,9676,4374,936974,740379,14635,181960
2022-02-24,12898,24,6753,6121,949872,747132,14659,188081
2022-02-25,10994,22,10523,449,960866,757655,14681,188530
2022-02-26,9732,23,12292,-2583,970598,769947,14704,185947
2022-02-27,6404,15,5485,904,977002,775432,14719,186851
2022-02-28,3710,16,5856,-2162,980712,781288,14735,184689
2022-03-01,4539,33,7320,-2814,985251,788608,14768,181875
2022-03-02,8487,39,13259,-4811,993738,801867,14807,177064
2022-03-03,7633,21,10665,-3053,1001371,812532,14828,174011
2022-03-04,5312,29,5451,-168,1006683,817983,14857,173843
2022-03-05,6701,28,16109,-9436,1013384,834092,14885,164407
2022-03-06,4972,25,18513,-13566,1018356,852605,14910,150841
2022-03-07,4368,22,20902,-16556,1022724,873507,14932,134285
2022-03-08,7194,23,21991,-14820,1029918,895498,14955,119465
2022-03-09,5343,27,6203,-887,1035261,901701,14982,118578
2022-03-10,4225,22,13137,-8934,1039486,914838,15004,109644
2022-03-11,3750,28,11924,-8202,1043236,926762,15032,101442
2022-03-12,3312,13,10021,-6722,1046548,936783,15045,94720
2022-03-13,2382,16,4052,-1686,1048930,940835,15061,93034
2022-03-14,1842,29,9494,-7681,1050772,950329,15090,85353
2022-03-15,3094,22,7155,-4083,1053866,957484,15112,81270
2022-03-16,2714,19,9668,-6973,1056580,967152,15131,74297
2022-03-17,2470,21,8480,-6031,1059050,975632,15152,68266
2022-03-18,2156,12,7964,-5820,1061206,983596,15164,62446
2022-03-19,1720,13,8428,-6721,1062926,992024,15177,55725
2022-03-20,1127,10,3451,-2334,1064053,995475,15187,53391
2022-03-21,1007,15,5613,-4621,1065060,1001088,15202,48770
2022-03-22,1722,13,4712,-3003,1066782,1005800,15215,45767
2022-03-23,1262,15,7086,-5839,1068044,1012886,15230,39928
2022-03-24,1229,8,2833,-1612,1069273,1015719,15238,38316
2022-03-25,1125,10,3019,-1904,1070398,1018738,15248,36412
2022-03-26,878,7,2243,-1372,1071276,1020981,15255,35040
2022-03-27,686,3,1348,-665,1071962,1022329,15258,34375
