tanggal,KASUS,MENINGGAL,SEMBUH,DIRAWAT_OR_ISOLASI,AKUMULASI_KASUS,AKUMULASI_SEMBUH,AKUMULASI_MENINGGAL,AKUMULASI_DIRAWAT_OR_ISOLASI
2020-03-18,6,1,0,5,6,0,1,5
2020-03-19,2,0,0,2,8,0,1,7
2020-03-20,7,0,0,7,15,0,1,14
2020-03-21,8,1,0,7,23,0,2,21
2020-03-22,12,0,0,12,35,0,2,33
2020-03-23,2,1,0,1,37,0,3,34
2020-03-24,3,1,0,2,40,0,4,36
2020-03-25,9,0,0,9,49,0,4,45
2020-03-26,12,1,0,11,61,0,5,56
2020-03-27,2,0,0,2,63,0,5,58
2020-03-28,13,2,2,9,76,2,7,67
2020-03-29,12,1,26,-15,88,28,8,52
2020-03-30,4,2,0,2,92,28,10,54
2020-03-31,1,0,0,1,93,28,10,55
2020-04-01,5,4,71,-70,98,99,14,-15
2020-04-02,0,10,75,-85,98,174,24,-100
2020-04-03,41,1,4,36,139,178,25,-64
2020-04-04,5,2,3,0,144,181,27,-64
2020-04-05,25,2,6,17,169,187,29,-47
2020-04-06,8,4,9,-5,177,196,33,-52
2020-04-07,4,3,2,-1,181,198,36,-53
2020-04-08,10,19,11,-20,191,209,55,-73
2020-04-09,26,11,37,-22,217,246,66,-95
2020-04-10,26,2,29,-5,243,275,68,-100
2020-04-11,14,9,27,-22,257,302,77,-122
2020-04-12,95,1,7,87,352,309,78,-35
2020-04-13,43,2,4,37,395,313,80,2
2020-04-14,32,1,9,22,427,322,81,24
2020-04-15,19,3,3,13,446,325,84,37
2020-04-16,13,4,3,6,459,328,88,43
2020-04-17,10,4,2,4,469,330,92,47
2020-04-18,28,3,7,18,497,337,95,65
2020-04-19,32,6,2,24,529,339,101,89
2020-04-20,4,2,1,1,533,340,103,90
2020-04-21,9,4,2,3,542,342,107,93
2020-04-22,35,4,25,6,577,367,111,99
2020-04-23,23,3,9,11,600,376,114,110
2020-04-24,16,8,13,-5,616,389,122,105
2020-04-25,70,5,12,53,686,401,127,158
2020-04-26,16,7,3,6,702,404,134,164
2020-04-27,12,5,8,-1,714,412,139,163
2020-04-28,49,1,19,29,763,431,140,192
2020-04-29,19,3,7,9,782,438,143,201
2020-04-30,60,4,6,50,842,444,147,251
2020-05-01,74,2,27,45,916,471,149,296
2020-05-02,7,8,44,-45,923,515,157,251
2020-05-03,63,5,5,53,986,520,162,304
2020-05-04,12,7,6,-1,998,526,169,303
2020-05-05,35,4,20,11,1033,546,173,314
2020-05-06,39,10,11,18,1072,557,183,332
2020-05-07,31,11,8,12,1103,565,194,344
2020-05-08,27,19,37,-29,1130,602,213,315
2020-05-09,130,10,49,71,1260,651,223,386
2020-05-10,67,6,42,19,1327,693,229,405
2020-05-11,44,9,57,-22,1371,750,238,383
2020-05-12,94,7,22,65,1465,772,245,448
2020-05-13,122,6,37,79,1587,809,251,527
2020-05-14,71,14,14,43,1658,823,265,570
2020-05-15,48,8,11,29,1706,834,273,599
2020-05-16,145,9,15,121,1851,849,282,720
2020-05-17,48,10,25,13,1899,874,292,733
2020-05-18,106,8,14,84,2005,888,300,817
2020-05-19,73,10,38,25,2078,926,310,842
2020-05-20,102,14,36,52,2180,962,324,894
2020-05-21,369,13,8,348,2549,970,337,1242
2020-05-22,128,7,42,79,2677,1012,344,1321
2020-05-23,386,14,73,299,3063,1085,358,1620
2020-05-24,58,7,48,3,3121,1133,365,1623
2020-05-25,152,12,31,109,3273,1164,377,1732
2020-05-26,76,10,53,13,3349,1217,387,1745
2020-05-27,110,13,40,57,3459,1257,400,1802
2020-05-28,130,12,43,75,3589,1300,412,1877
2020-05-29,91,6,46,39,3680,1346,418,1916
2020-05-30,145,11,42,92,3825,1388,429,2008
2020-05-31,176,14,171,-9,4001,1559,443,1999
2020-06-01,86,14,75,-3,4087,1634,457,1996
2020-06-02,144,18,239,-113,4231,1873,475,1883
2020-06-03,165,13,244,-92,4396,2117,488,1791
2020-06-04,105,14,133,-42,4501,2250,502,1749
2020-06-05,130,18,138,-26,4631,2388,520,1723
2020-06-06,79,14,75,-10,4710,2463,534,1713
2020-06-07,267,16,106,145,4977,2569,550,1858
2020-06-08,305,14,112,179,5282,2681,564,2037
2020-06-09,170,22,101,47,5452,2782,586,2084
2020-06-10,270,25,158,87,5722,2940,611,2171
2020-06-11,234,29,79,126,5956,3019,640,2297
2020-06-12,236,27,161,48,6192,3180,667,2345
2020-06-13,200,18,83,99,6392,3263,685,2444
2020-06-14,185,21,54,110,6577,3317,706,2554
2020-06-15,279,25,85,169,6856,3402,731,2723
2020-06-16,180,17,53,110,7036,3455,748,2833
2020-06-17,191,25,230,-64,7227,3685,773,2769
2020-06-18,298,20,255,23,7525,3940,793,2792
2020-06-19,181,19,110,52,7706,4050,812,2844
2020-06-20,273,16,247,10,7979,4297,828,2854
2020-06-21,125,14,121,-10,8104,4418,842,2844
2020-06-22,314,10,110,194,8418,4528,852,3038
2020-06-23,226,15,121,90,8644,4649,867,3128
2020-06-24,176,15,143,18,8820,4792,882,3146
2020-06-25,281,19,125,137,9101,4917,901,3283
2020-06-26,305,29,166,110,9406,5083,930,3393
2020-06-27,238,24,100,114,9644,5183,954,3507
2020-06-28,200,17,168,15,9844,5351,971,3522
2020-06-29,181,19,97,65,10025,5448,990,3587
2020-06-30,325,21,183,121,10350,5631,1011,3708
2020-07-01,275,24,105,146,10625,5736,1035,3854
2020-07-02,309,24,217,68,10934,5953,1059,3922
2020-07-03,340,18,153,169,11274,6106,1077,4091
2020-07-04,344,29,147,168,11618,6253,1106,4259
2020-07-05,372,14,245,113,11990,6498,1120,4372
2020-07-06,250,17,180,53,12240,6678,1137,4425
2020-07-07,289,18,130,141,12529,6808,1155,4566
2020-07-08,328,15,136,177,12857,6944,1170,4743
2020-07-09,327,25,153,149,13184,7097,1195,4892
2020-07-10,231,14,264,-47,13415,7361,1209,4845
2020-07-11,279,14,285,-20,13694,7646,1223,4825
2020-07-12,305,18,255,32,13999,7901,1241,4857
2020-07-13,157,17,156,-16,14156,8057,1258,4841
2020-07-14,230,22,264,-56,14386,8321,1280,4785
2020-07-15,217,34,297,-114,14603,8618,1314,4671
2020-07-16,154,14,221,-81,14757,8839,1328,4590
2020-07-17,194,18,277,-101,14951,9116,1346,4489
2020-07-18,188,21,188,-21,15139,9304,1367,4468
2020-07-19,270,42,215,13,15409,9519,1409,4481
2020-07-20,247,23,209,15,15656,9728,1432,4496
2020-07-21,263,23,279,-39,15919,10007,1455,4457
2020-07-22,313,27,240,46,16232,10247,1482,4503
2020-07-23,276,34,300,-58,16508,10547,1516,4445
2020-07-24,475,29,285,161,16983,10832,1545,4606
2020-07-25,237,19,294,-76,17220,11126,1564,4530
2020-07-26,266,31,222,13,17486,11348,1595,4543
2020-07-27,252,15,248,-11,17738,11596,1610,4532
2020-07-28,235,28,256,-49,17973,11852,1638,4483
2020-07-29,264,14,322,-72,18237,12174,1652,4411
2020-07-30,291,19,243,29,18528,12417,1671,4440
2020-07-31,267,19,217,31,18795,12634,1690,4471
2020-08-01,568,15,209,344,19363,12843,1705,4815
2020-08-02,304,23,179,102,19667,13022,1728,4917
2020-08-03,307,17,214,76,19974,13236,1745,4993
2020-08-04,371,18,208,145,20345,13444,1763,5138
2020-08-05,374,11,306,57,20719,13750,1774,5195
2020-08-06,243,19,431,-207,20962,14181,1793,4988
2020-08-07,306,20,513,-227,21268,14694,1813,4761
2020-08-08,296,21,300,-25,21564,14994,1834,4736
2020-08-09,296,27,289,-20,21860,15283,1861,4716
2020-08-10,236,18,343,-125,22096,15626,1879,4591
2020-08-11,225,22,250,-47,22321,15876,1901,4544
2020-08-12,238,30,411,-203,22559,16287,1931,4341
2020-08-13,266,31,504,-269,22825,16791,1962,4072
2020-08-14,354,40,329,-15,23179,17120,2002,4057
2020-08-15,361,23,325,13,23540,17445,2025,4070
2020-08-16,374,22,350,2,23914,17795,2047,4072
2020-08-17,250,25,359,-134,24164,18154,2072,3938
2020-08-18,275,23,305,-53,24439,18459,2095,3885
2020-08-19,289,20,417,-148,24728,18876,2115,3737
2020-08-20,310,23,308,-21,25038,19184,2138,3716
2020-08-21,392,33,297,62,25430,19481,2171,3778
2020-08-22,293,27,311,-45,25723,19792,2198,3733
2020-08-23,254,25,293,-64,25977,20085,2223,3669
2020-08-24,296,20,421,-145,26273,20506,2243,3524
2020-08-25,332,17,399,-84,26605,20905,2260,3440
2020-08-26,281,27,357,-103,26886,21262,2287,3337
2020-08-27,314,28,318,-32,27200,21580,2315,3305
2020-08-28,360,24,311,25,27560,21891,2339,3330
2020-08-29,502,22,234,246,28062,22125,2361,3576
2020-08-30,365,29,338,-2,28427,22463,2390,3574
2020-08-31,274,32,443,-201,28701,22906,2422,3373
2020-09-01,309,17,360,-68,29010,23266,2439,3305
2020-09-02,318,17,306,-5,29328,23572,2456,3300
2020-09-03,320,27,289,4,29648,23861,2483,3304
2020-09-04,278,40,305,-67,29926,24166,2523,3237
2020-09-05,287,22,284,-19,30213,24450,2545,3218
2020-09-06,268,22,338,-92,30481,24788,2567,3126
2020-09-07,258,24,324,-90,30739,25112,2591,3036
2020-09-08,355,24,298,33,31094,25410,2615,3069
2020-09-09,293,35,339,-81,31387,25749,2650,2988
2020-09-10,309,23,272,14,31696,26021,2673,3002
2020-09-11,305,27,295,-17,32001,26316,2700,2985
2020-09-12,289,18,348,-77,32290,26664,2718,2908
2020-09-13,184,25,578,-419,32474,27242,2743,2489
2020-09-14,281,26,284,-29,32755,27526,2769,2460
2020-09-15,314,21,282,11,33069,27808,2790,2471
2020-09-16,295,22,284,-11,33364,28092,2812,2460
2020-09-17,272,27,274,-29,33636,28366,2839,2431
2020-09-18,439,18,459,-38,34075,28825,2857,2393
2020-09-19,294,25,291,-22,34369,29116,2882,2371
2020-09-20,298,19,262,17,34667,29378,2901,2388
2020-09-21,287,12,247,28,34954,29625,2913,2416
2020-09-22,282,15,322,-55,35236,29947,2928,2361
2020-09-23,287,18,280,-11,35523,30227,2946,2350
2020-09-24,301,22,286,-7,35824,30513,2968,2343
2020-09-25,248,16,315,-83,36072,30828,2984,2260
2020-09-26,238,15,286,-63,36310,31114,2999,2197
2020-09-27,168,15,393,-240,36478,31507,3014,1957
2020-09-28,236,20,383,-167,36714,31890,3034,1790
2020-09-29,222,21,270,-69,36936,32160,3055,1721
2020-09-30,501,48,508,-55,37437,32668,3103,1666
2020-10-01,560,21,316,223,37997,32984,3124,1889
2020-10-02,221,17,301,-97,38218,33285,3141,1792
2020-10-03,261,12,280,-31,38479,33565,3153,1761
2020-10-04,206,16,286,-96,38685,33851,3169,1665
2020-10-05,203,5,254,-56,38888,34105,3174,1609
2020-10-06,242,8,205,29,39130,34310,3182,1638
2020-10-07,275,20,258,-3,39405,34568,3202,1635
2020-10-08,270,19,279,-28,39675,34847,3221,1607
2020-10-09,242,21,314,-93,39917,35161,3242,1514
2020-10-10,260,16,320,-76,40177,35481,3258,1438
2020-10-11,225,13,279,-67,40402,35760,3271,1371
2020-10-12,244,15,270,-41,40646,36030,3286,1330
2020-10-13,274,19,303,-48,40920,36333,3305,1282
2020-10-14,245,17,297,-69,41165,36630,3322,1213
2020-10-15,234,17,318,-101,41399,36948,3339,1112
2020-10-16,233,19,343,-129,41632,37291,3358,983
2020-10-17,200,18,321,-139,41832,37612,3376,844
2020-10-18,186,19,269,-102,42018,37881,3395,742
2020-10-19,186,18,285,-117,42204,38166,3413,625
2020-10-20,238,10,282,-54,42442,38448,3423,571
2020-10-21,268,13,282,-27,42710,38730,3436,544
2020-10-22,229,16,301,-88,42939,39031,3452,456
2020-10-23,238,17,315,-94,43177,39346,3469,362
2020-10-24,245,17,309,-81,43422,39655,3486,281
2020-10-25,206,17,225,-36,43628,39880,3503,245
2020-10-26,239,11,231,-3,43867,40111,3514,242
2020-10-27,245,8,230,7,44112,40341,3522,249
2020-10-28,197,13,229,-45,44309,40570,3535,204
2020-10-29,203,12,227,-36,44512,40797,3547,168
2020-10-30,179,45,498,-364,44691,41295,3592,-196
2020-10-31,191,21,228,-58,44882,41523,3613,-254
2020-11-01,499,19,298,182,45381,41821,3632,-72
2020-11-02,241,8,246,-13,45622,42067,3640,-85
2020-11-03,217,22,248,-53,45839,42315,3662,-138
2020-11-04,194,14,227,-47,46033,42542,3676,-185
2020-11-05,224,8,225,-9,46257,42767,3684,-194
2020-11-06,222,11,263,-52,46479,43030,3695,-246
2020-11-07,231,21,239,-29,46710,43269,3716,-275
2020-11-08,228,20,245,-37,46938,43514,3736,-312
2020-11-09,210,23,237,-50,47148,43751,3759,-362
2020-11-10,256,23,256,-23,47404,44007,3782,-385
2020-11-11,152,18,223,-89,47556,44230,3800,-474
2020-11-12,205,19,206,-20,47761,44436,3819,-494
2020-11-13,183,20,237,-74,47944,44673,3839,-568
2020-11-14,211,17,257,-63,48155,44930,3856,-631
2020-11-15,158,8,224,-74,48313,45154,3864,-705
2020-11-16,223,28,230,-35,48536,45384,3892,-740
2020-11-17,269,27,208,34,48805,45592,3919,-706
2020-11-18,322,15,247,60,49127,45839,3934,-646
2020-11-19,346,33,215,98,49473,46054,3967,-548
2020-11-20,305,25,258,22,49778,46312,3992,-526
2020-11-21,293,17,217,59,50071,46529,4009,-467
2020-11-22,222,23,223,-24,50293,46752,4032,-491
2020-11-23,299,26,228,45,50592,46980,4058,-446
2020-11-24,288,26,222,40,50880,47202,4084,-406
2020-11-25,317,25,250,42,51197,47452,4109,-364
2020-11-26,316,31,245,40,51513,47697,4140,-324
2020-11-27,317,39,292,-14,51830,47989,4179,-338
2020-11-28,377,28,330,19,52207,48319,4207,-319
2020-11-29,330,25,235,70,52537,48554,4232,-249
2020-11-30,328,81,541,-294,52865,49095,4313,-543
2020-12-01,349,26,339,-16,53214,49434,4339,-559
2020-12-02,377,19,267,91,53591,49701,4358,-468
2020-12-03,453,31,309,113,54044,50010,4389,-355
2020-12-04,504,12,317,175,54548,50327,4401,-180
2020-12-05,451,25,348,78,54999,50675,4426,-102
2020-12-06,442,25,312,105,55441,50987,4451,3
2020-12-07,471,27,335,109,55912,51322,4478,112
2020-12-08,472,40,468,-36,56384,51790,4518,76
2020-12-09,551,43,432,76,56935,52222,4561,152
2020-12-10,603,29,505,69,57538,52727,4590,221
2020-12-11,729,27,381,321,58267,53108,4617,542
2020-12-12,671,45,373,253,58938,53481,4662,795
2020-12-13,623,23,478,122,59561,53959,4685,917
2020-12-14,634,19,418,197,60195,54377,4704,1114
2020-12-15,615,39,640,-64,60810,55017,4743,1050
2020-12-16,628,37,413,178,61438,55430,4780,1228
2020-12-17,723,32,533,158,62161,55963,4812,1386
2020-12-18,712,40,503,169,62873,56466,4852,1555
2020-12-19,644,44,451,149,63517,56917,4896,1704
2020-12-20,558,41,621,-104,64075,57538,4937,1600
2020-12-21,670,31,537,102,64745,58075,4968,1702
2020-12-22,603,38,500,65,65348,58575,5006,1767
2020-12-23,678,33,552,93,66026,59127,5039,1860
2020-12-24,609,49,580,-20,66635,59707,5088,1840
2020-12-25,612,46,450,116,67247,60157,5134,1956
2020-12-26,642,44,540,58,67889,60697,5178,2014
2020-12-27,551,35,468,48,68440,61165,5213,2062
2020-12-28,703,49,508,146,69143,61673,5262,2208
2020-12-29,649,45,566,38,69792,62239,5307,2246
2020-12-30,831,49,629,153,70623,62868,5356,2399
2020-12-31,1360,137,1056,167,71983,63924,5493,2566
2021-01-01,712,52,546,114,72695,64470,5545,2680
2021-01-02,666,62,587,17,73361,65057,5607,2697
2021-01-03,474,38,465,-29,73835,65522,5645,2668
2021-01-04,582,46,428,108,74417,65950,5691,2776
2021-01-05,553,50,426,77,74970,66376,5741,2853
2021-01-06,680,44,745,-109,75650,67121,5785,2744
2021-01-07,718,73,478,167,76368,67599,5858,2911
2021-01-08,830,61,505,264,77198,68104,5919,3175
2021-01-09,858,42,491,325,78056,68595,5961,3500
2021-01-10,812,47,712,53,78868,69307,6008,3553
2021-01-11,738,41,415,282,79606,69722,6049,3835
2021-01-12,726,56,625,45,80332,70347,6105,3880
2021-01-13,786,66,769,-49,81118,71116,6171,3831
2021-01-14,875,52,663,160,81993,71779,6223,3991
2021-01-15,1071,62,679,330,83064,72458,6285,4321
2021-01-16,1064,39,622,403,84128,73080,6324,4724
2021-01-17,797,48,658,91,84925,73738,6372,4815
2021-01-18,755,31,610,114,85680,74348,6403,4929
2021-01-19,804,44,570,190,86484,74918,6447,5119
2021-01-20,807,50,592,165,87291,75510,6497,5284
2021-01-21,959,40,777,142,88250,76287,6537,5426
2021-01-22,926,44,716,166,89176,77003,6581,5592
2021-01-23,813,30,732,51,89989,77735,6611,5643
2021-01-24,764,31,657,76,90753,78392,6642,5719
2021-01-25,769,28,646,95,91522,79038,6670,5814
2021-01-26,829,46,654,129,92351,79692,6716,5943
2021-01-27,961,37,669,255,93312,80361,6753,6198
2021-01-28,915,39,643,233,94227,81004,6792,6431
2021-01-29,875,30,808,37,95102,81812,6822,6468
2021-01-30,757,35,688,34,95859,82500,6857,6502
2021-01-31,758,28,610,120,96617,83110,6885,6622
2021-02-01,609,33,832,-256,97226,83942,6918,6366
2021-02-02,697,42,815,-160,97923,84757,6960,6206
2021-02-03,601,51,554,-4,98524,85311,7011,6202
2021-02-04,495,47,740,-292,99019,86051,7058,5910
2021-02-05,635,48,695,-108,99654,86746,7106,5802
2021-02-06,591,54,584,-47,100245,87330,7160,5755
2021-02-07,491,27,598,-134,100736,87928,7187,5621
2021-02-08,567,22,649,-104,101303,88577,7209,5517
2021-02-09,445,23,284,138,101748,88861,7232,5655
2021-02-10,528,19,339,170,102276,89200,7251,5825
2021-02-11,1046,43,399,604,103322,89599,7294,6429
2021-02-12,631,85,521,25,103953,90120,7379,6454
2021-02-13,448,27,428,-7,104401,90548,7406,6447
2021-02-14,403,33,341,29,104804,90889,7439,6476
2021-02-15,357,27,393,-63,105161,91282,7466,6413
2021-02-16,381,16,261,104,105542,91543,7482,6517
2021-02-17,471,12,228,231,106013,91771,7494,6748
2021-02-18,457,15,312,130,106470,92083,7509,6878
2021-02-19,453,19,511,-77,106923,92594,7528,6801
2021-02-20,506,25,496,-15,107429,93090,7553,6786
2021-02-21,355,23,457,-125,107784,93547,7576,6661
2021-02-22,348,31,537,-220,108132,94084,7607,6441
2021-02-23,547,28,416,103,108679,94500,7635,6544
2021-02-24,330,27,608,-305,109009,95108,7662,6239
2021-02-25,340,27,447,-134,109349,95555,7689,6105
2021-02-26,329,13,480,-164,109678,96035,7702,5941
2021-02-27,271,16,342,-87,109949,96377,7718,5854
2021-02-28,278,23,432,-177,110227,96809,7741,5677
2021-03-01,273,20,314,-61,110500,97123,7761,5616
2021-03-02,333,19,536,-222,110833,97659,7780,5394
2021-03-03,355,21,369,-35,111188,98028,7801,5359
2021-03-04,403,19,339,45,111591,98367,7820,5404
2021-03-05,406,13,340,53,111997,98707,7833,5457
2021-03-06,395,23,371,1,112392,99078,7856,5458
2021-03-07,328,15,319,-6,112720,99397,7871,5452
2021-03-08,254,19,346,-111,112974,99743,7890,5341
2021-03-09,303,19,356,-72,113277,100099,7909,5269
2021-03-10,307,17,396,-106,113584,100495,7926,5163
2021-03-11,272,13,327,-68,113856,100822,7939,5095
2021-03-12,282,13,344,-75,114138,101166,7952,5020
2021-03-13,287,16,304,-33,114425,101470,7968,4987
2021-03-14,278,11,185,82,114703,101655,7979,5069
2021-03-15,257,16,242,-1,114960,101897,7995,5068
2021-03-16,290,21,222,47,115250,102119,8016,5115
2021-03-17,220,75,827,-682,115470,102946,8091,4433
2021-03-18,264,31,672,-439,115734,103618,8122,3994
2021-03-19,244,37,319,-112,115978,103937,8159,3882
2021-03-20,232,68,303,-139,116210,104240,8227,3743
2021-03-21,232,18,403,-189,116442,104643,8245,3554
2021-03-22,216,25,260,-69,116658,104903,8270,3485
2021-03-23,239,25,315,-101,116897,105218,8295,3384
2021-03-24,238,20,522,-304,117135,105740,8315,3080
2021-03-25,279,17,309,-47,117414,106049,8332,3033
2021-03-26,339,16,319,4,117753,106368,8348,3037
2021-03-27,275,16,407,-148,118028,106775,8364,2889
2021-03-28,265,17,310,-62,118293,107085,8381,2827
2021-03-29,251,31,710,-490,118544,107795,8412,2337
2021-03-30,279,29,458,-208,118823,108253,8441,2129
2021-03-31,238,34,243,-39,119061,108496,8475,2090
2021-04-01,224,19,206,-1,119285,108702,8494,2089
2021-04-02,217,21,201,-5,119502,108903,8515,2084
2021-04-03,230,20,199,11,119732,109102,8535,2095
2021-04-04,220,18,181,21,119952,109283,8553,2116
2021-04-05,229,28,207,-6,120181,109490,8581,2110
2021-04-06,293,24,197,72,120474,109687,8605,2182
2021-04-07,268,39,336,-107,120742,110023,8644,2075
2021-04-08,298,25,192,81,121040,110215,8669,2156
2021-04-09,308,18,232,58,121348,110447,8687,2214
2021-04-10,218,24,209,-15,121566,110656,8711,2199
2021-04-11,247,23,311,-87,121813,110967,8734,2112
2021-04-12,250,33,227,-10,122063,111194,8767,2102
2021-04-13,197,29,210,-42,122260,111404,8796,2060
2021-04-14,262,21,245,-4,122522,111649,8817,2056
2021-04-15,231,23,212,-4,122753,111861,8840,2052
2021-04-16,290,23,278,-11,123043,112139,8863,2041
2021-04-17,285,27,232,26,123328,112371,8890,2067
2021-04-18,239,18,208,13,123567,112579,8908,2080
2021-04-19,255,30,215,10,123822,112794,8938,2090
2021-04-20,257,37,203,17,124079,112997,8975,2107
2021-04-21,246,24,219,3,124325,113216,8999,2110
2021-04-22,238,19,221,-2,124563,113437,9018,2108
2021-04-23,300,27,245,28,124863,113682,9045,2136
2021-04-24,258,18,282,-42,125121,113964,9063,2094
2021-04-25,236,20,209,7,125357,114173,9083,2101
2021-04-26,234,22,252,-40,125591,114425,9105,2061
2021-04-27,237,24,224,-11,125828,114649,9129,2050
2021-04-28,297,24,245,28,126125,114894,9153,2078
2021-04-29,182,22,232,-72,126307,115126,9175,2006
2021-04-30,260,18,232,10,126567,115358,9193,2016
2021-05-01,152,13,191,-52,126719,115549,9206,1964
2021-05-02,132,19,172,-59,126851,115721,9225,1905
2021-05-03,178,18,222,-62,127029,115943,9243,1843
2021-05-04,290,27,223,40,127319,116166,9270,1883
2021-05-05,220,24,196,0,127539,116362,9294,1883
2021-05-06,255,20,209,26,127794,116571,9314,1909
2021-05-07,235,20,240,-25,128029,116811,9334,1884
2021-05-08,224,18,172,34,128253,116983,9352,1918
2021-05-09,230,18,180,32,128483,117163,9370,1950
2021-05-10,205,21,192,-8,128688,117355,9391,1942
2021-05-11,188,30,193,-35,128876,117548,9421,1907
2021-05-12,222,24,193,5,129098,117741,9445,1912
2021-05-13,109,10,129,-30,129207,117870,9455,1882
2021-05-14,142,15,155,-28,129349,118025,9470,1854
2021-05-15,156,26,290,-160,129505,118315,9496,1694
2021-05-16,163,16,146,1,129668,118461,9512,1695
2021-05-17,202,24,253,-75,129870,118714,9536,1620
2021-05-18,217,22,208,-13,130087,118922,9558,1607
2021-05-19,254,31,182,41,130341,119104,9589,1648
2021-05-20,210,21,221,-32,130551,119325,9610,1616
2021-05-21,143,14,160,-31,130694,119485,9624,1585
2021-05-22,189,13,172,4,130883,119657,9637,1589
2021-05-23,228,16,180,32,131111,119837,9653,1621
2021-05-24,140,19,179,-58,131251,120016,9672,1563
2021-05-25,217,23,158,36,131468,120174,9695,1599
2021-05-26,205,18,107,80,131673,120281,9713,1679
2021-05-27,172,21,149,2,131845,120430,9734,1681
2021-05-28,246,20,176,50,132091,120606,9754,1731
2021-05-29,255,16,251,-12,132346,120857,9770,1719
2021-05-30,217,17,134,66,132563,120991,9787,1785
2021-05-31,249,26,209,14,132812,121200,9813,1799
2021-06-01,181,24,186,-29,132993,121386,9837,1770
2021-06-02,239,27,183,29,133232,121569,9864,1799
2021-06-03,260,25,196,39,133492,121765,9889,1838
2021-06-04,295,24,243,28,133787,122008,9913,1866
2021-06-05,190,26,171,-7,133977,122179,9939,1859
2021-06-06,276,18,179,79,134253,122358,9957,1938
2021-06-07,175,23,175,-23,134428,122533,9980,1915
2021-06-08,241,26,223,-8,134669,122756,10006,1907
2021-06-09,333,22,195,116,135002,122951,10028,2023
2021-06-10,333,28,192,113,135335,123143,10056,2136
2021-06-11,338,28,221,89,135673,123364,10084,2225
2021-06-12,358,26,165,167,136031,123529,10110,2392
2021-06-13,320,31,242,47,136351,123771,10141,2439
2021-06-14,403,34,234,135,136754,124005,10175,2574
2021-06-15,398,37,208,153,137152,124213,10212,2727
2021-06-16,561,41,217,303,137713,124430,10253,3030
2021-06-17,574,50,270,254,138287,124700,10303,3284
2021-06-18,587,36,330,221,138874,125030,10339,3505
2021-06-19,561,35,272,254,139435,125302,10374,3759
2021-06-20,586,45,313,228,140021,125615,10419,3987
2021-06-21,719,51,305,363,140740,125920,10470,4350
2021-06-22,746,40,313,393,141486,126233,10510,4743
2021-06-23,685,48,354,283,142171,126587,10558,5026
2021-06-24,595,45,325,225,142766,126912,10603,5251
2021-06-25,776,45,420,311,143542,127332,10648,5562
2021-06-26,877,43,485,349,144419,127817,10691,5911
2021-06-27,722,56,389,277,145141,128206,10747,6188
2021-06-28,877,51,440,386,146018,128646,10798,6574
2021-06-29,845,77,541,227,146863,129187,10875,6801
2021-06-30,936,83,641,212,147799,129828,10958,7013
2021-07-01,1420,70,589,761,149219,130417,11028,7774
2021-07-02,1387,78,687,622,150606,131104,11106,8396
2021-07-03,1439,84,668,687,152045,131772,11190,9083
2021-07-04,1468,94,638,736,153513,132410,11284,9819
2021-07-05,1540,108,958,474,155053,133368,11392,10293
2021-07-06,1806,116,1083,607,156859,134451,11508,10900
2021-07-07,2545,158,1109,1278,159404,135560,11666,12178
2021-07-08,2549,175,1215,1159,161953,136775,11841,13337
2021-07-09,2533,168,1670,695,164486,138445,12009,14032
2021-07-10,2237,185,1324,728,166723,139769,12194,14760
2021-07-11,2418,278,1412,728,169141,141181,12472,15488
2021-07-12,2313,173,1559,581,171454,142740,12645,16069
2021-07-13,5096,174,2060,2862,176550,144800,12819,18931
2021-07-14,6343,214,1721,4408,182893,146521,13033,23339
2021-07-15,7516,191,1780,5545,190409,148301,13224,28884
2021-07-16,7822,308,2072,5442,198231,150373,13532,34326
2021-07-17,6909,270,2491,4148,205140,152864,13802,38474
2021-07-18,5693,306,2865,2522,210833,155729,14108,40996
2021-07-19,4408,332,2672,1404,215241,158401,14440,42400
2021-07-20,5638,263,2473,2902,220879,160874,14703,45302
2021-07-21,3851,392,2837,622,224730,163711,15095,45924
2021-07-22,6592,271,3044,3277,231322,166755,15366,49201
2021-07-23,6860,343,3981,2536,238182,170736,15709,51737
2021-07-24,5643,355,4187,1101,243825,174923,16064,52838
2021-07-25,4727,313,4754,-340,248552,179677,16377,52498
2021-07-26,3125,371,4321,-1567,251677,183998,16748,50931
2021-07-27,6269,332,4852,1085,257946,188850,17080,52016
2021-07-28,6333,406,4574,1353,264279,193424,17486,53369
2021-07-29,5435,342,3893,1200,269714,197317,17828,54569
2021-07-30,5150,387,4933,-170,274864,202250,18215,54399
2021-07-31,4649,324,5067,-742,279513,207317,18539,53657
2021-08-01,3082,329,5917,-3164,282595,213234,18868,50493
2021-08-02,1939,332,4546,-2939,284534,217780,19200,47554
2021-08-03,3527,295,4228,-996,288061,222008,19495,46558
2021-08-04,3644,310,3968,-634,291705,225976,19805,45924
2021-08-05,3420,285,4460,-1325,295125,230436,20090,44599
2021-08-06,4215,305,4797,-887,299340,235233,20395,43712
2021-08-07,3430,295,4347,-1212,302770,239580,20690,42500
2021-08-08,2529,278,3363,-1112,305299,242943,20968,41388
2021-08-09,1962,282,3353,-1673,307261,246296,21250,39715
2021-08-10,3600,243,4297,-940,310861,250593,21493,38775
2021-08-11,2867,311,4016,-1460,313728,254609,21804,37315
2021-08-12,3156,295,3861,-1000,316884,258470,22099,36315
2021-08-13,4156,239,4102,-185,321040,262572,22338,36130
2021-08-14,3208,256,4280,-1328,324248,266852,22594,34802
2021-08-15,1705,215,3329,-1839,325953,270181,22809,32963
2021-08-16,1541,228,3528,-2215,327494,273709,23037,30748
2021-08-17,2315,238,3771,-1694,329809,277480,23275,29054
2021-08-18,1487,221,3030,-1764,331296,280510,23496,27290
2021-08-19,2983,216,3620,-853,334279,284130,23712,26437
2021-08-20,2485,203,3329,-1047,336764,287459,23915,25390
2021-08-21,2098,201,3308,-1411,338862,290767,24116,23979
2021-08-22,1180,202,2649,-1671,340042,293416,24318,22308
2021-08-23,824,181,3230,-2587,340866,296646,24499,19721
2021-08-24,1451,174,3211,-1934,342317,299857,24673,17787
2021-08-25,1472,189,2576,-1293,343789,302433,24862,16494
2021-08-26,1354,138,2498,-1282,345143,304931,25000,15212
2021-08-27,1406,150,2301,-1045,346549,307232,25150,14167
2021-08-28,1076,162,1877,-963,347625,309109,25312,13204
2021-08-29,664,137,1566,-1039,348289,310675,25449,12165
2021-08-30,638,125,1582,-1069,348927,312257,25574,11096
2021-08-31,1311,124,1559,-372,350238,313816,25698,10724
2021-09-01,1114,127,1414,-427,351352,315230,25825,10297
2021-09-02,833,118,1431,-716,352185,316661,25943,9581
2021-09-03,751,86,1029,-364,352936,317690,26029,9217
2021-09-04,603,92,1154,-643,353539,318844,26121,8574
2021-09-05,436,69,855,-488,353975,319699,26190,8086
2021-09-06,356,78,950,-672,354331,320649,26268,7414
2021-09-07,656,78,982,-404,354987,321631,26346,7010
2021-09-08,593,60,932,-399,355580,322563,26406,6611
2021-09-09,490,42,840,-392,356070,323403,26448,6219
2021-09-10,449,49,772,-372,356519,324175,26497,5847
2021-09-11,466,37,659,-230,356985,324834,26534,5617
2021-09-12,337,30,595,-288,357322,325429,26564,5329
2021-09-13,292,30,639,-377,357614,326068,26594,4952
2021-09-14,481,21,702,-242,358095,326770,26615,4710
2021-09-15,414,22,662,-270,358509,327432,26637,4440
2021-09-16,324,28,632,-336,358833,328064,26665,4104
2021-09-17,357,20,659,-322,359190,328723,26685,3782
2021-09-18,243,20,514,-291,359433,329237,26705,3491
2021-09-19,217,16,441,-240,359650,329678,26721,3251
2021-09-20,115,21,366,-272,359765,330044,26742,2979
2021-09-21,236,23,479,-266,360001,330523,26765,2713
2021-09-22,246,11,325,-90,360247,330848,26776,2623
2021-09-23,218,19,357,-158,360465,331205,26795,2465
2021-09-24,206,16,319,-129,360671,331524,26811,2336
2021-09-25,169,15,330,-176,360840,331854,26826,2160
2021-09-26,144,6,207,-69,360984,332061,26832,2091
2021-09-27,85,13,250,-178,361069,332311,26845,1913
2021-09-28,179,11,215,-47,361248,332526,26856,1866
2021-09-29,224,9,229,-14,361472,332755,26865,1852
2021-09-30,186,11,218,-43,361658,332973,26876,1809
2021-10-01,106,10,198,-102,361764,333171,26886,1707
2021-10-02,129,11,214,-96,361893,333385,26897,1611
2021-10-03,115,10,173,-68,362008,333558,26907,1543
2021-10-04,62,8,181,-127,362070,333739,26915,1416
2021-10-05,139,4,190,-55,362209,333929,26919,1361
2021-10-06,158,6,188,-36,362367,334117,26925,1325
2021-10-07,121,14,184,-77,362488,334301,26939,1248
2021-10-08,119,6,158,-45,362607,334459,26945,1203
2021-10-09,117,8,152,-43,362724,334611,26953,1160
2021-10-10,127,3,145,-21,362851,334756,26956,1139
2021-10-11,48,8,121,-81,362899,334877,26964,1058
2021-10-12,160,9,150,1,363059,335027,26973,1059
2021-10-13,121,5,142,-26,363180,335169,26978,1033
2021-10-14,85,3,122,-40,363265,335291,26981,993
2021-10-15,81,5,129,-53,363346,335420,26986,940
2021-10-16,100,11,126,-37,363446,335546,26997,903
2021-10-17,60,4,87,-31,363506,335633,27001,872
2021-10-18,43,8,86,-51,363549,335719,27009,821
2021-10-19,95,6,105,-16,363644,335824,27015,805
2021-10-20,87,6,97,-16,363731,335921,27021,789
2021-10-21,63,6,88,-31,363794,336009,27027,758
2021-10-22,64,3,95,-34,363858,336104,27030,724
2021-10-23,74,5,61,8,363932,336165,27035,732
2021-10-24,54,2,70,-18,363986,336235,27037,714
2021-10-25,34,7,68,-41,364020,336303,27044,673
2021-10-26,51,7,72,-28,364071,336375,27051,645
2021-10-27,90,6,98,-14,364161,336473,27057,631
2021-10-28,72,4,72,-4,364233,336545,27061,627
2021-10-29,54,5,56,-7,364287,336601,27066,620
2021-10-30,81,6,65,10,364368,336666,27072,630
2021-10-31,57,4,63,-10,364425,336729,27076,620
2021-11-01,40,1,57,-18,364465,336786,27077,602
2021-11-02,71,3,69,-1,364536,336855,27080,601
2021-11-03,67,8,71,-12,364603,336926,27088,589
2021-11-04,57,6,57,-6,364660,336983,27094,583
2021-11-05,46,3,61,-18,364706,337044,27097,565
2021-11-06,47,3,51,-7,364753,337095,27100,558
2021-11-07,32,3,41,-12,364785,337136,27103,546
2021-11-08,30,1,54,-25,364815,337190,27104,521
2021-11-09,41,6,63,-28,364856,337253,27110,493
2021-11-10,59,2,75,-18,364915,337328,27112,475
2021-11-11,42,3,50,-11,364957,337378,27115,464
2021-11-12,33,4,42,-13,364990,337420,27119,451
2021-11-13,49,1,46,2,365039,337466,27120,453
2021-11-14,30,2,59,-31,365069,337525,27122,422
2021-11-15,26,1,48,-23,365095,337573,27123,399
2021-11-16,35,1,43,-9,365130,337616,27124,390
2021-11-17,43,0,34,9,365173,337650,27124,399
2021-11-18,24,1,32,-9,365197,337682,27125,390
2021-11-19,28,1,31,-4,365225,337713,27126,386
2021-11-20,30,1,35,-6,365255,337748,27127,380
2021-11-21,25,3,20,2,365280,337768,27130,382
2021-11-22,21,4,31,-14,365301,337799,27134,368
2021-11-23,45,1,51,-7,365346,337850,27135,361
2021-11-24,36,1,28,7,365382,337878,27136,368
2021-11-25,32,3,20,9,365414,337898,27139,377
2021-11-26,48,1,37,10,365462,337935,27140,387
2021-11-27,31,3,19,9,365493,337954,27143,396
2021-11-28,33,0,27,6,365526,337981,27143,402
2021-11-29,10,1,15,-6,365536,337996,27144,396
2021-11-30,35,3,33,-1,365571,338029,27147,395
2021-12-01,30,2,27,1,365601,338056,27149,396
2021-12-02,35,0,33,2,365636,338089,27149,398
2021-12-03,22,1,32,-11,365658,338121,27150,387
2021-12-04,27,2,32,-7,365685,338153,27152,380
2021-12-05,29,1,26,2,365714,338179,27153,382
2021-12-06,18,1,25,-8,365732,338204,27154,374
2021-12-07,36,0,40,-4,365768,338244,27154,370
2021-12-08,27,3,34,-10,365795,338278,27157,360
2021-12-09,30,1,26,3,365825,338304,27158,363
2021-12-10,19,0,42,-23,365844,338346,27158,340
2021-12-11,22,2,19,1,365866,338365,27160,341
2021-12-12,22,3,28,-9,365888,338393,27163,332
2021-12-13,14,0,20,-6,365902,338413,27163,326
2021-12-14,27,3,21,3,365929,338434,27166,329
2021-12-15,28,2,25,1,365957,338459,27168,330
2021-12-16,23,1,24,-2,365980,338483,27169,328
2021-12-17,23,0,22,1,366003,338505,27169,329
2021-12-18,20,2,18,0,366023,338523,27171,329
2021-12-19,20,0,16,4,366043,338539,27171,333
2021-12-20,13,1,19,-7,366056,338558,27172,326
2021-12-21,14,4,23,-13,366070,338581,27176,313
2021-12-22,9,1,14,-6,366079,338595,27177,307
2021-12-23,17,0,20,-3,366096,338615,27177,304
2021-12-24,25,0,21,4,366121,338636,27177,308
2021-12-25,11,2,14,-5,366132,338650,27179,303
2021-12-26,5,0,12,-7,366137,338662,27179,296
2021-12-27,9,2,19,-12,366146,338681,27181,284
2021-12-28,24,4,18,2,366170,338699,27185,286
2021-12-29,16,1,19,-4,366186,338718,27186,282
2021-12-30,19,1,12,6,366205,338730,27187,288
2021-12-31,18,4,14,0,366223,338744,27191,288
2022-01-01,15,1,12,2,366238,338756,27192,290
2022-01-02,8,0,8,0,366246,338764,27192,290
2022-01-03,10,0,9,1,366256,338773,27192,291
2022-01-04,17,0,24,-7,366273,338797,27192,284
2022-01-05,12,2,11,-1,366285,338808,27194,283
2022-01-06,25,0,20,5,366310,338828,27194,288
2022-01-07,15,1,16,-2,366325,338844,27195,286
2022-01-08,29,3,16,10,366354,338860,27198,296
2022-01-09,16,1,21,-6,366370,338881,27199,290
2022-01-10,8,1,7,0,366378,338888,27200,290
2022-01-11,29,1,11,17,366407,338899,27201,307
2022-01-12,18,2,10,6,366425,338909,27203,313
2022-01-13,22,0,12,10,366447,338921,27203,323
2022-01-14,21,1,18,2,366468,338939,27204,325
2022-01-15,23,0,19,4,366491,338958,27204,329
2022-01-16,26,1,15,10,366517,338973,27205,339
2022-01-17,14,0,20,-6,366531,338993,27205,333
2022-01-18,44,1,20,23,366575,339013,27206,356
2022-01-19,50,2,21,27,366625,339034,27208,383
2022-01-20,89,3,26,60,366714,339060,27211,443
2022-01-21,92,1,27,64,366806,339087,27212,507
2022-01-22,79,2,45,32,366885,339132,27214,539
2022-01-23,69,1,44,24,366954,339176,27215,563
2022-01-24,60,0,53,7,367014,339229,27215,570
2022-01-25,213,1,58,154,367227,339287,27216,724
2022-01-26,238,0,105,133,367465,339392,27216,857
2022-01-27,255,1,111,143,367720,339503,27217,1000
2022-01-28,318,3,167,148,368038,339670,27220,1148
2022-01-29,363,0,152,211,368401,339822,27220,1359
2022-01-30,359,0,195,164,368760,340017,27220,1523
2022-01-31,276,0,246,30,369036,340263,27220,1553
2022-02-01,759,1,292,466,369795,340555,27221,2019
2022-02-02,563,1,301,261,370358,340856,27222,2280
2022-02-03,1395,2,542,851,371753,341398,27224,3131
2022-02-04,1681,5,658,1018,373434,342056,27229,4149
2022-02-05,2155,2,1053,1100,375589,343109,27231,5249
2022-02-06,2218,7,1238,973,377807,344347,27238,6222
2022-02-07,1339,5,1310,24,379146,345657,27243,6246
2022-02-08,3610,6,1710,1894,382756,347367,27249,8140
2022-02-09,4385,4,2305,2076,387141,349672,27253,10216
2022-02-10,4054,5,2462,1587,391195,352134,27258,11803
2022-02-11,4506,11,2869,1626,395701,355003,27269,13429
2022-02-12,5880,6,2966,2908,401581,357969,27275,16337
2022-02-13,5376,12,3287,2077,406957,361256,27287,18414
2022-02-14,3885,21,3023,841,410842,364279,27308,19255
2022-02-15,7530,15,3618,3897,418372,367897,27323,23152
2022-02-16,7918,22,5340,2556,426290,373237,27345,25708
2022-02-17,8977,24,5989,2964,435267,379226,27369,28672
2022-02-18,8036,36,5684,2316,443303,384910,27405,30988
2022-02-19,7944,29,5649,2266,451247,390559,27434,33254
2022-02-20,5765,22,5480,263,457012,396039,27456,33517
2022-02-21,3620,39,5193,-1612,460632,401232,27495,31905
2022-02-22,7566,43,5754,1769,468198,406986,27538,33674
2022-02-23,7480,48,5827,1605,475678,412813,27586,35279
2022-02-24,6638,50,6508,80,482316,419321,27636,35359
2022-02-25,5725,32,6206,-513,488041,425527,27668,34846
2022-02-26,5405,47,6235,-877,493446,431762,27715,33969
2022-02-27,3855,52,6238,-2435,497301,438000,27767,31534
2022-02-28,2227,54,4616,-2443,499528,442616,27821,29091
2022-03-01,2751,49,5552,-2850,502279,448168,27870,26241
2022-03-02,4888,57,5354,-523,507167,453522,27927,25718
2022-03-03,4114,44,5469,-1399,511281,458991,27971,24319
2022-03-04,2317,60,4570,-2313,513598,463561,28031,22006
2022-03-05,3618,58,4464,-904,517216,468025,28089,21102
2022-03-06,2303,42,3683,-1422,519519,471708,28131,19680
2022-03-07,1408,35,3639,-2266,520927,475347,28166,17414
2022-03-08,2762,58,3660,-956,523689,479007,28224,16458
2022-03-09,2142,37,3034,-929,525831,482041,28261,15529
2022-03-10,1417,41,2333,-957,527248,484374,28302,14572
2022-03-11,1394,41,2444,-1091,528642,486818,28343,13481
2022-03-12,1165,44,2295,-1174,529807,489113,28387,12307
2022-03-13,596,22,1899,-1325,530403,491012,28409,10982
2022-03-14,838,37,2329,-1528,531241,493341,28446,9454
2022-03-15,1140,39,1924,-823,532381,495265,28485,8631
2022-03-16,904,35,1752,-883,533285,497017,28520,7748
2022-03-17,725,33,1517,-825,534010,498534,28553,6923
2022-03-18,661,34,1399,-772,534671,499933,28587,6151
2022-03-19,469,24,1082,-637,535140,501015,28611,5514
2022-03-20,451,13,892,-454,535591,501907,28624,5060
2022-03-21,228,18,938,-728,535819,502845,28642,4332
2022-03-22,478,26,773,-321,536297,503618,28668,4011
2022-03-23,437,24,676,-263,536734,504294,28692,3748
2022-03-24,366,20,645,-299,537100,504939,28712,3449
2022-03-25,301,26,769,-494,537401,505708,28738,2955
2022-03-26,308,15,528,-235,537709,506236,28753,2720
2022-03-27,275,11,416,-152,537984,506652,28764,2568
2022-03-28,147,16,461,-330,538131,507113,28780,2238
2022-03-29,305,20,378,-93,538436,507491,28800,2145
2022-03-30,229,21,375,-167,538665,507866,28821,1978
2022-03-31,223,10,409,-196,538888,508275,28831,1782
2022-04-01,177,11,294,-128,539065,508569,28842,1654
2022-04-02,158,16,233,-91,539223,508802,28858,1563
2022-04-03,140,12,214,-86,539363,509016,28870,1477
2022-04-04,124,14,246,-136,539487,509262,28884,1341
