tanggal,KASUS,MENINGGAL,SEMBUH,DIRAWAT_OR_ISOLASI,AKUMULASI_KASUS,AKUMULASI_SEMBUH,AKUMULASI_MENINGGAL,AKUMULASI_DIRAWAT_OR_ISOLASI
2020-03-26,1,0,0,1,1,0,0,1
2020-03-27,0,0,0,0,1,0,0,1
2020-03-28,1,0,0,1,2,0,0,2
2020-03-29,0,0,0,0,2,0,0,2
2020-03-30,0,0,0,0,2,0,0,2
2020-03-31,3,0,2,1,5,2,0,3
2020-04-01,0,0,0,0,5,2,0,3
2020-04-02,0,0,0,0,5,2,0,3
2020-04-03,2,0,0,2,7,2,0,5
2020-04-04,1,0,1,0,8,3,0,5
2020-04-05,0,0,0,0,8,3,0,5
2020-04-06,8,0,0,8,16,3,0,13
2020-04-07,1,0,2,-1,17,5,0,12
2020-04-08,0,1,0,-1,17,5,1,11
2020-04-09,0,0,0,0,17,5,1,11
2020-04-10,4,0,0,4,21,5,1,15
2020-04-11,0,0,0,0,21,5,1,15
2020-04-12,0,0,0,0,21,5,1,15
2020-04-13,1,0,1,0,22,6,1,15
2020-04-14,0,1,0,-1,22,6,2,14
2020-04-15,7,0,0,7,29,6,2,21
2020-04-16,1,0,0,1,30,6,2,22
2020-04-17,1,0,0,1,31,6,2,23
2020-04-18,4,1,0,3,35,6,3,26
2020-04-19,3,0,0,3,38,6,3,29
2020-04-20,12,1,1,10,50,7,4,39
2020-04-21,5,0,0,5,55,7,4,44
2020-04-22,11,0,0,11,66,7,4,55
2020-04-23,0,0,0,0,66,7,4,55
2020-04-24,10,0,0,10,76,7,4,65
2020-04-25,5,0,0,5,81,7,4,70
2020-04-26,3,0,1,2,84,8,4,72
2020-04-27,6,0,0,6,90,8,4,78
2020-04-28,8,1,2,5,98,10,5,83
2020-04-29,5,0,0,5,103,10,5,88
2020-04-30,14,0,1,13,117,11,5,101
2020-05-01,7,1,2,4,124,13,6,105
2020-05-02,0,0,0,0,124,13,6,105
2020-05-03,0,0,0,0,124,13,6,105
2020-05-04,21,0,1,20,145,14,6,125
2020-05-05,1,2,0,-1,146,14,8,124
2020-05-06,4,0,12,-8,150,26,8,116
2020-05-07,2,1,0,1,152,26,9,117
2020-05-08,0,0,1,-1,152,27,9,116
2020-05-09,1,0,0,1,153,27,9,117
2020-05-10,4,0,0,4,157,27,9,121
2020-05-11,5,0,0,5,162,27,9,126
2020-05-12,3,0,1,2,165,28,9,128
2020-05-13,13,0,1,12,178,29,9,140
2020-05-14,2,0,9,-7,180,38,9,133
2020-05-15,3,0,3,0,183,41,9,133
2020-05-16,0,0,0,0,183,41,9,133
2020-05-17,0,0,0,0,183,41,9,133
2020-05-18,0,0,0,0,183,41,9,133
2020-05-19,4,0,0,4,187,41,9,137
2020-05-20,8,0,16,-8,195,57,9,129
2020-05-21,12,0,9,3,207,66,9,132
2020-05-22,29,4,10,15,236,76,13,147
2020-05-23,2,0,0,2,238,76,13,149
2020-05-24,13,0,0,13,251,76,13,162
2020-05-25,1,2,16,-17,252,92,15,145
2020-05-26,9,0,0,9,261,92,15,154
2020-05-27,7,0,0,7,268,92,15,161
2020-05-28,4,0,0,4,272,92,15,165
2020-05-29,22,0,6,16,294,98,15,181
2020-05-30,24,2,5,17,318,103,17,198
2020-05-31,11,0,0,11,329,103,17,209
2020-06-01,7,0,1,6,336,104,17,215
2020-06-02,8,1,13,-6,344,117,18,209
2020-06-03,25,3,7,15,369,124,21,224
2020-06-04,9,0,0,9,378,124,21,233
2020-06-05,14,2,0,12,392,124,23,245
2020-06-06,13,0,0,13,405,124,23,258
2020-06-07,1,0,8,-7,406,132,23,251
2020-06-08,7,2,2,3,413,134,25,254
2020-06-09,16,0,0,16,429,134,25,270
2020-06-10,12,0,7,5,441,141,25,275
2020-06-11,11,0,0,11,452,141,25,286
2020-06-12,10,0,3,7,462,144,25,293
2020-06-13,17,1,1,15,479,145,26,308
2020-06-14,0,2,12,-14,479,157,28,294
2020-06-15,36,4,2,30,515,159,32,324
2020-06-16,21,0,9,12,536,168,32,336
2020-06-17,41,1,1,39,577,169,33,375
2020-06-18,29,3,30,-4,606,199,36,371
2020-06-19,0,0,0,0,606,199,36,371
2020-06-20,20,2,6,12,626,205,38,383
2020-06-21,0,0,0,0,626,205,38,383
2020-06-22,17,1,6,10,643,211,39,393
2020-06-23,5,1,4,0,648,215,40,393
2020-06-24,3,0,0,3,651,215,40,396
2020-06-25,5,0,0,5,656,215,40,401
2020-06-26,6,2,21,-17,662,236,42,384
2020-06-27,4,0,0,4,666,236,42,388
2020-06-28,10,0,0,10,676,236,42,398
2020-06-29,34,0,44,-10,710,280,42,388
2020-06-30,10,2,1,7,720,281,44,395
2020-07-01,30,0,0,30,750,281,44,425
2020-07-02,14,0,0,14,764,281,44,439
2020-07-03,38,3,36,-1,802,317,47,438
2020-07-04,6,2,22,-18,808,339,49,420
2020-07-05,25,0,4,21,833,343,49,441
2020-07-06,7,0,1,6,840,344,49,447
2020-07-07,17,0,16,1,857,360,49,448
2020-07-08,13,0,5,8,870,365,49,456
2020-07-09,20,2,16,2,890,381,51,458
2020-07-10,29,0,0,29,919,381,51,487
2020-07-11,17,1,21,-5,936,402,52,482
2020-07-12,29,3,8,18,965,410,55,500
2020-07-13,23,0,3,20,988,413,55,520
2020-07-14,23,1,37,-15,1011,450,56,505
2020-07-15,0,0,18,-18,1011,468,56,487
2020-07-16,12,1,25,-14,1023,493,57,473
2020-07-17,42,2,25,15,1065,518,59,488
2020-07-18,0,1,6,-7,1065,524,60,481
2020-07-19,59,2,58,-1,1124,582,62,480
2020-07-20,0,0,0,0,1124,582,62,480
2020-07-21,14,0,27,-13,1138,609,62,467
2020-07-22,26,1,117,-92,1164,726,63,375
2020-07-23,22,0,19,3,1186,745,63,378
2020-07-24,34,0,24,10,1220,769,63,388
2020-07-25,57,5,54,-2,1277,823,68,386
2020-07-26,33,0,25,8,1310,848,68,394
2020-07-27,19,1,29,-11,1329,877,69,383
2020-07-28,20,0,17,3,1349,894,69,386
2020-07-29,0,0,1,-1,1349,895,69,385
2020-07-30,18,0,0,18,1367,895,69,403
2020-07-31,21,2,28,-9,1388,923,71,394
2020-08-01,25,0,14,11,1413,937,71,405
2020-08-02,13,0,11,2,1426,948,71,407
2020-08-03,11,0,25,-14,1437,973,71,393
2020-08-04,35,0,26,9,1472,999,71,402
2020-08-05,5,0,21,-16,1477,1020,71,386
2020-08-06,19,3,6,10,1496,1026,74,396
2020-08-07,29,1,21,7,1525,1047,75,403
2020-08-08,52,0,32,20,1577,1079,75,423
2020-08-09,25,0,30,-5,1602,1109,75,418
2020-08-10,34,0,26,8,1636,1135,75,426
2020-08-11,25,1,9,15,1661,1144,76,441
2020-08-12,5,0,23,-18,1666,1167,76,423
2020-08-13,28,2,58,-32,1694,1225,78,391
2020-08-14,15,1,19,-5,1709,1244,79,386
2020-08-15,31,0,23,8,1740,1267,79,394
2020-08-16,0,0,0,0,1740,1267,79,394
2020-08-17,21,0,19,2,1761,1286,79,396
2020-08-18,33,1,57,-25,1794,1343,80,371
2020-08-19,0,0,0,0,1794,1343,80,371
2020-08-20,25,0,8,17,1819,1351,80,388
2020-08-21,21,0,16,5,1840,1367,80,393
2020-08-22,24,1,20,3,1864,1387,81,396
2020-08-23,52,0,27,25,1916,1414,81,421
2020-08-24,14,0,6,8,1930,1420,81,429
2020-08-25,8,1,23,-16,1938,1443,82,413
2020-08-26,7,0,23,-16,1945,1466,82,397
2020-08-27,11,1,19,-9,1956,1485,83,388
2020-08-28,0,0,0,0,1956,1485,83,388
2020-08-29,15,1,34,-20,1971,1519,84,368
2020-08-30,19,1,26,-8,1990,1545,85,360
2020-08-31,33,0,15,18,2023,1560,85,378
2020-09-01,32,0,18,14,2055,1578,85,392
2020-09-02,0,0,0,0,2055,1578,85,392
2020-09-03,37,1,72,-36,2092,1650,86,356
2020-09-04,42,1,72,-31,2134,1722,87,325
2020-09-05,0,0,0,0,2134,1722,87,325
2020-09-06,44,1,0,43,2178,1722,88,368
2020-09-07,50,2,0,48,2228,1722,90,416
2020-09-08,0,0,0,0,2228,1722,90,416
2020-09-09,31,1,10,20,2259,1732,91,436
2020-09-10,30,1,25,4,2289,1757,92,440
2020-09-11,28,0,9,19,2317,1766,92,459
2020-09-12,39,0,8,31,2356,1774,92,490
2020-09-13,32,0,4,28,2388,1778,92,518
2020-09-14,0,0,0,0,2388,1778,92,518
2020-09-15,50,1,16,33,2438,1794,93,551
2020-09-16,50,1,93,-44,2488,1887,94,507
2020-09-17,0,0,0,0,2488,1887,94,507
2020-09-18,44,1,58,-15,2532,1945,95,492
2020-09-19,43,4,25,14,2575,1970,99,506
2020-09-20,36,1,11,24,2611,1981,100,530
2020-09-21,26,2,15,9,2637,1996,102,539
2020-09-22,0,0,0,0,2637,1996,102,539
2020-09-23,69,0,35,34,2706,2031,102,573
2020-09-24,34,0,15,19,2740,2046,102,592
2020-09-25,33,0,26,7,2773,2072,102,599
2020-09-26,0,0,0,0,2773,2072,102,599
2020-09-27,8,0,22,-14,2781,2094,102,585
2020-09-28,49,1,21,27,2830,2115,103,612
2020-09-29,68,0,1,67,2898,2116,103,679
2020-09-30,9,2,96,-89,2907,2212,105,590
2020-10-01,39,0,12,27,2946,2224,105,617
2020-10-02,22,0,25,-3,2968,2249,105,614
2020-10-03,34,0,61,-27,3002,2310,105,587
2020-10-04,15,1,27,-13,3017,2337,106,574
2020-10-05,20,0,27,-7,3037,2364,106,567
2020-10-06,12,2,36,-26,3049,2400,108,541
2020-10-07,26,1,30,-5,3075,2430,109,536
2020-10-08,11,1,40,-30,3086,2470,110,506
2020-10-09,21,0,7,14,3107,2477,110,520
2020-10-10,13,1,11,1,3120,2488,111,521
2020-10-11,25,0,22,3,3145,2510,111,524
2020-10-12,21,0,33,-12,3166,2543,111,512
2020-10-13,10,1,65,-56,3176,2608,112,456
2020-10-14,8,2,25,-19,3184,2633,114,437
2020-10-15,23,0,28,-5,3207,2661,114,432
2020-10-16,20,1,32,-13,3227,2693,115,419
2020-10-17,29,0,26,3,3256,2719,115,422
2020-10-18,0,0,0,0,3256,2719,115,422
2020-10-19,31,0,37,-6,3287,2756,115,416
2020-10-20,21,0,57,-36,3308,2813,115,380
2020-10-21,11,0,15,-4,3319,2828,115,376
2020-10-22,0,0,0,0,3319,2828,115,376
2020-10-23,42,2,40,0,3361,2868,117,376
2020-10-24,14,1,44,-31,3375,2912,118,345
2020-10-25,8,0,21,-13,3383,2933,118,332
2020-10-26,18,1,20,-3,3401,2953,119,329
2020-10-27,8,0,25,-17,3409,2978,119,312
2020-10-28,4,0,13,-9,3413,2991,119,303
2020-10-29,28,0,23,5,3441,3014,119,308
2020-10-30,9,0,26,-17,3450,3040,119,291
2020-10-31,4,0,20,-16,3454,3060,119,275
2020-11-01,0,0,0,0,3454,3060,119,275
2020-11-02,26,2,20,4,3480,3080,121,279
2020-11-03,14,1,16,-3,3494,3096,122,276
2020-11-04,14,1,11,2,3508,3107,123,278
2020-11-05,39,1,12,26,3547,3119,124,304
2020-11-06,40,3,23,14,3587,3142,127,318
2020-11-07,33,1,7,25,3620,3149,128,343
2020-11-08,45,0,5,40,3665,3154,128,383
2020-11-09,32,1,17,14,3697,3171,129,397
2020-11-10,15,2,18,-5,3712,3189,131,392
2020-11-11,34,0,7,27,3746,3196,131,419
2020-11-12,73,0,19,54,3819,3215,131,473
2020-11-13,72,2,35,35,3891,3250,133,508
2020-11-14,28,1,16,11,3919,3266,134,519
2020-11-15,41,0,12,29,3960,3278,134,548
2020-11-16,0,0,0,0,3960,3278,134,548
2020-11-17,51,1,47,3,4011,3325,135,551
2020-11-18,32,0,21,11,4043,3346,135,562
2020-11-19,16,4,21,-9,4059,3367,139,553
2020-11-20,46,1,15,30,4105,3382,140,583
2020-11-21,47,1,36,10,4152,3418,141,593
2020-11-22,104,3,26,75,4256,3444,144,668
2020-11-23,66,1,29,36,4322,3473,145,704
2020-11-24,44,0,24,20,4366,3497,145,724
2020-11-25,46,0,37,9,4412,3534,145,733
2020-11-26,34,1,37,-4,4446,3571,146,729
2020-11-27,68,4,46,18,4514,3617,150,747
2020-11-28,69,1,36,32,4583,3653,151,779
2020-11-29,127,1,38,88,4710,3691,152,867
2020-11-30,0,0,0,0,4710,3691,152,867
2020-12-01,143,0,0,143,4853,3691,152,1010
2020-12-02,66,0,0,66,4919,3691,152,1076
2020-12-03,125,0,0,125,5044,3691,152,1201
2020-12-04,0,0,0,0,5044,3691,152,1201
2020-12-05,209,0,75,134,5253,3766,152,1335
2020-12-06,0,0,0,0,5253,3766,152,1335
2020-12-07,171,0,0,171,5424,3766,152,1506
2020-12-08,153,0,0,153,5577,3766,152,1659
2020-12-09,181,0,78,103,5758,3844,152,1762
2020-12-10,152,0,0,152,5910,3844,152,1914
2020-12-11,172,0,0,172,6082,3844,152,2086
2020-12-12,106,0,0,106,6188,3844,152,2192
2020-12-13,125,2,0,123,6313,3844,154,2315
2020-12-14,56,0,0,56,6369,3844,154,2371
2020-12-15,81,0,0,81,6450,3844,154,2452
2020-12-16,0,0,0,0,6450,3844,154,2452
2020-12-17,73,0,75,-2,6523,3919,154,2450
2020-12-18,92,0,0,92,6615,3919,154,2542
2020-12-19,120,2,2,116,6735,3921,156,2658
2020-12-20,104,0,238,-134,6839,4159,156,2524
2020-12-21,247,0,0,247,7086,4159,156,2771
2020-12-22,110,0,84,26,7196,4243,156,2797
2020-12-23,87,0,0,87,7283,4243,156,2884
2020-12-24,73,0,0,73,7356,4243,156,2957
2020-12-25,70,0,0,70,7426,4243,156,3027
2020-12-26,62,0,0,62,7488,4243,156,3089
2020-12-27,64,0,314,-250,7552,4557,156,2839
2020-12-28,37,0,0,37,7589,4557,156,2876
2020-12-29,64,0,0,64,7653,4557,156,2940
2020-12-30,44,1,78,-35,7697,4635,157,2905
2020-12-31,55,0,488,-433,7752,5123,157,2472
2021-01-01,79,0,156,-77,7831,5279,157,2395
2021-01-02,51,0,85,-34,7882,5364,157,2361
2021-01-03,49,0,157,-108,7931,5521,157,2253
2021-01-04,20,0,174,-154,7951,5695,157,2099
2021-01-05,50,0,3,47,8001,5698,157,2146
2021-01-06,52,0,166,-114,8053,5864,157,2032
2021-01-07,64,0,245,-181,8117,6109,157,1851
2021-01-08,85,0,93,-8,8202,6202,157,1843
2021-01-09,46,0,83,-37,8248,6285,157,1806
2021-01-10,81,1,166,-86,8329,6451,158,1720
2021-01-11,49,1,89,-41,8378,6540,159,1679
2021-01-12,55,0,234,-179,8433,6774,159,1500
2021-01-13,61,0,82,-21,8494,6856,159,1479
2021-01-14,52,0,0,52,8546,6856,159,1531
2021-01-15,67,0,150,-83,8613,7006,159,1448
2021-01-16,77,0,150,-73,8690,7156,159,1375
2021-01-17,72,0,0,72,8762,7156,159,1447
2021-01-18,33,0,79,-46,8795,7235,159,1401
2021-01-19,52,0,162,-110,8847,7397,159,1291
2021-01-20,39,1,0,38,8886,7397,160,1329
2021-01-21,49,0,0,49,8935,7397,160,1378
2021-01-22,53,1,0,52,8988,7397,161,1430
2021-01-23,70,0,79,-9,9058,7476,161,1421
2021-01-24,103,1,46,56,9161,7522,162,1477
2021-01-25,40,2,66,-28,9201,7588,164,1449
2021-01-26,28,0,110,-82,9229,7698,164,1367
2021-01-27,51,1,87,-37,9280,7785,165,1330
2021-01-28,49,0,14,35,9329,7799,165,1365
2021-01-29,106,1,82,23,9435,7881,166,1388
2021-01-30,56,0,112,-56,9491,7993,166,1332
2021-01-31,50,0,81,-31,9541,8074,166,1301
2021-02-01,48,0,78,-30,9589,8152,166,1271
2021-02-02,85,0,83,2,9674,8235,166,1273
2021-02-03,13,75,3,-65,9687,8238,241,1208
2021-02-04,34,0,66,-32,9721,8304,241,1176
2021-02-05,66,0,86,-20,9787,8390,241,1156
2021-02-06,50,0,101,-51,9837,8491,241,1105
2021-02-07,52,0,14,38,9889,8505,241,1143
2021-02-08,35,1,93,-59,9924,8598,242,1084
2021-02-09,26,1,86,-61,9950,8684,243,1023
2021-02-10,23,0,81,-58,9973,8765,243,965
2021-02-11,24,1,54,-31,9997,8819,244,934
2021-02-12,60,1,57,2,10057,8876,245,936
2021-02-13,77,0,82,-5,10134,8958,245,931
2021-02-14,30,0,78,-48,10164,9036,245,883
2021-02-15,31,0,0,31,10195,9036,245,914
2021-02-16,44,0,74,-30,10239,9110,245,884
2021-02-17,28,0,45,-17,10267,9155,245,867
2021-02-18,67,1,49,17,10334,9204,246,884
2021-02-19,79,2,69,8,10413,9273,248,892
2021-02-20,81,1,40,40,10494,9313,249,932
2021-02-21,127,2,25,100,10621,9338,251,1032
2021-02-22,47,1,140,-94,10668,9478,252,938
2021-02-23,64,0,92,-28,10732,9570,252,910
2021-02-24,49,4,58,-13,10781,9628,256,897
2021-02-25,45,1,51,-7,10826,9679,257,890
2021-02-26,95,0,10,85,10921,9689,257,975
2021-02-27,80,1,29,50,11001,9718,258,1025
2021-02-28,61,0,49,12,11062,9767,258,1037
2021-03-01,62,2,13,47,11124,9780,260,1084
2021-03-02,67,0,42,25,11191,9822,260,1109
2021-03-03,74,2,29,43,11265,9851,262,1152
2021-03-04,59,0,33,26,11324,9884,262,1178
2021-03-05,118,3,34,81,11442,9918,265,1259
2021-03-06,100,2,68,30,11542,9986,267,1289
2021-03-07,96,0,19,77,11638,10005,267,1366
2021-03-08,52,4,17,31,11690,10022,271,1397
2021-03-09,110,1,69,40,11800,10091,272,1437
2021-03-10,75,3,5,67,11875,10096,275,1504
2021-03-11,35,6,111,-82,11910,10207,281,1422
2021-03-12,46,2,149,-105,11956,10356,283,1317
2021-03-13,76,2,12,62,12032,10368,285,1379
2021-03-14,103,3,0,100,12135,10368,288,1479
2021-03-15,104,2,54,48,12239,10422,290,1527
2021-03-16,61,1,22,38,12300,10444,291,1565
2021-03-17,120,0,52,68,12420,10496,291,1633
2021-03-18,60,3,97,-40,12480,10593,294,1593
2021-03-19,94,1,53,40,12574,10646,295,1633
2021-03-20,70,0,32,38,12644,10678,295,1671
2021-03-21,150,0,8,142,12794,10686,295,1813
2021-03-22,69,5,82,-18,12863,10768,300,1795
2021-03-23,129,0,24,105,12992,10792,300,1900
2021-03-24,122,0,57,65,13114,10849,300,1965
2021-03-25,87,0,17,70,13201,10866,300,2035
2021-03-26,81,0,76,5,13282,10942,300,2040
2021-03-27,153,0,44,109,13435,10986,300,2149
2021-03-28,93,0,32,61,13528,11018,300,2210
2021-03-29,61,0,34,27,13589,11052,300,2237
2021-03-30,62,3,121,-62,13651,11173,303,2175
2021-03-31,139,0,55,84,13790,11228,303,2259
2021-04-01,51,1,51,-1,13841,11279,304,2258
2021-04-02,83,0,55,28,13924,11334,304,2286
2021-04-03,73,3,24,46,13997,11358,307,2332
2021-04-04,82,2,37,43,14079,11395,309,2375
2021-04-05,86,2,116,-32,14165,11511,311,2343
2021-04-06,60,0,107,-47,14225,11618,311,2296
2021-04-07,60,1,133,-74,14285,11751,312,2222
2021-04-08,52,0,5,47,14337,11756,312,2269
2021-04-09,92,1,26,65,14429,11782,313,2334
2021-04-10,101,3,94,4,14530,11876,316,2338
2021-04-11,123,0,267,-144,14653,12143,316,2194
2021-04-12,66,1,112,-47,14719,12255,317,2147
2021-04-13,89,0,63,26,14808,12318,317,2173
2021-04-14,70,12,416,-358,14878,12734,329,1815
2021-04-15,63,1,26,36,14941,12760,330,1851
2021-04-16,99,1,43,55,15040,12803,331,1906
2021-04-17,90,4,18,68,15130,12821,335,1974
2021-04-18,72,2,8,62,15202,12829,337,2036
2021-04-19,59,1,145,-87,15261,12974,338,1949
2021-04-20,116,1,21,94,15377,12995,339,2043
2021-04-21,70,2,53,15,15447,13048,341,2058
2021-04-22,50,0,3,47,15497,13051,341,2105
2021-04-23,68,0,47,21,15565,13098,341,2126
2021-04-24,94,3,47,44,15659,13145,344,2170
2021-04-25,64,0,8,56,15723,13153,344,2226
2021-04-26,74,1,31,42,15797,13184,345,2268
2021-04-27,47,1,17,29,15844,13201,346,2297
2021-04-28,99,2,66,31,15943,13267,348,2328
2021-04-29,47,2,292,-247,15990,13559,350,2081
2021-04-30,91,2,19,70,16081,13578,352,2151
2021-05-01,92,1,12,79,16173,13590,353,2230
2021-05-02,40,3,11,26,16213,13601,356,2256
2021-05-03,53,0,134,-81,16266,13735,356,2175
2021-05-04,84,0,203,-119,16350,13938,356,2056
2021-05-05,70,0,277,-207,16420,14215,356,1849
2021-05-06,60,0,31,29,16480,14246,356,1878
2021-05-07,70,0,102,-32,16550,14348,356,1846
2021-05-08,106,1,42,63,16656,14390,357,1909
2021-05-09,71,0,16,55,16727,14406,357,1964
2021-05-10,47,2,116,-71,16774,14522,359,1893
2021-05-11,52,8,45,-1,16826,14567,367,1892
2021-05-12,59,1,39,19,16885,14606,368,1911
2021-05-13,52,0,2,50,16937,14608,368,1961
2021-05-14,44,0,3,41,16981,14611,368,2002
2021-05-15,20,7,89,-76,17001,14700,375,1926
2021-05-16,39,1,34,4,17040,14734,376,1930
2021-05-17,41,4,129,-92,17081,14863,380,1838
2021-05-18,68,2,40,26,17149,14903,382,1864
2021-05-19,65,0,9,56,17214,14912,382,1920
2021-05-20,68,0,70,-2,17282,14982,382,1918
2021-05-21,70,4,55,11,17352,15037,386,1929
2021-05-22,74,0,7,67,17426,15044,386,1996
2021-05-23,74,0,2,72,17500,15046,386,2068
2021-05-24,53,1,60,-8,17553,15106,387,2060
2021-05-25,56,2,63,-9,17609,15169,389,2051
2021-05-26,72,0,64,8,17681,15233,389,2059
2021-05-27,48,2,24,22,17729,15257,391,2081
2021-05-28,60,1,10,49,17789,15267,392,2130
2021-05-29,124,2,7,115,17913,15274,394,2245
2021-05-30,88,1,20,67,18001,15294,395,2312
2021-05-31,55,1,92,-38,18056,15386,396,2274
2021-06-01,52,0,6,46,18108,15392,396,2320
2021-06-02,56,1,134,-79,18164,15526,397,2241
2021-06-03,100,7,52,41,18264,15578,404,2282
2021-06-04,100,1,27,72,18364,15605,405,2354
2021-06-05,77,1,8,68,18441,15613,406,2422
2021-06-06,41,2,13,26,18482,15626,408,2448
2021-06-07,65,0,12,53,18547,15638,408,2501
2021-06-08,105,0,51,54,18652,15689,408,2555
2021-06-09,56,2,89,-35,18708,15778,410,2520
2021-06-10,89,0,45,44,18797,15823,410,2564
2021-06-11,52,1,18,33,18849,15841,411,2597
2021-06-12,100,1,20,79,18949,15861,412,2676
2021-06-13,81,0,0,81,19030,15861,412,2757
2021-06-14,37,1,132,-96,19067,15993,413,2661
2021-06-15,75,0,44,31,19142,16037,413,2692
2021-06-16,72,1,12,59,19214,16049,414,2751
2021-06-17,56,0,7,49,19270,16056,414,2800
2021-06-18,95,0,68,27,19365,16124,414,2827
2021-06-19,68,1,20,47,19433,16144,415,2874
2021-06-20,61,2,11,48,19494,16155,417,2922
2021-06-21,57,0,76,-19,19551,16231,417,2903
2021-06-22,108,1,13,94,19659,16244,418,2997
2021-06-23,72,0,6,66,19731,16250,418,3063
2021-06-24,133,0,5,128,19864,16255,418,3191
2021-06-25,94,8,33,53,19958,16288,426,3244
2021-06-26,134,0,12,122,20092,16300,426,3366
2021-06-27,134,1,19,114,20226,16319,427,3480
2021-06-28,92,1,67,24,20318,16386,428,3504
2021-06-29,123,0,8,115,20441,16394,428,3619
2021-06-30,152,1,13,138,20593,16407,429,3757
2021-07-01,206,1,49,156,20799,16456,430,3913
2021-07-02,169,0,28,141,20968,16484,430,4054
2021-07-03,211,2,43,166,21179,16527,432,4220
2021-07-04,209,0,78,131,21388,16605,432,4351
2021-07-05,109,1,36,72,21497,16641,433,4423
2021-07-06,154,1,12,141,21651,16653,434,4564
2021-07-07,228,1,31,196,21879,16684,435,4760
2021-07-08,207,3,19,185,22086,16703,438,4945
2021-07-09,183,0,119,64,22269,16822,438,5009
2021-07-10,185,3,62,120,22454,16884,441,5129
2021-07-11,206,3,37,166,22660,16921,444,5295
2021-07-12,230,1,72,157,22890,16993,445,5452
2021-07-13,193,6,81,106,23083,17074,451,5558
2021-07-14,219,1,185,33,23302,17259,452,5591
2021-07-15,208,0,11,197,23510,17270,452,5788
2021-07-16,208,1,60,147,23718,17330,453,5935
2021-07-17,298,1,4,293,24016,17334,454,6228
2021-07-18,253,8,121,124,24269,17455,462,6352
2021-07-19,97,6,104,-13,24366,17559,468,6339
2021-07-20,259,1,367,-109,24625,17926,469,6230
2021-07-21,190,8,182,0,24815,18108,477,6230
2021-07-22,277,7,285,-15,25092,18393,484,6215
2021-07-23,278,10,412,-144,25370,18805,494,6071
2021-07-24,325,20,360,-55,25695,19165,514,6016
2021-07-25,355,2,227,126,26050,19392,516,6142
2021-07-26,324,2,496,-174,26374,19888,518,5968
2021-07-27,208,11,270,-73,26582,20158,529,5895
2021-07-28,323,34,357,-68,26905,20515,563,5827
2021-07-29,308,36,333,-61,27213,20848,599,5766
2021-07-30,202,77,361,-236,27415,21209,676,5530
2021-07-31,368,35,1772,-1439,27783,22981,711,4091
2021-08-01,250,7,201,42,28033,23182,718,4133
2021-08-02,217,3,245,-31,28250,23427,721,4102
2021-08-03,243,17,246,-20,28493,23673,738,4082
2021-08-04,203,9,298,-104,28696,23971,747,3978
2021-08-05,286,5,136,145,28982,24107,752,4123
2021-08-06,222,3,119,100,29204,24226,755,4223
2021-08-07,273,7,145,121,29477,24371,762,4344
2021-08-08,243,51,360,-168,29720,24731,813,4176
2021-08-09,273,14,377,-118,29993,25108,827,4058
2021-08-10,280,56,560,-336,30273,25668,883,3722
2021-08-11,254,12,179,63,30527,25847,895,3785
2021-08-12,256,12,223,21,30783,26070,907,3806
2021-08-13,373,16,187,170,31156,26257,923,3976
2021-08-14,323,9,214,100,31479,26471,932,4076
2021-08-15,374,12,294,68,31853,26765,944,4144
2021-08-16,384,8,263,113,32237,27028,952,4257
2021-08-17,283,7,244,32,32520,27272,959,4289
2021-08-18,185,7,131,47,32705,27403,966,4336
2021-08-19,251,4,159,88,32956,27562,970,4424
2021-08-20,191,4,218,-31,33147,27780,974,4393
2021-08-21,149,4,281,-136,33296,28061,978,4257
2021-08-22,224,5,194,25,33520,28255,983,4282
2021-08-23,148,10,417,-279,33668,28672,993,4003
2021-08-24,184,6,150,28,33852,28822,999,4031
2021-08-25,151,2,268,-119,34003,29090,1001,3912
2021-08-26,133,5,312,-184,34136,29402,1006,3728
2021-08-27,146,7,164,-25,34282,29566,1013,3703
2021-08-28,105,10,307,-212,34387,29873,1023,3491
2021-08-29,133,3,200,-70,34520,30073,1026,3421
2021-08-30,72,3,116,-47,34592,30189,1029,3374
2021-08-31,121,3,161,-43,34713,30350,1032,3331
2021-09-01,94,2,103,-11,34807,30453,1034,3320
2021-09-02,86,11,137,-62,34893,30590,1045,3258
2021-09-03,73,1,79,-7,34966,30669,1046,3251
2021-09-04,70,1,171,-102,35036,30840,1047,3149
2021-09-05,75,2,91,-18,35111,30931,1049,3131
2021-09-06,49,4,144,-99,35160,31075,1053,3032
2021-09-07,86,5,171,-90,35246,31246,1058,2942
2021-09-08,40,1,101,-62,35286,31347,1059,2880
2021-09-09,94,3,262,-171,35380,31609,1062,2709
2021-09-10,58,0,97,-39,35438,31706,1062,2670
2021-09-11,57,1,92,-36,35495,31798,1063,2634
2021-09-12,32,2,82,-52,35527,31880,1065,2582
2021-09-13,32,1,110,-79,35559,31990,1066,2503
2021-09-14,64,3,96,-35,35623,32086,1069,2468
2021-09-15,45,3,50,-8,35668,32136,1072,2460
2021-09-16,29,1,112,-84,35697,32248,1073,2376
2021-09-17,49,5,588,-544,35746,32836,1078,1832
2021-09-18,34,7,168,-141,35780,33004,1085,1691
2021-09-19,34,2,154,-122,35814,33158,1087,1569
2021-09-20,31,2,191,-162,35845,33349,1089,1407
2021-09-21,29,1,76,-48,35874,33425,1090,1359
2021-09-22,45,0,72,-27,35919,33497,1090,1332
2021-09-23,32,0,52,-20,35951,33549,1090,1312
2021-09-24,36,4,53,-21,35987,33602,1094,1291
2021-09-25,30,4,37,-11,36017,33639,1098,1280
2021-09-26,25,1,48,-24,36042,33687,1099,1256
2021-09-27,32,1,48,-17,36074,33735,1100,1239
2021-09-28,20,2,40,-22,36094,33775,1102,1217
2021-09-29,29,1,38,-10,36123,33813,1103,1207
2021-09-30,31,0,39,-8,36154,33852,1103,1199
2021-10-01,13,2,37,-26,36167,33889,1105,1173
2021-10-02,18,2,35,-19,36185,33924,1107,1154
2021-10-03,17,1,20,-4,36202,33944,1108,1150
2021-10-04,14,0,32,-18,36216,33976,1108,1132
2021-10-05,11,4,67,-60,36227,34043,1112,1072
2021-10-06,16,0,38,-22,36243,34081,1112,1050
2021-10-07,13,3,36,-26,36256,34117,1115,1024
2021-10-08,11,1,38,-28,36267,34155,1116,996
2021-10-09,9,1,22,-14,36276,34177,1117,982
2021-10-10,13,0,175,-162,36289,34352,1117,820
2021-10-11,6,0,363,-357,36295,34715,1117,463
2021-10-12,10,1,64,-55,36305,34779,1118,408
2021-10-13,5,1,110,-106,36310,34889,1119,302
2021-10-14,3,0,82,-79,36313,34971,1119,223
2021-10-15,8,3,69,-64,36321,35040,1122,159
2021-10-16,10,1,19,-10,36331,35059,1123,149
2021-10-17,26,0,22,4,36357,35081,1123,153
2021-10-18,12,0,20,-8,36369,35101,1123,145
2021-10-19,12,0,14,-2,36381,35115,1123,143
2021-10-20,13,1,14,-2,36394,35129,1124,141
2021-10-21,13,0,15,-2,36407,35144,1124,139
2021-10-22,6,0,5,1,36413,35149,1124,140
2021-10-23,12,1,4,7,36425,35153,1125,147
2021-10-24,9,1,8,0,36434,35161,1126,147
2021-10-25,2,0,15,-13,36436,35176,1126,134
2021-10-26,3,0,19,-16,36439,35195,1126,118
2021-10-27,2,2,10,-10,36441,35205,1128,108
2021-10-28,6,0,9,-3,36447,35214,1128,105
2021-10-29,4,0,9,-5,36451,35223,1128,100
2021-10-30,5,0,12,-7,36456,35235,1128,93
2021-10-31,2,1,4,-3,36458,35239,1129,90
2021-11-01,3,0,11,-8,36461,35250,1129,82
2021-11-02,3,0,7,-4,36464,35257,1129,78
2021-11-03,3,2,2,-1,36467,35259,1131,77
2021-11-04,3,0,3,0,36470,35262,1131,77
2021-11-05,1,0,0,1,36471,35262,1131,78
2021-11-06,1,0,4,-3,36472,35266,1131,75
2021-11-07,3,0,7,-4,36475,35273,1131,71
2021-11-08,0,0,5,-5,36475,35278,1131,66
2021-11-09,1,0,3,-2,36476,35281,1131,64
2021-11-10,2,0,1,1,36478,35282,1131,65
2021-11-11,1,0,3,-2,36479,35285,1131,63
2021-11-12,5,0,4,1,36484,35289,1131,64
2021-11-13,2,0,1,1,36486,35290,1131,65
2021-11-14,3,0,1,2,36489,35291,1131,67
2021-11-15,4,0,5,-1,36493,35296,1131,66
2021-11-16,5,0,5,0,36498,35301,1131,66
2021-11-17,1,0,1,0,36499,35302,1131,66
2021-11-18,3,0,1,2,36502,35303,1131,68
2021-11-19,2,0,1,1,36504,35304,1131,69
2021-11-20,3,0,2,1,36507,35306,1131,70
2021-11-21,1,1,3,-3,36508,35309,1132,67
2021-11-22,1,0,1,0,36509,35310,1132,67
2021-11-23,4,0,1,3,36513,35311,1132,70
2021-11-24,2,0,4,-2,36515,35315,1132,68
2021-11-25,4,1,1,2,36519,35316,1133,70
2021-11-26,0,0,2,-2,36519,35318,1133,68
2021-11-27,0,0,0,0,36519,35318,1133,68
2021-11-28,2,0,1,1,36521,35319,1133,69
2021-11-29,1,0,0,1,36522,35319,1133,70
2021-11-30,1,0,3,-2,36523,35322,1133,68
2021-12-01,1,0,1,0,36524,35323,1133,68
2021-12-02,4,0,3,1,36528,35326,1133,69
2021-12-03,0,0,2,-2,36528,35328,1133,67
2021-12-04,2,0,2,0,36530,35330,1133,67
2021-12-05,1,0,0,1,36531,35330,1133,68
2021-12-06,4,0,2,2,36535,35332,1133,70
2021-12-07,1,0,4,-3,36536,35336,1133,67
2021-12-08,0,0,1,-1,36536,35337,1133,66
2021-12-09,1,0,1,0,36537,35338,1133,66
2021-12-10,4,0,3,1,36541,35341,1133,67
2021-12-11,1,0,0,1,36542,35341,1133,68
2021-12-12,0,0,1,-1,36542,35342,1133,67
2021-12-13,1,0,0,1,36543,35342,1133,68
2021-12-14,2,1,0,1,36545,35342,1134,69
2021-12-15,1,1,4,-4,36546,35346,1135,65
2021-12-16,0,0,1,-1,36546,35347,1135,64
2021-12-17,1,0,0,1,36547,35347,1135,65
2021-12-18,1,0,15,-14,36548,35362,1135,51
2021-12-19,0,0,0,0,36548,35362,1135,51
2021-12-20,0,0,0,0,36548,35362,1135,51
2021-12-21,1,0,2,-1,36549,35364,1135,50
2021-12-22,1,0,0,1,36550,35364,1135,51
2021-12-23,0,0,2,-2,36550,35366,1135,49
2021-12-24,0,0,0,0,36550,35366,1135,49
2021-12-25,0,0,0,0,36550,35366,1135,49
2021-12-26,0,0,0,0,36550,35366,1135,49
2021-12-27,2,0,1,1,36552,35367,1135,50
2021-12-28,3,0,0,3,36555,35367,1135,53
2021-12-29,0,0,0,0,36555,35367,1135,53
2021-12-30,1,0,1,0,36556,35368,1135,53
2021-12-31,1,0,2,-1,36557,35370,1135,52
2022-01-01,1,0,0,1,36558,35370,1135,53
2022-01-02,0,0,1,-1,36558,35371,1135,52
2022-01-03,0,0,1,-1,36558,35372,1135,51
2022-01-04,4,0,1,3,36562,35373,1135,54
2022-01-05,3,0,3,0,36565,35376,1135,54
2022-01-06,1,0,1,0,36566,35377,1135,54
2022-01-07,1,1,1,-1,36567,35378,1136,53
2022-01-08,0,0,1,-1,36567,35379,1136,52
2022-01-09,2,0,0,2,36569,35379,1136,54
2022-01-10,1,1,1,-1,36570,35380,1137,53
2022-01-11,0,0,1,-1,36570,35381,1137,52
2022-01-12,0,0,1,-1,36570,35382,1137,51
2022-01-13,0,0,0,0,36570,35382,1137,51
2022-01-14,2,0,3,-1,36572,35385,1137,50
2022-01-15,1,0,1,0,36573,35386,1137,50
2022-01-16,0,0,1,-1,36573,35387,1137,49
2022-01-17,1,0,1,0,36574,35388,1137,49
2022-01-18,0,0,3,-3,36574,35391,1137,46
2022-01-19,0,0,0,0,36574,35391,1137,46
2022-01-20,0,0,0,0,36574,35391,1137,46
2022-01-21,4,0,0,4,36578,35391,1137,50
2022-01-22,1,0,0,1,36579,35391,1137,51
2022-01-23,3,1,1,1,36582,35392,1138,52
2022-01-24,1,0,2,-1,36583,35394,1138,51
2022-01-25,1,0,0,1,36584,35394,1138,52
2022-01-26,3,0,3,0,36587,35397,1138,52
2022-01-27,2,0,0,2,36589,35397,1138,54
2022-01-28,4,0,2,2,36593,35399,1138,56
2022-01-29,6,0,0,6,36599,35399,1138,62
2022-01-30,10,0,0,10,36609,35399,1138,72
2022-01-31,5,0,4,1,36614,35403,1138,73
2022-02-01,21,0,1,20,36635,35404,1138,93
2022-02-02,11,0,0,11,36646,35404,1138,104
2022-02-03,19,0,1,18,36665,35405,1138,122
2022-02-04,22,0,4,18,36687,35409,1138,140
2022-02-05,34,0,0,34,36721,35409,1138,174
2022-02-06,45,1,4,40,36766,35413,1139,214
2022-02-07,32,0,8,24,36798,35421,1139,238
2022-02-08,80,1,3,76,36878,35424,1140,314
2022-02-09,95,0,11,84,36973,35435,1140,398
2022-02-10,124,1,4,119,37097,35439,1141,517
2022-02-11,134,0,3,131,37231,35442,1141,648
2022-02-12,187,0,17,170,37418,35459,1141,818
2022-02-13,212,0,14,198,37630,35473,1141,1016
2022-02-14,122,0,46,76,37752,35519,1141,1092
2022-02-15,252,0,45,207,38004,35564,1141,1299
2022-02-16,294,0,58,236,38298,35622,1141,1535
2022-02-17,365,0,84,281,38663,35706,1141,1816
2022-02-18,274,2,55,217,38937,35761,1143,2033
2022-02-19,452,0,96,356,39389,35857,1143,2389
2022-02-20,379,0,76,303,39768,35933,1143,2692
2022-02-21,164,0,125,39,39932,36058,1143,2731
2022-02-22,354,2,159,193,40286,36217,1145,2924
2022-02-23,346,0,144,202,40632,36361,1145,3126
2022-02-24,292,0,186,106,40924,36547,1145,3232
2022-02-25,310,4,208,98,41234,36755,1149,3330
2022-02-26,252,0,199,53,41486,36954,1149,3383
2022-02-27,255,4,256,-5,41741,37210,1153,3378
2022-02-28,127,1,205,-79,41868,37415,1154,3299
2022-03-01,136,2,221,-87,42004,37636,1156,3212
2022-03-02,261,2,221,38,42265,37857,1158,3250
2022-03-03,182,0,172,10,42447,38029,1158,3260
2022-03-04,144,2,157,-15,42591,38186,1160,3245
2022-03-05,202,1,221,-20,42793,38407,1161,3225
2022-03-06,112,2,177,-67,42905,38584,1163,3158
2022-03-07,115,0,328,-213,43020,38912,1163,2945
2022-03-08,120,2,335,-217,43140,39247,1165,2728
2022-03-09,150,1,265,-116,43290,39512,1166,2612
2022-03-10,117,0,242,-125,43407,39754,1166,2487
2022-03-11,63,2,332,-271,43470,40086,1168,2216
2022-03-12,74,6,175,-107,43544,40261,1174,2109
2022-03-13,72,1,160,-89,43616,40421,1175,2020
2022-03-14,51,0,265,-214,43667,40686,1175,1806
2022-03-15,76,0,144,-68,43743,40830,1175,1738
2022-03-16,93,4,313,-224,43836,41143,1179,1514
2022-03-17,55,1,171,-117,43891,41314,1180,1397
2022-03-18,67,4,159,-96,43958,41473,1184,1301
2022-03-19,46,1,118,-73,44004,41591,1185,1228
2022-03-20,27,0,117,-90,44031,41708,1185,1138
2022-03-21,19,2,125,-108,44050,41833,1187,1030
2022-03-22,48,2,116,-70,44098,41949,1189,960
2022-03-23,73,1,81,-9,44171,42030,1190,951
2022-03-24,63,1,144,-82,44234,42174,1191,869
2022-03-25,44,1,94,-51,44278,42268,1192,818
2022-03-26,32,2,63,-33,44310,42331,1194,785
2022-03-27,33,1,90,-58,44343,42421,1195,727
2022-03-28,31,0,98,-67,44374,42519,1195,660
2022-03-29,29,1,87,-59,44403,42606,1196,601
2022-03-30,34,1,74,-41,44437,42680,1197,560
2022-03-31,35,0,83,-48,44472,42763,1197,512
2022-04-01,32,1,98,-67,44504,42861,1198,445
2022-04-02,28,1,67,-40,44532,42928,1199,405
2022-04-03,10,0,57,-47,44542,42985,1199,358
2022-04-04,23,0,54,-31,44565,43039,1199,327
2022-04-05,24,2,93,-71,44589,43132,1201,256
2022-04-06,29,0,43,-14,44618,43175,1201,242
2022-04-07,24,0,43,-19,44642,43218,1201,223
2022-04-08,32,0,39,-7,44674,43257,1201,216
2022-04-09,27,0,27,0,44701,43284,1201,216
2022-04-10,8,1,17,-10,44709,43301,1202,206
2022-04-11,15,1,21,-7,44724,43322,1203,199
2022-04-12,16,3,20,-7,44740,43342,1206,192
2022-04-13,7,0,23,-16,44747,43365,1206,176
2022-04-14,6,2,20,-16,44753,43385,1208,160
2022-04-15,8,0,16,-8,44761,43401,1208,152
2022-04-16,9,1,15,-7,44770,43416,1209,145
2022-04-17,1,0,7,-6,44771,43423,1209,139
2022-04-18,6,0,13,-7,44777,43436,1209,132
2022-04-19,4,0,22,-18,44781,43458,1209,114
2022-04-20,5,0,9,-4,44786,43467,1209,110
2022-04-21,6,0,14,-8,44792,43481,1209,102
2022-04-22,5,0,8,-3,44797,43489,1209,99
2022-04-23,5,0,5,0,44802,43494,1209,99
2022-04-24,4,0,20,-16,44806,43514,1209,83
2022-04-25,2,0,7,-5,44808,43521,1209,78
2022-04-26,6,3,1,2,44814,43522,1212,80
2022-04-27,3,0,1,2,44817,43523,1212,82
2022-04-28,3,0,6,-3,44820,43529,1212,79
2022-04-29,2,2,8,-8,44822,43537,1214,71
2022-04-30,4,0,7,-3,44826,43544,1214,68
2022-05-01,2,0,2,0,44828,43546,1214,68
2022-05-02,3,0,0,3,44831,43546,1214,71
2022-05-03,0,0,11,-11,44831,43557,1214,60
2022-05-04,2,1,1,0,44833,43558,1215,60
2022-05-05,3,0,2,1,44836,43560,1215,61
2022-05-06,3,0,3,0,44839,43563,1215,61
2022-05-07,6,0,3,3,44845,43566,1215,64
2022-05-08,1,0,0,1,44846,43566,1215,65
2022-05-09,4,0,10,-6,44850,43576,1215,59
2022-05-10,1,2,6,-7,44851,43582,1217,52
2022-05-11,5,2,2,1,44856,43584,1219,53
2022-05-12,1,0,1,0,44857,43585,1219,53
2022-05-13,8,0,0,8,44865,43585,1219,61
2022-05-14,2,0,2,0,44867,43587,1219,61
2022-05-15,3,0,6,-3,44870,43593,1219,58
2022-05-16,1,0,1,0,44871,43594,1219,58
2022-05-17,2,1,7,-6,44873,43601,1220,52
2022-05-18,2,0,4,-2,44875,43605,1220,50
2022-05-19,1,0,3,-2,44876,43608,1220,48
2022-05-20,4,0,3,1,44880,43611,1220,49
2022-05-21,1,0,5,-4,44881,43616,1220,45
2022-05-22,0,0,0,0,44881,43616,1220,45
2022-05-23,0,0,6,-6,44881,43622,1220,39
2022-05-24,0,1,2,-3,44881,43624,1221,36
2022-05-25,2,0,1,1,44883,43625,1221,37
2022-05-26,0,0,1,-1,44883,43626,1221,36
2022-05-27,2,0,0,2,44885,43626,1221,38
2022-05-28,3,0,0,3,44888,43626,1221,41
2022-05-29,1,0,0,1,44889,43626,1221,42
2022-05-30,2,0,6,-4,44891,43632,1221,38
2022-05-31,0,0,1,-1,44891,43633,1221,37
2022-06-01,2,0,0,2,44893,43633,1221,39
2022-06-02,0,0,0,0,44893,43633,1221,39
2022-06-03,2,0,2,0,44895,43635,1221,39
2022-06-04,2,0,2,0,44897,43637,1221,39
2022-06-05,1,0,0,1,44898,43637,1221,40
2022-06-06,1,0,1,0,44899,43638,1221,40
2022-06-07,0,0,2,-2,44899,43640,1221,38
2022-06-08,3,0,0,3,44902,43640,1221,41
2022-06-09,3,0,1,2,44905,43641,1221,43
2022-06-10,3,0,1,2,44908,43642,1221,45
2022-06-11,1,0,0,1,44909,43642,1221,46
2022-06-12,3,0,0,3,44912,43642,1221,49
2022-06-13,0,0,2,-2,44912,43644,1221,47
2022-06-14,0,0,3,-3,44912,43647,1221,44
2022-06-15,0,0,0,0,44912,43647,1221,44
2022-06-16,2,0,2,0,44914,43649,1221,44
2022-06-17,3,0,0,3,44917,43649,1221,47
2022-06-18,0,1,0,-1,44917,43649,1222,46
2022-06-19,0,0,0,0,44917,43649,1222,46
2022-06-20,0,0,2,-2,44917,43651,1222,44
2022-06-21,2,0,2,0,44919,43653,1222,44
2022-06-22,2,0,0,2,44921,43653,1222,46
2022-06-23,7,0,7,0,44928,43660,1222,46
2022-06-24,1,0,0,1,44929,43660,1222,47
2022-06-25,2,0,0,2,44931,43660,1222,49
2022-06-26,1,0,0,1,44932,43660,1222,50
2022-06-27,1,0,1,0,44933,43661,1222,50
2022-06-28,3,0,6,-3,44936,43667,1222,47
2022-06-29,2,0,0,2,44938,43667,1222,49
2022-06-30,0,0,2,-2,44938,43669,1222,47
2022-07-01,7,0,2,5,44945,43671,1222,52
2022-07-02,4,0,0,4,44949,43671,1222,56
2022-07-03,2,0,1,1,44951,43672,1222,57
2022-07-04,3,0,9,-6,44954,43681,1222,51
2022-07-05,8,0,1,7,44962,43682,1222,58
2022-07-06,9,0,0,9,44971,43682,1222,67
2022-07-07,7,0,3,4,44978,43685,1222,71
2022-07-08,4,0,0,4,44982,43685,1222,75
2022-07-09,3,0,4,-1,44985,43689,1222,74
2022-07-10,6,0,1,5,44991,43690,1222,79
2022-07-11,1,0,4,-3,44992,43694,1222,76
2022-07-12,6,0,8,-2,44998,43702,1222,74
2022-07-13,9,0,0,9,45007,43702,1222,83
2022-07-14,9,0,9,0,45016,43711,1222,83
2022-07-15,5,0,6,-1,45021,43717,1222,82
2022-07-16,19,0,0,19,45040,43717,1222,101
2022-07-17,9,0,1,8,45049,43718,1222,109
2022-07-18,5,0,18,-13,45054,43736,1222,96
2022-07-19,23,0,3,20,45077,43739,1222,116
2022-07-20,20,0,4,16,45097,43743,1222,132
2022-07-21,30,0,0,30,45127,43743,1222,162
2022-07-22,25,0,13,12,45152,43756,1222,174
2022-07-23,33,0,0,33,45185,43756,1222,207
2022-07-24,17,0,6,11,45202,43762,1222,218
2022-07-25,15,0,20,-5,45217,43782,1222,213
2022-07-26,29,0,2,27,45246,43784,1222,240
2022-07-27,26,0,18,8,45272,43802,1222,248
2022-07-28,43,0,21,22,45315,43823,1222,270
2022-07-29,27,0,18,9,45342,43841,1222,279
2022-07-30,46,0,13,33,45388,43854,1222,312
2022-07-31,23,0,13,10,45411,43867,1222,322
2022-08-01,16,0,44,-28,45427,43911,1222,294
2022-08-02,64,0,26,38,45491,43937,1222,332
2022-08-03,48,0,19,29,45539,43956,1222,361
2022-08-04,64,2,37,25,45603,43993,1224,386
2022-08-05,47,0,18,29,45650,44011,1224,415
2022-08-06,29,0,28,1,45679,44039,1224,416
2022-08-07,57,0,7,50,45736,44046,1224,466
2022-08-08,29,0,55,-26,45765,44101,1224,440
2022-08-09,55,0,19,36,45820,44120,1224,476
2022-08-10,49,0,31,18,45869,44151,1224,494
2022-08-11,32,1,59,-28,45901,44210,1225,466
2022-08-12,48,0,72,-24,45949,44282,1225,442
2022-08-13,23,0,50,-27,45972,44332,1225,415
2022-08-14,43,1,31,11,46015,44363,1226,426
2022-08-15,36,0,29,7,46051,44392,1226,433
2022-08-16,31,0,49,-18,46082,44441,1226,415
2022-08-17,21,1,18,2,46103,44459,1227,417
2022-08-18,24,0,41,-17,46127,44500,1227,400
2022-08-19,27,0,45,-18,46154,44545,1227,382
2022-08-20,20,0,48,-28,46174,44593,1227,354
2022-08-21,42,1,25,16,46216,44618,1228,370
2022-08-22,29,0,38,-9,46245,44656,1228,361
2022-08-23,40,0,35,5,46285,44691,1228,366
2022-08-24,37,0,49,-12,46322,44740,1228,354
2022-08-25,29,1,24,4,46351,44764,1229,358
2022-08-26,27,0,19,8,46378,44783,1229,366
2022-08-27,15,1,34,-20,46393,44817,1230,346
2022-08-28,17,0,33,-16,46410,44850,1230,330
2022-08-29,19,1,24,-6,46429,44874,1231,324
2022-08-30,17,0,28,-11,46446,44902,1231,313
2022-08-31,18,3,48,-33,46464,44950,1234,280
2022-09-01,20,1,25,-6,46484,44975,1235,274
2022-09-02,26,0,41,-15,46510,45016,1235,259
2022-09-03,14,0,42,-28,46524,45058,1235,231
2022-09-04,18,0,12,6,46542,45070,1235,237
2022-09-05,4,1,25,-22,46546,45095,1236,215
2022-09-06,19,0,26,-7,46565,45121,1236,208
2022-09-07,17,1,14,2,46582,45135,1237,210
2022-09-08,16,1,13,2,46598,45148,1238,212
2022-09-09,12,0,30,-18,46610,45178,1238,194
2022-09-10,7,0,11,-4,46617,45189,1238,190
2022-09-11,11,0,12,-1,46628,45201,1238,189
2022-09-12,13,0,31,-18,46641,45232,1238,171
2022-09-13,7,0,28,-21,46648,45260,1238,150
2022-09-14,17,0,24,-7,46665,45284,1238,143
2022-09-15,12,0,25,-13,46677,45309,1238,130
2022-09-16,7,1,14,-8,46684,45323,1239,122
2022-09-17,0,0,4,-4,46684,45327,1239,118
2022-09-18,5,0,11,-6,46689,45338,1239,112
2022-09-19,4,0,16,-12,46693,45354,1239,100
2022-09-20,10,0,26,-16,46703,45380,1239,84
2022-09-21,1,0,9,-8,46704,45389,1239,76
2022-09-22,4,0,14,-10,46708,45403,1239,66
2022-09-23,11,0,0,11,46719,45403,1239,77
2022-09-24,1,0,12,-11,46720,45415,1239,66
2022-09-25,6,0,4,2,46726,45419,1239,68
2022-09-26,2,1,5,-4,46728,45424,1240,64
2022-09-27,1,0,3,-2,46729,45427,1240,62
2022-09-28,2,0,0,2,46731,45427,1240,64
2022-09-29,2,0,2,0,46733,45429,1240,64
2022-09-30,1,0,0,1,46734,45429,1240,65
