tanggal,KASUS,MENINGGAL,SEMBUH,DIRAWAT_OR_ISOLASI,AKUMULASI_KASUS,AKUMULASI_SEMBUH,AKUMULASI_MENINGGAL,AKUMULASI_DIRAWAT_OR_ISOLASI
2020-03-30,4,0,0,4,4,0,0,4
2020-03-31,1,0,0,1,5,0,0,5
2020-04-01,0,0,0,0,5,0,0,5
2020-04-02,0,0,0,0,5,0,0,5
2020-04-03,0,0,0,0,5,0,0,5
2020-04-04,0,0,0,0,5,0,0,5
2020-04-05,8,1,0,7,13,0,1,12
2020-04-06,1,0,0,1,14,0,1,13
2020-04-07,0,2,0,-2,14,0,3,11
2020-04-08,4,0,0,4,18,0,3,15
2020-04-09,0,1,1,-2,18,1,4,13
2020-04-10,6,0,0,6,24,1,4,19
2020-04-11,0,1,0,-1,24,1,5,18
2020-04-12,3,0,0,3,27,1,5,21
2020-04-13,0,0,0,0,27,1,5,21
2020-04-14,3,1,0,2,30,1,6,23
2020-04-15,8,0,1,7,38,2,6,30
2020-04-16,8,0,2,6,46,4,6,36
2020-04-17,13,0,0,13,59,4,6,49
2020-04-18,14,0,1,13,73,5,6,62
2020-04-19,3,0,0,3,76,5,6,65
2020-04-20,0,0,0,0,76,5,6,65
2020-04-21,2,0,1,1,78,6,6,66
2020-04-22,9,0,0,9,87,6,6,75
2020-04-23,4,1,0,3,91,6,7,78
2020-04-24,14,0,0,14,105,6,7,92
2020-04-25,10,0,3,7,115,9,7,99
2020-04-26,0,0,1,-1,115,10,7,98
2020-04-27,3,0,0,3,118,10,7,101
2020-04-28,0,0,4,-4,118,14,7,97
2020-04-29,6,0,0,6,124,14,7,103
2020-04-30,10,0,0,10,134,14,7,113
2020-05-01,6,0,3,3,140,17,7,116
2020-05-02,0,0,0,0,140,17,7,116
2020-05-03,12,0,0,12,152,17,7,128
2020-05-04,3,0,0,3,155,17,7,131
2020-05-05,9,0,0,9,164,17,7,140
2020-05-06,9,0,0,9,173,17,7,149
2020-05-07,7,0,0,7,180,17,7,156
2020-05-08,5,0,0,5,185,17,7,161
2020-05-09,7,0,0,7,192,17,7,168
2020-05-10,7,0,0,7,199,17,7,175
2020-05-11,0,0,0,0,199,17,7,175
2020-05-12,13,0,0,13,212,17,7,188
2020-05-13,10,0,0,10,222,17,7,198
2020-05-14,2,0,0,2,224,17,7,200
2020-05-15,54,21,0,33,278,17,28,233
2020-05-16,6,0,39,-33,284,56,28,200
2020-05-17,2,8,0,-6,286,56,36,194
2020-05-18,53,1,0,52,339,56,37,246
2020-05-19,35,4,2,29,374,58,41,275
2020-05-20,52,3,0,49,426,58,44,324
2020-05-21,8,2,1,5,434,59,46,329
2020-05-22,18,0,0,18,452,59,46,347
2020-05-23,18,1,0,17,470,59,47,364
2020-05-24,7,2,1,4,477,60,49,368
2020-05-25,3,1,0,2,480,60,50,370
2020-05-26,23,6,0,17,503,60,56,387
2020-05-27,58,0,0,58,561,60,56,445
2020-05-28,98,1,2,95,659,62,57,540
2020-05-29,59,4,10,45,718,72,61,585
2020-05-30,3,0,1,2,721,73,61,587
2020-05-31,16,6,0,10,737,73,67,597
2020-06-01,24,1,0,23,761,73,68,620
2020-06-02,17,3,2,12,778,75,71,632
2020-06-03,49,2,0,47,827,75,73,679
2020-06-04,87,0,2,85,914,77,73,764
2020-06-05,58,2,0,56,972,77,75,820
2020-06-06,28,2,4,22,1000,81,77,842
2020-06-07,31,0,0,31,1031,81,77,873
2020-06-08,42,0,8,34,1073,89,77,907
2020-06-09,68,7,0,61,1141,89,84,968
2020-06-10,105,3,6,96,1246,95,87,1064
2020-06-11,56,3,23,30,1302,118,90,1094
2020-06-12,51,3,13,35,1353,131,93,1129
2020-06-13,95,5,17,73,1448,148,98,1202
2020-06-14,59,5,25,29,1507,173,103,1231
2020-06-15,56,4,14,38,1563,187,107,1269
2020-06-16,141,5,6,130,1704,193,112,1399
2020-06-17,72,6,74,-8,1776,267,118,1391
2020-06-18,101,2,12,87,1877,279,120,1478
2020-06-19,54,3,12,39,1931,291,123,1517
2020-06-20,68,10,21,37,1999,312,133,1554
2020-06-21,76,0,9,67,2075,321,133,1621
2020-06-22,68,0,7,61,2143,328,133,1682
2020-06-23,24,1,21,2,2167,349,134,1684
2020-06-24,75,5,13,57,2242,362,139,1741
2020-06-25,48,2,68,-22,2290,430,141,1719
2020-06-26,30,0,11,19,2320,441,141,1738
2020-06-27,43,4,73,-34,2363,514,145,1704
2020-06-28,56,2,59,-5,2419,573,147,1699
2020-06-29,31,2,4,25,2450,577,149,1724
2020-06-30,81,1,28,52,2531,605,150,1776
2020-07-01,59,0,20,39,2590,625,150,1815
2020-07-02,92,5,45,42,2682,670,155,1857
2020-07-03,93,3,19,71,2775,689,158,1928
2020-07-04,61,2,34,25,2836,723,160,1953
2020-07-05,35,2,26,7,2871,749,162,1960
2020-07-06,48,3,12,33,2919,761,165,1993
2020-07-07,52,1,82,-31,2971,843,166,1962
2020-07-08,93,2,53,38,3064,896,168,2000
2020-07-09,87,2,17,68,3151,913,170,2068
2020-07-10,50,0,46,4,3201,959,170,2072
2020-07-11,62,4,61,-3,3263,1020,174,2069
2020-07-12,66,4,90,-28,3329,1110,178,2041
2020-07-13,57,3,18,36,3386,1128,181,2077
2020-07-14,121,2,43,76,3507,1171,183,2153
2020-07-15,87,7,31,49,3594,1202,190,2202
2020-07-16,111,0,53,58,3705,1255,190,2260
2020-07-17,76,5,34,37,3781,1289,195,2297
2020-07-18,86,3,69,14,3867,1358,198,2311
2020-07-19,90,5,23,62,3957,1381,203,2373
2020-07-20,43,4,80,-41,4000,1461,207,2332
2020-07-21,69,5,156,-92,4069,1617,212,2240
2020-07-22,96,0,100,-4,4165,1717,212,2236
2020-07-23,94,0,87,7,4259,1804,212,2243
2020-07-24,72,3,224,-155,4331,2028,215,2088
2020-07-25,97,4,144,-51,4428,2172,219,2037
2020-07-26,97,2,108,-13,4525,2280,221,2024
2020-07-27,28,3,55,-30,4553,2335,224,1994
2020-07-28,84,4,132,-52,4637,2467,228,1942
2020-07-29,80,8,55,17,4717,2522,236,1959
2020-07-30,72,1,117,-46,4789,2639,237,1913
2020-07-31,105,6,51,48,4894,2690,243,1961
2020-08-01,44,0,63,-19,4938,2753,243,1942
2020-08-02,28,0,16,12,4966,2769,243,1954
2020-08-03,32,2,71,-41,4998,2840,245,1913
2020-08-04,102,1,42,59,5100,2882,246,1972
2020-08-05,42,0,82,-40,5142,2964,246,1932
2020-08-06,56,0,23,33,5198,2987,246,1965
2020-08-07,46,3,91,-48,5244,3078,249,1917
2020-08-08,68,2,36,30,5312,3114,251,1947
2020-08-09,73,3,110,-40,5385,3224,254,1907
2020-08-10,41,0,25,16,5426,3249,254,1923
2020-08-11,58,0,67,-9,5484,3316,254,1914
2020-08-12,42,1,68,-27,5526,3384,255,1887
2020-08-13,37,3,17,17,5563,3401,258,1904
2020-08-14,42,1,46,-5,5605,3447,259,1899
2020-08-15,53,2,30,21,5658,3477,261,1920
2020-08-16,77,0,68,9,5735,3545,261,1929
2020-08-17,76,4,104,-32,5811,3649,265,1897
2020-08-18,34,0,33,1,5845,3682,265,1898
2020-08-19,61,0,106,-45,5906,3788,265,1853
2020-08-20,142,0,63,79,6048,3851,265,1932
2020-08-21,61,2,209,-150,6109,4060,267,1782
2020-08-22,61,2,182,-123,6170,4242,269,1659
2020-08-23,62,1,63,-2,6232,4305,270,1657
2020-08-24,46,1,37,8,6278,4342,271,1665
2020-08-25,65,4,55,6,6343,4397,275,1671
2020-08-26,44,2,114,-72,6387,4511,277,1599
2020-08-27,29,2,148,-121,6416,4659,279,1478
2020-08-28,51,4,148,-101,6467,4807,283,1377
2020-08-29,80,2,118,-40,6547,4925,285,1337
2020-08-30,54,2,76,-24,6601,5001,287,1313
2020-08-31,28,1,32,-5,6629,5033,288,1308
2020-09-01,51,1,87,-37,6680,5120,289,1271
2020-09-02,53,3,78,-28,6733,5198,292,1243
2020-09-03,98,3,107,-12,6831,5305,295,1231
2020-09-04,40,0,30,10,6871,5335,295,1241
2020-09-05,64,5,31,28,6935,5366,300,1269
2020-09-06,84,1,75,8,7019,5441,301,1277
2020-09-07,62,1,40,21,7081,5481,302,1298
2020-09-08,53,1,30,22,7134,5511,303,1320
2020-09-09,76,1,87,-12,7210,5598,304,1308
2020-09-10,63,4,105,-46,7273,5703,308,1262
2020-09-11,61,1,82,-22,7334,5785,309,1240
2020-09-12,76,2,74,0,7410,5859,311,1240
2020-09-13,26,0,61,-35,7436,5920,311,1205
2020-09-14,113,3,58,52,7549,5978,314,1257
2020-09-15,61,1,44,16,7610,6022,315,1273
2020-09-16,7,2,49,-44,7617,6071,317,1229
2020-09-17,28,0,30,-2,7645,6101,317,1227
2020-09-18,19,2,160,-143,7664,6261,319,1084
2020-09-19,62,1,205,-144,7726,6466,320,940
2020-09-20,68,1,46,21,7794,6512,321,961
2020-09-21,66,2,74,-10,7860,6586,323,951
2020-09-22,64,0,34,30,7924,6620,323,981
2020-09-23,65,3,77,-15,7989,6697,326,966
2020-09-24,51,1,66,-16,8040,6763,327,950
2020-09-25,25,4,41,-20,8065,6804,331,930
2020-09-26,33,1,13,19,8098,6817,332,949
2020-09-27,69,1,64,4,8167,6881,333,953
2020-09-28,34,3,70,-39,8201,6951,336,914
2020-09-29,39,2,50,-13,8240,7001,338,901
2020-09-30,46,1,28,17,8286,7029,339,918
2020-10-01,43,0,58,-15,8329,7087,339,903
2020-10-02,61,4,53,4,8390,7140,343,907
2020-10-03,65,2,57,6,8455,7197,345,913
2020-10-04,46,1,71,-26,8501,7268,346,887
2020-10-05,35,0,27,8,8536,7295,346,895
2020-10-06,57,2,91,-36,8593,7386,348,859
2020-10-07,31,1,53,-23,8624,7439,349,836
2020-10-08,28,4,56,-32,8652,7495,353,804
2020-10-09,64,1,118,-55,8716,7613,354,749
2020-10-10,45,0,17,28,8761,7630,354,777
2020-10-11,54,1,62,-9,8815,7692,355,768
2020-10-12,20,1,37,-18,8835,7729,356,750
2020-10-13,58,1,88,-31,8893,7817,357,719
2020-10-14,44,2,47,-5,8937,7864,359,714
2020-10-15,60,1,43,16,8997,7907,360,730
2020-10-16,59,1,33,25,9056,7940,361,755
2020-10-17,53,2,51,0,9109,7991,363,755
2020-10-18,29,2,47,-20,9138,8038,365,735
2020-10-19,7,1,22,-16,9145,8060,366,719
2020-10-20,33,2,33,-2,9178,8093,368,717
2020-10-21,17,3,31,-17,9195,8124,371,700
2020-10-22,23,2,32,-11,9218,8156,373,689
2020-10-23,43,2,62,-21,9261,8218,375,668
2020-10-24,39,2,77,-40,9300,8295,377,628
2020-10-25,16,2,37,-23,9316,8332,379,605
2020-10-26,1,1,41,-41,9317,8373,380,564
2020-10-27,10,3,23,-16,9327,8396,383,548
2020-10-28,55,2,59,-6,9382,8455,385,542
2020-10-29,27,1,34,-8,9409,8489,386,534
2020-10-30,38,1,49,-12,9447,8538,387,522
2020-10-31,42,2,66,-26,9489,8604,389,496
2020-11-01,21,0,60,-39,9510,8664,389,457
2020-11-02,9,0,19,-10,9519,8683,389,447
2020-11-03,12,1,43,-32,9531,8726,390,415
2020-11-04,20,0,34,-14,9551,8760,390,401
2020-11-05,72,1,24,47,9623,8784,391,448
2020-11-06,47,2,35,10,9670,8819,393,458
2020-11-07,32,2,12,18,9702,8831,395,476
2020-11-08,39,2,16,21,9741,8847,397,497
2020-11-09,7,1,8,-2,9748,8855,398,495
2020-11-10,44,0,37,7,9792,8892,398,502
2020-11-11,56,2,53,1,9848,8945,400,503
2020-11-12,42,1,23,18,9890,8968,401,521
2020-11-13,27,1,21,5,9917,8989,402,526
2020-11-14,46,1,69,-24,9963,9058,403,502
2020-11-15,63,0,29,34,10026,9087,403,536
2020-11-16,20,2,36,-18,10046,9123,405,518
2020-11-17,9,0,140,-131,10055,9263,405,387
2020-11-18,68,0,0,68,10123,9263,405,455
2020-11-19,31,3,2,26,10154,9265,408,481
2020-11-20,52,3,3,46,10206,9268,411,527
2020-11-21,75,0,0,75,10281,9268,411,602
2020-11-22,65,2,1,62,10346,9269,413,664
2020-11-23,8,0,8,0,10354,9277,413,664
2020-11-24,17,1,24,-8,10371,9301,414,656
2020-11-25,58,1,24,33,10429,9325,415,689
2020-11-26,40,3,14,23,10469,9339,418,712
2020-11-27,36,2,29,5,10505,9368,420,717
2020-11-28,43,1,16,26,10548,9384,421,743
2020-11-29,31,2,14,15,10579,9398,423,758
2020-11-30,9,0,29,-20,10588,9427,423,738
2020-12-01,67,4,37,26,10655,9464,427,764
2020-12-02,24,1,59,-36,10679,9523,428,728
2020-12-03,43,1,10,32,10722,9533,429,760
2020-12-04,54,1,74,-21,10776,9607,430,739
2020-12-05,75,0,12,63,10851,9619,430,802
2020-12-06,57,1,23,33,10908,9642,431,835
2020-12-07,23,1,10,12,10931,9652,432,847
2020-12-08,53,1,24,28,10984,9676,433,875
2020-12-09,63,3,179,-119,11047,9855,436,756
2020-12-10,35,1,92,-58,11082,9947,437,698
2020-12-11,49,4,36,9,11131,9983,441,707
2020-12-12,68,1,92,-25,11199,10075,442,682
2020-12-13,79,1,46,32,11278,10121,443,714
2020-12-14,40,1,49,-10,11318,10170,444,704
2020-12-15,35,1,49,-15,11353,10219,445,689
2020-12-16,57,0,55,2,11410,10274,445,691
2020-12-17,73,0,71,2,11483,10345,445,693
2020-12-18,70,1,95,-26,11553,10440,446,667
2020-12-19,63,4,81,-22,11616,10521,450,645
2020-12-20,68,1,35,32,11684,10556,451,677
2020-12-21,33,3,21,9,11717,10577,454,686
2020-12-22,49,2,25,22,11766,10602,456,708
2020-12-23,73,2,28,43,11839,10630,458,751
2020-12-24,77,3,28,46,11916,10658,461,797
2020-12-25,76,0,62,14,11992,10720,461,811
2020-12-26,52,0,69,-17,12044,10789,461,794
2020-12-27,39,2,30,7,12083,10819,463,801
2020-12-28,14,0,34,-20,12097,10853,463,781
2020-12-29,51,2,78,-29,12148,10931,465,752
2020-12-30,60,2,59,-1,12208,10990,467,751
2020-12-31,52,4,63,-15,12260,11053,471,736
2021-01-01,81,0,44,37,12341,11097,471,773
2021-01-02,12,0,35,-23,12353,11132,471,750
2021-01-03,61,1,71,-11,12414,11203,472,739
2021-01-04,16,2,56,-42,12430,11259,474,697
2021-01-05,66,1,42,23,12496,11301,475,720
2021-01-06,71,2,50,19,12567,11351,477,739
2021-01-07,72,0,40,32,12639,11391,477,771
2021-01-08,73,1,36,36,12712,11427,478,807
2021-01-09,66,1,47,18,12778,11474,479,825
2021-01-10,101,2,38,61,12879,11512,481,886
2021-01-11,92,2,43,47,12971,11555,483,933
2021-01-12,29,0,77,-48,13000,11632,483,885
2021-01-13,54,2,32,20,13054,11664,485,905
2021-01-14,84,2,58,24,13138,11722,487,929
2021-01-15,98,1,64,33,13236,11786,488,962
2021-01-16,85,2,58,25,13321,11844,490,987
2021-01-17,83,2,50,31,13404,11894,492,1018
2021-01-18,9,3,60,-54,13413,11954,495,964
2021-01-19,55,1,34,20,13468,11988,496,984
2021-01-20,25,1,33,-9,13493,12021,497,975
2021-01-21,84,1,57,26,13577,12078,498,1001
2021-01-22,92,3,84,5,13669,12162,501,1006
2021-01-23,115,2,78,35,13784,12240,503,1041
2021-01-24,96,2,70,24,13880,12310,505,1065
2021-01-25,106,2,107,-3,13986,12417,507,1062
2021-01-26,77,5,61,11,14063,12478,512,1073
2021-01-27,45,2,84,-41,14108,12562,514,1032
2021-01-28,79,1,43,35,14187,12605,515,1067
2021-01-29,91,2,81,8,14278,12686,517,1075
2021-01-30,103,2,34,67,14381,12720,519,1142
2021-01-31,105,3,73,29,14486,12793,522,1171
2021-02-01,58,2,45,11,14544,12838,524,1182
2021-02-02,66,1,53,12,14610,12891,525,1194
2021-02-03,82,1,35,46,14692,12926,526,1240
2021-02-04,83,2,105,-24,14775,13031,528,1216
2021-02-05,98,1,50,47,14873,13081,529,1263
2021-02-06,117,3,128,-14,14990,13209,532,1249
2021-02-07,87,3,41,43,15077,13250,535,1292
2021-02-08,65,2,31,32,15142,13281,537,1324
2021-02-09,94,1,144,-51,15236,13425,538,1273
2021-02-10,113,1,157,-45,15349,13582,539,1228
2021-02-11,108,2,78,28,15457,13660,541,1256
2021-02-12,106,2,52,52,15563,13712,543,1308
2021-02-13,120,0,93,27,15683,13805,543,1335
2021-02-14,79,3,81,-5,15762,13886,546,1330
2021-02-15,123,0,13,110,15885,13899,546,1440
2021-02-16,112,0,45,67,15997,13944,546,1507
2021-02-17,130,1,6,123,16127,13950,547,1630
2021-02-18,92,0,89,3,16219,14039,547,1633
2021-02-19,139,11,168,-40,16358,14207,558,1593
2021-02-20,140,0,296,-156,16498,14503,558,1437
2021-02-21,125,1,128,-4,16623,14631,559,1433
2021-02-22,88,7,161,-80,16711,14792,566,1353
2021-02-23,77,1,91,-15,16788,14883,567,1338
2021-02-24,107,3,110,-6,16895,14993,570,1332
2021-02-25,150,3,77,70,17045,15070,573,1402
2021-02-26,151,1,234,-84,17196,15304,574,1318
2021-02-27,155,1,103,51,17351,15407,575,1369
2021-02-28,139,3,37,99,17490,15444,578,1468
2021-03-01,161,0,71,90,17651,15515,578,1558
2021-03-02,151,5,83,63,17802,15598,583,1621
2021-03-03,148,2,104,42,17950,15702,585,1663
2021-03-04,135,4,102,29,18085,15804,589,1692
2021-03-05,151,2,190,-41,18236,15994,591,1651
2021-03-06,136,5,64,67,18372,16058,596,1718
2021-03-07,158,2,109,47,18530,16167,598,1765
2021-03-08,129,2,218,-91,18659,16385,600,1674
2021-03-09,109,3,110,-4,18768,16495,603,1670
2021-03-10,94,4,95,-5,18862,16590,607,1665
2021-03-11,151,2,103,46,19013,16693,609,1711
2021-03-12,158,2,58,98,19171,16751,611,1809
2021-03-13,162,2,116,44,19333,16867,613,1853
2021-03-14,159,4,226,-71,19492,17093,617,1782
2021-03-15,141,1,121,19,19633,17214,618,1801
2021-03-16,160,2,195,-37,19793,17409,620,1764
2021-03-17,125,4,102,19,19918,17511,624,1783
2021-03-18,100,4,117,-21,20018,17628,628,1762
2021-03-19,156,3,126,27,20174,17754,631,1789
2021-03-20,182,3,151,28,20356,17905,634,1817
2021-03-21,170,0,92,78,20526,17997,634,1895
2021-03-22,173,3,74,96,20699,18071,637,1991
2021-03-23,116,3,85,28,20815,18156,640,2019
2021-03-24,158,2,287,-131,20973,18443,642,1888
2021-03-25,182,2,90,90,21155,18533,644,1978
2021-03-26,180,3,129,48,21335,18662,647,2026
2021-03-27,216,2,134,80,21551,18796,649,2106
2021-03-28,197,6,155,36,21748,18951,655,2142
2021-03-29,222,6,171,45,21970,19122,661,2187
2021-03-30,181,3,64,114,22151,19186,664,2301
2021-03-31,209,2,61,146,22360,19247,666,2447
2021-04-01,210,3,208,-1,22570,19455,669,2446
2021-04-02,217,5,110,102,22787,19565,674,2548
2021-04-03,130,5,179,-54,22917,19744,679,2494
2021-04-04,237,0,213,24,23154,19957,679,2518
2021-04-05,118,2,175,-59,23272,20132,681,2459
2021-04-06,122,4,181,-63,23394,20313,685,2396
2021-04-07,114,2,101,11,23508,20414,687,2407
2021-04-08,245,5,402,-162,23753,20816,692,2245
2021-04-09,216,2,146,68,23969,20962,694,2313
2021-04-10,204,2,184,18,24173,21146,696,2331
2021-04-11,189,0,229,-40,24362,21375,696,2291
2021-04-12,67,4,151,-88,24429,21526,700,2203
2021-04-13,108,4,101,3,24537,21627,704,2206
2021-04-14,211,1,128,82,24748,21755,705,2288
2021-04-15,175,4,196,-25,24923,21951,709,2263
2021-04-16,119,3,170,-54,25042,22121,712,2209
2021-04-17,121,2,227,-108,25163,22348,714,2101
2021-04-18,157,3,114,40,25320,22462,717,2141
2021-04-19,24,2,90,-68,25344,22552,719,2073
2021-04-20,115,2,116,-3,25459,22668,721,2070
2021-04-21,86,3,225,-142,25545,22893,724,1928
2021-04-22,166,2,169,-5,25711,23062,726,1923
2021-04-23,151,3,252,-104,25862,23314,729,1819
2021-04-24,148,5,47,96,26010,23361,734,1915
2021-04-25,48,2,42,4,26058,23403,736,1919
2021-04-26,14,3,170,-159,26072,23573,739,1760
2021-04-27,81,4,107,-30,26153,23680,743,1730
2021-04-28,55,1,73,-19,26208,23753,744,1711
2021-04-29,47,2,47,-2,26255,23800,746,1709
2021-04-30,167,0,140,27,26422,23940,746,1736
2021-05-01,79,3,84,-8,26501,24024,749,1728
2021-05-02,9,2,59,-52,26510,24083,751,1676
2021-05-03,24,0,38,-14,26534,24121,751,1662
2021-05-04,48,4,178,-134,26582,24299,755,1528
2021-05-05,79,2,168,-91,26661,24467,757,1437
2021-05-06,47,1,107,-61,26708,24574,758,1376
2021-05-07,108,0,173,-65,26816,24747,758,1311
2021-05-08,88,2,71,15,26904,24818,760,1326
2021-05-09,50,2,106,-58,26954,24924,762,1268
2021-05-10,15,2,44,-31,26969,24968,764,1237
2021-05-11,35,2,94,-61,27004,25062,766,1176
2021-05-12,70,1,374,-305,27074,25436,767,871
2021-05-13,23,2,82,-61,27097,25518,769,810
2021-05-14,17,1,33,-17,27114,25551,770,793
2021-05-15,0,1,30,-31,27114,25581,771,762
2021-05-16,29,3,42,-16,27143,25623,774,746
2021-05-17,19,3,61,-45,27162,25684,777,701
2021-05-18,34,4,61,-31,27196,25745,781,670
2021-05-19,43,1,71,-29,27239,25816,782,641
2021-05-20,63,2,35,26,27302,25851,784,667
2021-05-21,69,2,50,17,27371,25901,786,684
2021-05-22,37,0,17,20,27408,25918,786,704
2021-05-23,50,2,46,2,27458,25964,788,706
2021-05-24,27,2,146,-121,27485,26110,790,585
2021-05-25,35,0,49,-14,27520,26159,790,571
2021-05-26,68,2,21,45,27588,26180,792,616
2021-05-27,48,1,35,12,27636,26215,793,628
2021-05-28,49,1,28,20,27685,26243,794,648
2021-05-29,90,2,37,51,27775,26280,796,699
2021-05-30,53,2,36,15,27828,26316,798,714
2021-05-31,12,1,57,-46,27840,26373,799,668
2021-06-01,30,2,29,-1,27870,26402,801,667
2021-06-02,10,1,22,-13,27880,26424,802,654
2021-06-03,46,2,29,15,27926,26453,804,669
2021-06-04,42,2,39,1,27968,26492,806,670
2021-06-05,36,0,34,2,28004,26526,806,672
2021-06-06,53,7,63,-17,28057,26589,813,655
2021-06-07,6,1,29,-24,28063,26618,814,631
2021-06-08,10,1,44,-35,28073,26662,815,596
2021-06-09,23,2,77,-56,28096,26739,817,540
2021-06-10,85,1,129,-45,28181,26868,818,495
2021-06-11,29,0,28,1,28210,26896,818,496
2021-06-12,15,0,19,-4,28225,26915,818,492
2021-06-13,25,3,24,-2,28250,26939,821,490
2021-06-14,12,1,22,-11,28262,26961,822,479
2021-06-15,20,2,34,-16,28282,26995,824,463
2021-06-16,44,0,37,7,28326,27032,824,470
2021-06-17,74,1,25,48,28400,27057,825,518
2021-06-18,23,0,9,14,28423,27066,825,532
2021-06-19,43,1,24,18,28466,27090,826,550
2021-06-20,17,0,33,-16,28483,27123,826,534
2021-06-21,3,1,25,-23,28486,27148,827,511
2021-06-22,33,0,15,18,28519,27163,827,529
2021-06-23,58,0,67,-9,28577,27230,827,520
2021-06-24,29,3,20,6,28606,27250,830,526
2021-06-25,49,1,17,31,28655,27267,831,557
2021-06-26,64,2,24,38,28719,27291,833,595
2021-06-27,16,0,32,-16,28735,27323,833,579
2021-06-28,36,3,17,16,28771,27340,836,595
2021-06-29,44,1,56,-13,28815,27396,837,582
2021-06-30,63,0,18,45,28878,27414,837,627
2021-07-01,105,1,40,64,28983,27454,838,691
2021-07-02,121,3,54,64,29104,27508,841,755
2021-07-03,61,1,22,38,29165,27530,842,793
2021-07-04,169,1,102,66,29334,27632,843,859
2021-07-05,18,1,17,0,29352,27649,844,859
2021-07-06,38,5,57,-24,29390,27706,849,835
2021-07-07,90,4,29,57,29480,27735,853,892
2021-07-08,115,2,66,47,29595,27801,855,939
2021-07-09,162,3,53,106,29757,27854,858,1045
2021-07-10,158,5,43,110,29915,27897,863,1155
2021-07-11,97,6,29,62,30012,27926,869,1217
2021-07-12,36,4,52,-20,30048,27978,873,1197
2021-07-13,249,4,64,181,30297,28042,877,1378
2021-07-14,326,5,48,273,30623,28090,882,1651
2021-07-15,387,5,108,274,31010,28198,887,1925
2021-07-16,263,5,108,150,31273,28306,892,2075
2021-07-17,520,4,71,445,31793,28377,896,2520
2021-07-18,249,5,82,162,32042,28459,901,2682
2021-07-19,199,6,27,166,32241,28486,907,2848
2021-07-20,392,6,66,320,32633,28552,913,3168
2021-07-21,185,6,135,44,32818,28687,919,3212
2021-07-22,526,6,117,403,33344,28804,925,3615
2021-07-23,715,7,92,616,34059,28896,932,4231
2021-07-24,556,0,63,493,34615,28959,932,4724
2021-07-25,480,14,128,338,35095,29087,946,5062
2021-07-26,156,3,333,-180,35251,29420,949,4882
2021-07-27,410,29,284,97,35661,29704,978,4979
2021-07-28,698,10,174,514,36359,29878,988,5493
2021-07-29,721,24,308,389,37080,30186,1012,5882
2021-07-30,783,11,199,573,37863,30385,1023,6455
2021-07-31,568,2,114,452,38431,30499,1025,6907
2021-08-01,552,22,338,192,38983,30837,1047,7099
2021-08-02,380,38,335,7,39363,31172,1085,7106
2021-08-03,611,27,246,338,39974,31418,1112,7444
2021-08-04,583,13,144,426,40557,31562,1125,7870
2021-08-05,689,35,252,402,41246,31814,1160,8272
2021-08-06,727,20,633,74,41973,32447,1180,8346
2021-08-07,738,32,427,279,42711,32874,1212,8625
2021-08-08,669,42,336,291,43380,33210,1254,8916
2021-08-09,449,22,549,-122,43829,33759,1276,8794
2021-08-10,463,18,485,-40,44292,34244,1294,8754
2021-08-11,550,22,207,321,44842,34451,1316,9075
2021-08-12,381,24,330,27,45223,34781,1340,9102
2021-08-13,660,3,506,151,45883,35287,1343,9253
2021-08-14,695,37,323,335,46578,35610,1380,9588
2021-08-15,501,30,858,-387,47079,36468,1410,9201
2021-08-16,483,21,339,123,47562,36807,1431,9324
2021-08-17,519,32,487,0,48081,37294,1463,9324
2021-08-18,382,31,637,-286,48463,37931,1494,9038
2021-08-19,642,23,613,6,49105,38544,1517,9044
2021-08-20,537,17,498,22,49642,39042,1534,9066
2021-08-21,548,23,507,18,50190,39549,1557,9084
2021-08-22,327,22,557,-252,50517,40106,1579,8832
2021-08-23,240,12,649,-421,50757,40755,1591,8411
2021-08-24,434,11,433,-10,51191,41188,1602,8401
2021-08-25,379,37,555,-213,51570,41743,1639,8188
2021-08-26,382,18,790,-426,51952,42533,1657,7762
2021-08-27,212,17,754,-559,52164,43287,1674,7203
2021-08-28,274,15,803,-544,52438,44090,1689,6659
2021-08-29,139,7,658,-526,52577,44748,1696,6133
2021-08-30,65,4,835,-774,52642,45583,1700,5359
2021-08-31,292,11,834,-553,52934,46417,1711,4806
2021-09-01,197,14,721,-538,53131,47138,1725,4268
2021-09-02,246,14,233,-1,53377,47371,1739,4267
2021-09-03,237,10,968,-741,53614,48339,1749,3526
2021-09-04,205,14,482,-291,53819,48821,1763,3235
2021-09-05,145,9,467,-331,53964,49288,1772,2904
2021-09-06,74,11,387,-324,54038,49675,1783,2580
2021-09-07,190,4,420,-234,54228,50095,1787,2346
2021-09-08,131,2,47,82,54359,50142,1789,2428
2021-09-09,197,7,273,-83,54556,50415,1796,2345
2021-09-10,132,15,333,-216,54688,50748,1811,2129
2021-09-11,113,9,208,-104,54801,50956,1820,2025
2021-09-12,83,3,214,-134,54884,51170,1823,1891
2021-09-13,20,0,237,-217,54904,51407,1823,1674
2021-09-14,63,8,189,-134,54967,51596,1831,1540
2021-09-15,76,0,155,-79,55043,51751,1831,1461
2021-09-16,87,1,154,-68,55130,51905,1832,1393
2021-09-17,89,0,133,-44,55219,52038,1832,1349
2021-09-18,86,4,230,-148,55305,52268,1836,1201
2021-09-19,28,3,122,-97,55333,52390,1839,1104
2021-09-20,43,0,171,-128,55376,52561,1839,976
2021-09-21,56,1,86,-31,55432,52647,1840,945
2021-09-22,42,1,85,-44,55474,52732,1841,901
2021-09-23,67,1,180,-114,55541,52912,1842,787
2021-09-24,53,0,45,8,55594,52957,1842,795
2021-09-25,41,1,38,2,55635,52995,1843,797
2021-09-26,21,3,61,-43,55656,53056,1846,754
2021-09-27,18,10,58,-50,55674,53114,1856,704
2021-09-28,32,10,191,-169,55706,53305,1866,535
2021-09-29,24,7,125,-108,55730,53430,1873,427
2021-09-30,34,3,26,5,55764,53456,1876,432
2021-10-01,10,0,82,-72,55774,53538,1876,360
2021-10-02,14,2,36,-24,55788,53574,1878,336
2021-10-03,13,1,48,-36,55801,53622,1879,300
2021-10-04,13,1,26,-14,55814,53648,1880,286
2021-10-05,27,3,24,0,55841,53672,1883,286
2021-10-06,14,0,24,-10,55855,53696,1883,276
2021-10-07,17,1,45,-29,55872,53741,1884,247
2021-10-08,32,0,34,-2,55904,53775,1884,245
2021-10-09,15,1,11,3,55919,53786,1885,248
2021-10-10,12,0,68,-56,55931,53854,1885,192
2021-10-11,8,0,8,0,55939,53862,1885,192
2021-10-12,9,3,35,-29,55948,53897,1888,163
2021-10-13,12,1,18,-7,55960,53915,1889,156
2021-10-14,11,1,10,0,55971,53925,1890,156
2021-10-15,7,3,22,-18,55978,53947,1893,138
2021-10-16,10,0,22,-12,55988,53969,1893,126
2021-10-17,7,0,9,-2,55995,53978,1893,124
2021-10-18,2,1,11,-10,55997,53989,1894,114
2021-10-19,14,2,27,-15,56011,54016,1896,99
2021-10-20,7,0,6,1,56018,54022,1896,100
2021-10-21,7,1,17,-11,56025,54039,1897,89
2021-10-22,10,0,9,1,56035,54048,1897,90
2021-10-23,8,0,16,-8,56043,54064,1897,82
2021-10-24,6,1,7,-2,56049,54071,1898,80
2021-10-25,0,0,0,0,56049,54071,1898,80
2021-10-26,5,0,10,-5,56054,54081,1898,75
2021-10-27,6,0,5,1,56060,54086,1898,76
2021-10-28,6,0,16,-10,56066,54102,1898,66
2021-10-29,6,0,9,-3,56072,54111,1898,63
2021-10-30,8,2,2,4,56080,54113,1900,67
2021-10-31,2,0,8,-6,56082,54121,1900,61
2021-11-01,2,1,7,-6,56084,54128,1901,55
2021-11-02,3,0,6,-3,56087,54134,1901,52
2021-11-03,5,0,7,-2,56092,54141,1901,50
2021-11-04,6,0,10,-4,56098,54151,1901,46
2021-11-05,6,0,8,-2,56104,54159,1901,44
2021-11-06,3,1,5,-3,56107,54164,1902,41
2021-11-07,2,0,4,-2,56109,54168,1902,39
2021-11-08,1,0,7,-6,56110,54175,1902,33
2021-11-09,1,0,2,-1,56111,54177,1902,32
2021-11-10,2,0,2,0,56113,54179,1902,32
2021-11-11,0,0,4,-4,56113,54183,1902,28
2021-11-12,1,1,4,-4,56114,54187,1903,24
2021-11-13,3,0,2,1,56117,54189,1903,25
2021-11-14,1,0,8,-7,56118,54197,1903,18
2021-11-15,1,0,5,-4,56119,54202,1903,14
2021-11-16,3,0,0,3,56122,54202,1903,17
2021-11-17,3,0,1,2,56125,54203,1903,19
2021-11-18,4,0,3,1,56129,54206,1903,20
2021-11-19,1,0,4,-3,56130,54210,1903,17
2021-11-20,1,0,0,1,56131,54210,1903,18
2021-11-21,0,0,0,0,56131,54210,1903,18
2021-11-22,1,0,2,-1,56132,54212,1903,17
2021-11-23,0,0,0,0,56132,54212,1903,17
2021-11-24,6,0,0,6,56138,54212,1903,23
2021-11-25,10,0,8,2,56148,54220,1903,25
2021-11-26,3,0,4,-1,56151,54224,1903,24
2021-11-27,2,0,1,1,56153,54225,1903,25
2021-11-28,2,0,1,1,56155,54226,1903,26
2021-11-29,0,0,1,-1,56155,54227,1903,25
2021-11-30,1,0,1,0,56156,54228,1903,25
2021-12-01,9,0,4,5,56165,54232,1903,30
2021-12-02,2,0,2,0,56167,54234,1903,30
2021-12-03,0,0,0,0,56167,54234,1903,30
2021-12-04,0,0,3,-3,56167,54237,1903,27
2021-12-05,0,0,1,-1,56167,54238,1903,26
2021-12-06,1,1,6,-6,56168,54244,1904,20
2021-12-07,1,0,0,1,56169,54244,1904,21
2021-12-08,0,0,0,0,56169,54244,1904,21
2021-12-09,2,0,12,-10,56171,54256,1904,11
2021-12-10,3,0,2,1,56174,54258,1904,12
2021-12-11,0,0,0,0,56174,54258,1904,12
2021-12-12,0,0,1,-1,56174,54259,1904,11
2021-12-13,0,0,2,-2,56174,54261,1904,9
2021-12-14,0,0,0,0,56174,54261,1904,9
2021-12-15,2,0,1,1,56176,54262,1904,10
2021-12-16,1,0,0,1,56177,54262,1904,11
2021-12-17,0,0,1,-1,56177,54263,1904,10
2021-12-18,1,0,1,0,56178,54264,1904,10
2021-12-19,2,0,3,-1,56180,54267,1904,9
2021-12-20,1,0,2,-1,56181,54269,1904,8
2021-12-21,1,0,1,0,56182,54270,1904,8
2021-12-22,1,0,1,0,56183,54271,1904,8
2021-12-23,1,0,0,1,56184,54271,1904,9
2021-12-24,0,0,0,0,56184,54271,1904,9
2021-12-25,2,0,0,2,56186,54271,1904,11
2021-12-26,0,0,0,0,56186,54271,1904,11
2021-12-27,3,0,0,3,56189,54271,1904,14
2021-12-28,1,0,0,1,56190,54271,1904,15
2021-12-29,0,0,3,-3,56190,54274,1904,12
2021-12-30,0,0,4,-4,56190,54278,1904,8
2021-12-31,0,0,0,0,56190,54278,1904,8
2022-01-01,1,0,0,1,56191,54278,1904,9
2022-01-02,0,0,0,0,56191,54278,1904,9
2022-01-03,0,1,0,-1,56191,54278,1905,8
2022-01-04,1,0,1,0,56192,54279,1905,8
2022-01-05,1,0,3,-2,56193,54282,1905,6
2022-01-06,0,0,0,0,56193,54282,1905,6
2022-01-07,0,0,3,-3,56193,54285,1905,3
2022-01-08,1,0,1,0,56194,54286,1905,3
2022-01-09,0,0,0,0,56194,54286,1905,3
2022-01-10,0,0,0,0,56194,54286,1905,3
2022-01-11,0,0,0,0,56194,54286,1905,3
2022-01-12,0,0,0,0,56194,54286,1905,3
2022-01-13,0,0,1,-1,56194,54287,1905,2
2022-01-14,0,0,0,0,56194,54287,1905,2
2022-01-15,1,0,0,1,56195,54287,1905,3
2022-01-16,0,0,2,-2,56195,54289,1905,1
2022-01-17,0,0,0,0,56195,54289,1905,1
2022-01-18,0,0,0,0,56195,54289,1905,1
2022-01-19,2,0,0,2,56197,54289,1905,3
2022-01-20,7,0,0,7,56204,54289,1905,10
2022-01-21,6,0,0,6,56210,54289,1905,16
2022-01-22,3,0,0,3,56213,54289,1905,19
2022-01-23,0,0,0,0,56213,54289,1905,19
2022-01-24,2,0,2,0,56215,54291,1905,19
2022-01-25,9,0,0,9,56224,54291,1905,28
2022-01-26,8,0,0,8,56232,54291,1905,36
2022-01-27,10,0,0,10,56242,54291,1905,46
2022-01-28,25,0,0,25,56267,54291,1905,71
2022-01-29,27,0,10,17,56294,54301,1905,88
2022-01-30,42,0,0,42,56336,54301,1905,130
2022-01-31,32,0,0,32,56368,54301,1905,162
2022-02-01,67,0,5,62,56435,54306,1905,224
2022-02-02,64,0,0,64,56499,54306,1905,288
2022-02-03,117,0,2,115,56616,54308,1905,403
2022-02-04,192,0,5,187,56808,54313,1905,590
2022-02-05,208,1,0,207,57016,54313,1906,797
2022-02-06,198,0,16,182,57214,54329,1906,979
2022-02-07,89,0,1,88,57303,54330,1906,1067
2022-02-08,295,1,8,286,57598,54338,1907,1353
2022-02-09,449,3,14,432,58047,54352,1910,1785
2022-02-10,354,1,25,328,58401,54377,1911,2113
2022-02-11,430,1,69,360,58831,54446,1912,2473
2022-02-12,496,4,50,442,59327,54496,1916,2915
2022-02-13,391,3,25,363,59718,54521,1919,3278
2022-02-14,247,4,281,-38,59965,54802,1923,3240
2022-02-15,577,3,51,523,60542,54853,1926,3763
2022-02-16,650,2,138,510,61192,54991,1928,4273
2022-02-17,588,2,214,372,61780,55205,1930,4645
2022-02-18,455,5,518,-68,62235,55723,1935,4577
2022-02-19,502,1,81,420,62737,55804,1936,4997
2022-02-20,379,5,141,233,63116,55945,1941,5230
2022-02-21,267,3,646,-382,63383,56591,1944,4848
2022-02-22,527,1,185,341,63910,56776,1945,5189
2022-02-23,500,3,266,231,64410,57042,1948,5420
2022-02-24,432,0,177,255,64842,57219,1948,5675
2022-02-25,339,3,718,-382,65181,57937,1951,5293
2022-02-26,296,2,433,-139,65477,58370,1953,5154
2022-02-27,228,3,385,-160,65705,58755,1956,4994
2022-02-28,85,2,422,-339,65790,59177,1958,4655
2022-03-01,149,5,355,-211,65939,59532,1963,4444
2022-03-02,229,6,364,-141,66168,59896,1969,4303
2022-03-03,213,2,582,-371,66381,60478,1971,3932
2022-03-04,91,4,643,-556,66472,61121,1975,3376
2022-03-05,148,3,489,-344,66620,61610,1978,3032
2022-03-06,80,1,233,-154,66700,61843,1979,2878
2022-03-07,29,1,256,-228,66729,62099,1980,2650
2022-03-08,116,2,278,-164,66845,62377,1982,2486
2022-03-09,103,2,137,-36,66948,62514,1984,2450
2022-03-10,81,2,181,-102,67029,62695,1986,2348
2022-03-11,69,0,145,-76,67098,62840,1986,2272
2022-03-12,53,3,244,-194,67151,63084,1989,2078
2022-03-13,36,2,820,-786,67187,63904,1991,1292
2022-03-14,13,3,66,-56,67200,63970,1994,1236
2022-03-15,53,2,251,-200,67253,64221,1996,1036
2022-03-16,27,3,175,-151,67280,64396,1999,885
2022-03-17,43,0,103,-60,67323,64499,1999,825
2022-03-18,23,4,272,-253,67346,64771,2003,572
2022-03-19,11,0,76,-65,67357,64847,2003,507
2022-03-20,15,0,83,-68,67372,64930,2003,439
2022-03-21,3,0,24,-21,67375,64954,2003,418
2022-03-22,45,0,74,-29,67420,65028,2003,389
2022-03-23,14,1,17,-4,67434,65045,2004,385
2022-03-24,14,1,35,-22,67448,65080,2005,363
2022-03-25,15,0,23,-8,67463,65103,2005,355
2022-03-26,24,1,14,9,67487,65117,2006,364
2022-03-27,8,0,23,-15,67495,65140,2006,349
2022-03-28,5,1,88,-84,67500,65228,2007,265
2022-03-29,23,0,15,8,67523,65243,2007,273
2022-03-30,12,1,42,-31,67535,65285,2008,242
2022-03-31,6,0,74,-68,67541,65359,2008,174
2022-04-01,12,0,44,-32,67553,65403,2008,142
2022-04-02,5,0,7,-2,67558,65410,2008,140
2022-04-03,6,0,9,-3,67564,65419,2008,137
2022-04-04,3,0,18,-15,67567,65437,2008,122
2022-04-05,6,0,13,-7,67573,65450,2008,115
2022-04-06,6,0,11,-5,67579,65461,2008,110
2022-04-07,2,0,7,-5,67581,65468,2008,105
2022-04-08,6,0,6,0,67587,65474,2008,105
2022-04-09,4,1,25,-22,67591,65499,2009,83
2022-04-10,0,0,15,-15,67591,65514,2009,68
2022-04-11,4,0,10,-6,67595,65524,2009,62
2022-04-12,8,0,9,-1,67603,65533,2009,61
2022-04-13,4,0,10,-6,67607,65543,2009,55
2022-04-14,4,0,11,-7,67611,65554,2009,48
2022-04-15,2,0,1,1,67613,65555,2009,49
2022-04-16,2,0,6,-4,67615,65561,2009,45
2022-04-17,4,1,6,-3,67619,65567,2010,42
2022-04-18,2,0,7,-5,67621,65574,2010,37
2022-04-19,5,1,8,-4,67626,65582,2011,33
2022-04-20,3,1,8,-6,67629,65590,2012,27
2022-04-21,4,0,1,3,67633,65591,2012,30
2022-04-22,5,0,5,0,67638,65596,2012,30
2022-04-23,3,0,5,-2,67641,65601,2012,28
2022-04-24,2,0,1,1,67643,65602,2012,29
2022-04-25,0,0,0,0,67643,65602,2012,29
2022-04-26,3,0,0,3,67646,65602,2012,32
2022-04-27,4,0,6,-2,67650,65608,2012,30
2022-04-28,1,0,1,0,67651,65609,2012,30
2022-04-29,7,0,5,2,67658,65614,2012,32
2022-04-30,1,0,1,0,67659,65615,2012,32
2022-05-01,1,0,3,-2,67660,65618,2012,30
2022-05-02,0,0,0,0,67660,65618,2012,30
2022-05-03,0,0,1,-1,67660,65619,2012,29
2022-05-04,0,0,0,0,67660,65619,2012,29
2022-05-05,1,0,2,-1,67661,65621,2012,28
2022-05-06,1,0,9,-8,67662,65630,2012,20
2022-05-07,3,0,1,2,67665,65631,2012,22
2022-05-08,1,0,3,-2,67666,65634,2012,20
2022-05-09,0,0,1,-1,67666,65635,2012,19
2022-05-10,2,0,7,-5,67668,65642,2012,14
2022-05-11,2,0,0,2,67670,65642,2012,16
2022-05-12,1,0,0,1,67671,65642,2012,17
2022-05-13,1,0,0,1,67672,65642,2012,18
2022-05-14,0,0,1,-1,67672,65643,2012,17
2022-05-15,3,0,1,2,67675,65644,2012,19
2022-05-16,0,0,0,0,67675,65644,2012,19
2022-05-17,0,0,1,-1,67675,65645,2012,18
2022-05-18,3,0,1,2,67678,65646,2012,20
2022-05-19,3,0,3,0,67681,65649,2012,20
2022-05-20,2,0,0,2,67683,65649,2012,22
2022-05-21,0,0,7,-7,67683,65656,2012,15
2022-05-22,2,0,0,2,67685,65656,2012,17
2022-05-23,0,0,3,-3,67685,65659,2012,14
2022-05-24,3,0,1,2,67688,65660,2012,16
2022-05-25,1,0,1,0,67689,65661,2012,16
2022-05-26,1,0,0,1,67690,65661,2012,17
2022-05-27,0,0,0,0,67690,65661,2012,17
2022-05-28,3,0,2,1,67693,65663,2012,18
2022-05-29,0,0,1,-1,67693,65664,2012,17
2022-05-30,0,0,0,0,67693,65664,2012,17
2022-05-31,1,0,2,-1,67694,65666,2012,16
2022-06-01,3,0,0,3,67697,65666,2012,19
2022-06-02,1,0,3,-2,67698,65669,2012,17
2022-06-03,2,0,2,0,67700,65671,2012,17
2022-06-04,0,0,1,-1,67700,65672,2012,16
2022-06-05,0,0,2,-2,67700,65674,2012,14
2022-06-06,2,0,1,1,67702,65675,2012,15
2022-06-07,0,0,2,-2,67702,65677,2012,13
2022-06-08,2,0,5,-3,67704,65682,2012,10
2022-06-09,3,0,0,3,67707,65682,2012,13
2022-06-10,2,0,0,2,67709,65682,2012,15
2022-06-11,2,0,2,0,67711,65684,2012,15
2022-06-12,0,0,0,0,67711,65684,2012,15
2022-06-13,2,0,0,2,67713,65684,2012,17
2022-06-14,1,0,1,0,67714,65685,2012,17
2022-06-15,2,0,0,2,67716,65685,2012,19
2022-06-16,1,0,1,0,67717,65686,2012,19
2022-06-17,3,0,5,-2,67720,65691,2012,17
2022-06-18,0,0,0,0,67720,65691,2012,17
2022-06-19,1,0,0,1,67721,65691,2012,18
2022-06-20,1,0,1,0,67722,65692,2012,18
2022-06-21,2,0,0,2,67724,65692,2012,20
2022-06-22,2,0,3,-1,67726,65695,2012,19
2022-06-23,3,0,3,0,67729,65698,2012,19
2022-06-24,2,0,4,-2,67731,65702,2012,17
2022-06-25,3,0,0,3,67734,65702,2012,20
2022-06-26,5,0,0,5,67739,65702,2012,25
2022-06-27,4,0,2,2,67743,65704,2012,27
2022-06-28,3,0,1,2,67746,65705,2012,29
2022-06-29,9,0,4,5,67755,65709,2012,34
2022-06-30,18,0,5,13,67773,65714,2012,47
2022-07-01,9,1,1,7,67782,65715,2013,54
2022-07-02,5,0,3,2,67787,65718,2013,56
2022-07-03,9,0,0,9,67796,65718,2013,65
2022-07-04,0,0,2,-2,67796,65720,2013,63
2022-07-05,17,0,9,8,67813,65729,2013,71
2022-07-06,3,0,3,0,67816,65732,2013,71
2022-07-07,12,0,1,11,67828,65733,2013,82
2022-07-08,16,0,6,10,67844,65739,2013,92
2022-07-09,14,0,8,6,67858,65747,2013,98
2022-07-10,8,1,4,3,67866,65751,2014,101
2022-07-11,9,0,3,6,67875,65754,2014,107
2022-07-12,21,0,21,0,67896,65775,2014,107
2022-07-13,15,0,6,9,67911,65781,2014,116
2022-07-14,18,0,5,13,67929,65786,2014,129
2022-07-15,21,0,10,11,67950,65796,2014,140
2022-07-16,22,0,4,18,67972,65800,2014,158
2022-07-17,24,0,7,17,67996,65807,2014,175
2022-07-18,24,0,6,18,68020,65813,2014,193
2022-07-19,38,1,9,28,68058,65822,2015,221
2022-07-20,41,2,13,26,68099,65835,2017,247
2022-07-21,37,0,7,30,68136,65842,2017,277
2022-07-22,44,0,6,38,68180,65848,2017,315
2022-07-23,46,1,62,-17,68226,65910,2018,298
2022-07-24,40,0,1,39,68266,65911,2018,337
2022-07-25,32,1,19,12,68298,65930,2019,349
2022-07-26,64,1,0,63,68362,65930,2020,412
2022-07-27,77,0,33,44,68439,65963,2020,456
2022-07-28,69,2,23,44,68508,65986,2022,500
2022-07-29,58,0,21,37,68566,66007,2022,537
2022-07-30,100,1,25,74,68666,66032,2023,611
2022-07-31,82,1,35,46,68748,66067,2024,657
2022-08-01,35,0,41,-6,68783,66108,2024,651
2022-08-02,91,0,10,81,68874,66118,2024,732
2022-08-03,84,1,31,52,68958,66149,2025,784
2022-08-04,87,2,91,-6,69045,66240,2027,778
2022-08-05,119,1,33,85,69164,66273,2028,863
2022-08-06,97,1,42,54,69261,66315,2029,917
2022-08-07,59,1,57,1,69320,66372,2030,918
2022-08-08,34,0,24,10,69354,66396,2030,928
2022-08-09,63,1,52,10,69417,66448,2031,938
2022-08-10,79,1,72,6,69496,66520,2032,944
2022-08-11,74,0,109,-35,69570,66629,2032,909
2022-08-12,64,2,29,33,69634,66658,2034,942
2022-08-13,57,2,72,-17,69691,66730,2036,925
2022-08-14,24,0,103,-79,69715,66833,2036,846
2022-08-15,19,4,100,-85,69734,66933,2040,761
2022-08-16,66,2,141,-77,69800,67074,2042,684
2022-08-17,28,0,27,1,69828,67101,2042,685
2022-08-18,18,1,173,-156,69846,67274,2043,529
2022-08-19,43,1,36,6,69889,67310,2044,535
2022-08-20,33,1,59,-27,69922,67369,2045,508
2022-08-21,13,0,5,8,69935,67374,2045,516
2022-08-22,26,0,86,-60,69961,67460,2045,456
2022-08-23,30,0,49,-19,69991,67509,2045,437
2022-08-24,38,0,76,-38,70029,67585,2045,399
2022-08-25,14,1,27,-14,70043,67612,2046,385
2022-08-26,16,0,76,-60,70059,67688,2046,325
2022-08-27,15,3,44,-32,70074,67732,2049,293
2022-08-28,7,1,45,-39,70081,67777,2050,254
2022-08-29,8,0,17,-9,70089,67794,2050,245
2022-08-30,28,1,62,-35,70117,67856,2051,210
2022-08-31,18,0,8,10,70135,67864,2051,220
2022-09-01,13,0,35,-22,70148,67899,2051,198
2022-09-02,11,0,10,1,70159,67909,2051,199
2022-09-03,8,0,15,-7,70167,67924,2051,192
2022-09-04,10,0,6,4,70177,67930,2051,196
2022-09-05,1,0,33,-32,70178,67963,2051,164
2022-09-06,10,0,32,-22,70188,67995,2051,142
2022-09-07,10,0,24,-14,70198,68019,2051,128
2022-09-08,12,0,9,3,70210,68028,2051,131
2022-09-09,6,0,15,-9,70216,68043,2051,122
2022-09-10,9,1,7,1,70225,68050,2052,123
2022-09-11,1,0,2,-1,70226,68052,2052,122
2022-09-12,6,0,13,-7,70232,68065,2052,115
2022-09-13,6,0,29,-23,70238,68094,2052,92
2022-09-14,4,0,10,-6,70242,68104,2052,86
2022-09-15,19,0,16,3,70261,68120,2052,89
2022-09-16,5,1,14,-10,70266,68134,2053,79
2022-09-17,6,0,8,-2,70272,68142,2053,77
2022-09-18,0,0,7,-7,70272,68149,2053,70
2022-09-19,3,0,9,-6,70275,68158,2053,64
2022-09-20,12,0,5,7,70287,68163,2053,71
2022-09-21,2,0,13,-11,70289,68176,2053,60
2022-09-22,4,0,6,-2,70293,68182,2053,58
2022-09-23,4,0,2,2,70297,68184,2053,60
2022-09-24,2,0,12,-10,70299,68196,2053,50
2022-09-25,1,0,0,1,70300,68196,2053,51
2022-09-26,3,0,0,3,70303,68196,2053,54
2022-09-27,1,0,0,1,70304,68196,2053,55
2022-09-28,3,0,0,3,70307,68196,2053,58
2022-09-29,0,0,0,0,70307,68196,2053,58
2022-09-30,1,0,0,1,70308,68196,2053,59
