tanggal,KASUS,MENINGGAL,SEMBUH,DIRAWAT_OR_ISOLASI,AKUMULASI_KASUS,AKUMULASI_SEMBUH,AKUMULASI_MENINGGAL,AKUMULASI_DIRAWAT_OR_ISOLASI
2020-03-31,1,0,0,1,1,0,0,1
2020-04-01,2,0,0,2,3,0,0,3
2020-04-02,0,0,0,0,3,0,0,3
2020-04-03,0,0,0,0,3,0,0,3
2020-04-04,0,0,0,0,3,0,0,3
2020-04-05,0,0,0,0,3,0,0,3
2020-04-06,2,0,0,2,5,0,0,5
2020-04-07,0,0,0,0,5,0,0,5
2020-04-08,0,0,0,0,5,0,0,5
2020-04-09,4,0,0,4,9,0,0,9
2020-04-10,5,0,0,5,14,0,0,14
2020-04-11,2,1,0,1,16,0,1,15
2020-04-12,9,0,0,9,25,0,1,24
2020-04-13,3,0,0,3,28,0,1,27
2020-04-14,0,0,0,0,28,0,1,27
2020-04-15,0,0,0,0,28,0,1,27
2020-04-16,7,0,0,7,35,0,1,34
2020-04-17,6,0,0,6,41,0,1,40
2020-04-18,4,0,0,4,45,0,1,44
2020-04-19,4,1,8,-5,49,8,2,39
2020-04-20,9,1,0,8,58,8,3,47
2020-04-21,15,0,0,15,73,8,3,62
2020-04-22,12,0,0,12,85,8,3,74
2020-04-23,6,0,2,4,91,10,3,78
2020-04-24,33,0,2,31,124,12,3,109
2020-04-25,23,0,3,20,147,15,3,129
2020-04-26,13,0,0,13,160,15,3,142
2020-04-27,9,0,2,7,169,17,3,149
2020-04-28,12,0,2,10,181,19,3,159
2020-04-29,7,0,7,0,188,26,3,159
2020-04-30,0,0,0,0,188,26,3,159
2020-05-01,3,0,0,3,191,26,3,162
2020-05-02,14,0,0,14,205,26,3,176
2020-05-03,16,0,3,13,221,29,3,189
2020-05-04,0,0,0,0,221,29,3,189
2020-05-05,12,0,8,4,233,37,3,193
2020-05-06,5,1,6,-2,238,43,4,191
2020-05-07,6,0,3,3,244,46,4,194
2020-05-08,10,0,18,-8,254,64,4,186
2020-05-09,14,1,7,6,268,71,5,192
2020-05-10,0,0,4,-4,268,75,5,188
2020-05-11,1,0,10,-9,269,85,5,179
2020-05-12,6,0,0,6,275,85,5,185
2020-05-13,4,1,5,-2,279,90,6,183
2020-05-14,6,0,19,-13,285,109,6,170
2020-05-15,8,0,41,-33,293,150,6,137
2020-05-16,7,0,0,7,300,150,6,144
2020-05-17,5,0,9,-4,305,159,6,140
2020-05-18,3,0,13,-10,308,172,6,130
2020-05-19,0,0,0,0,308,172,6,130
2020-05-20,15,0,0,15,323,172,6,145
2020-05-21,11,0,2,9,334,174,6,154
2020-05-22,42,0,2,40,376,176,6,194
2020-05-23,10,0,6,4,386,182,6,198
2020-05-24,4,0,0,4,390,182,6,202
2020-05-25,0,0,25,-25,390,207,6,177
2020-05-26,7,0,0,7,397,207,6,184
2020-05-27,43,1,11,31,440,218,7,215
2020-05-28,22,1,0,21,462,218,8,236
2020-05-29,20,0,3,17,482,221,8,253
2020-05-30,3,0,3,0,485,224,8,253
2020-05-31,30,0,8,22,515,232,8,275
2020-06-01,14,0,0,14,529,232,8,289
2020-06-02,15,2,0,13,544,232,10,302
2020-06-03,15,1,5,9,559,237,11,311
2020-06-04,18,4,2,12,577,239,15,323
2020-06-05,44,1,0,43,621,239,16,366
2020-06-06,33,1,8,24,654,247,17,390
2020-06-07,8,0,13,-5,662,260,17,385
2020-06-08,13,1,0,12,675,260,18,397
2020-06-09,8,3,0,5,683,260,21,402
2020-06-10,25,3,66,-44,708,326,24,358
2020-06-11,9,2,36,-29,717,362,26,329
2020-06-12,19,0,59,-40,736,421,26,289
2020-06-13,11,2,16,-7,747,437,28,282
2020-06-14,8,0,33,-25,755,470,28,257
2020-06-15,21,2,25,-6,776,495,30,251
2020-06-16,17,0,10,7,793,505,30,258
2020-06-17,18,5,28,-15,811,533,35,243
2020-06-18,27,2,18,7,838,551,37,250
2020-06-19,9,0,17,-8,847,568,37,242
2020-06-20,26,1,28,-3,873,596,38,239
2020-06-21,5,0,6,-1,878,602,38,238
2020-06-22,9,1,10,-2,887,612,39,236
2020-06-23,14,0,7,7,901,619,39,243
2020-06-24,15,2,16,-3,916,635,41,240
2020-06-25,11,1,4,6,927,639,42,246
2020-06-26,18,0,8,10,945,647,42,256
2020-06-27,19,1,5,13,964,652,43,269
2020-06-28,26,8,15,3,990,667,51,272
2020-06-29,11,0,4,7,1001,671,51,279
2020-06-30,16,1,8,7,1017,679,52,286
2020-07-01,9,3,3,3,1026,682,55,289
2020-07-02,13,0,9,4,1039,691,55,293
2020-07-03,18,0,21,-3,1057,712,55,290
2020-07-04,19,1,6,12,1076,718,56,302
2020-07-05,14,0,8,6,1090,726,56,308
2020-07-06,26,0,5,21,1116,731,56,329
2020-07-07,24,1,7,16,1140,738,57,345
2020-07-08,19,4,16,-1,1159,754,61,344
2020-07-09,25,1,11,13,1184,765,62,357
2020-07-10,27,2,11,14,1211,776,64,371
2020-07-11,33,0,8,25,1244,784,64,396
2020-07-12,24,3,12,9,1268,796,67,405
2020-07-13,19,4,17,-2,1287,813,71,403
2020-07-14,13,1,18,-6,1300,831,72,397
2020-07-15,21,2,11,8,1321,842,74,405
2020-07-16,28,0,25,3,1349,867,74,408
2020-07-17,19,1,10,8,1368,877,75,416
2020-07-18,21,3,9,9,1389,886,78,425
2020-07-19,26,5,14,7,1415,900,83,432
2020-07-20,25,1,1,23,1440,901,84,455
2020-07-21,14,2,11,1,1454,912,86,456
2020-07-22,9,0,9,0,1463,921,86,456
2020-07-23,27,0,13,14,1490,934,86,470
2020-07-24,23,5,12,6,1513,946,91,476
2020-07-25,23,0,11,12,1536,957,91,488
2020-07-26,17,0,20,-3,1553,977,91,485
2020-07-27,20,1,17,2,1573,994,92,487
2020-07-28,16,1,5,10,1589,999,93,497
2020-07-29,33,0,24,9,1622,1023,93,506
2020-07-30,26,0,9,17,1648,1032,93,523
2020-07-31,31,1,18,12,1679,1050,94,535
2020-08-01,0,0,0,0,1679,1050,94,535
2020-08-02,34,2,22,10,1713,1072,96,545
2020-08-03,28,2,7,19,1741,1079,98,564
2020-08-04,17,1,8,8,1758,1087,99,572
2020-08-05,18,2,21,-5,1776,1108,101,567
2020-08-06,21,1,11,9,1797,1119,102,576
2020-08-07,15,0,21,-6,1812,1140,102,570
2020-08-08,20,0,4,16,1832,1144,102,586
2020-08-09,23,0,12,11,1855,1156,102,597
2020-08-10,21,2,9,10,1876,1165,104,607
2020-08-11,18,3,46,-31,1894,1211,107,576
2020-08-12,19,1,38,-20,1913,1249,108,556
2020-08-13,12,0,41,-29,1925,1290,108,527
2020-08-14,20,0,16,4,1945,1306,108,531
2020-08-15,15,2,13,0,1960,1319,110,531
2020-08-16,13,0,16,-3,1973,1335,110,528
2020-08-17,15,1,11,3,1988,1346,111,531
2020-08-18,19,2,15,2,2007,1361,113,533
2020-08-19,21,1,17,3,2028,1378,114,536
2020-08-20,18,0,23,-5,2046,1401,114,531
2020-08-21,16,2,86,-72,2062,1487,116,459
2020-08-22,11,2,22,-13,2073,1509,118,446
2020-08-23,11,2,11,-2,2084,1520,120,444
2020-08-24,12,3,5,4,2096,1525,123,448
2020-08-25,10,2,12,-4,2106,1537,125,444
2020-08-26,26,2,16,8,2132,1553,127,452
2020-08-27,15,2,15,-2,2147,1568,129,450
2020-08-28,19,1,20,-2,2166,1588,130,448
2020-08-29,31,0,22,9,2197,1610,130,457
2020-08-30,1,1,19,-19,2198,1629,131,438
2020-08-31,13,2,20,-9,2211,1649,133,429
2020-09-01,13,2,20,-9,2224,1669,135,420
2020-09-02,12,0,19,-7,2236,1688,135,413
2020-09-03,13,0,8,5,2249,1696,135,418
2020-09-04,7,3,11,-7,2256,1707,138,411
2020-09-05,30,2,22,6,2286,1729,140,417
2020-09-06,15,1,15,-1,2301,1744,141,416
2020-09-07,6,1,10,-5,2307,1754,142,411
2020-09-08,16,2,15,-1,2323,1769,144,410
2020-09-09,11,0,15,-4,2334,1784,144,406
2020-09-10,9,0,25,-16,2343,1809,144,390
2020-09-11,6,1,17,-12,2349,1826,145,378
2020-09-12,10,0,22,-12,2359,1848,145,366
2020-09-13,11,1,6,4,2370,1854,146,370
2020-09-14,19,0,19,0,2389,1873,146,370
2020-09-15,15,1,7,7,2404,1880,147,377
2020-09-16,8,0,11,-3,2412,1891,147,374
2020-09-17,14,3,18,-7,2426,1909,150,367
2020-09-18,17,1,9,7,2443,1918,151,374
2020-09-19,47,3,20,24,2490,1938,154,398
2020-09-20,17,0,10,7,2507,1948,154,405
2020-09-21,17,2,9,6,2524,1957,156,411
2020-09-22,8,0,12,-4,2532,1969,156,407
2020-09-23,19,0,17,2,2551,1986,156,409
2020-09-24,33,3,15,15,2584,2001,159,424
2020-09-25,16,2,33,-19,2600,2034,161,405
2020-09-26,23,0,10,13,2623,2044,161,418
2020-09-27,15,2,6,7,2638,2050,163,425
2020-09-28,14,1,3,10,2652,2053,164,435
2020-09-29,5,0,29,-24,2657,2082,164,411
2020-09-30,21,1,28,-8,2678,2110,165,403
2020-10-01,27,1,12,14,2705,2122,166,417
2020-10-02,21,1,7,13,2726,2129,167,430
2020-10-03,19,0,14,5,2745,2143,167,435
2020-10-04,21,1,8,12,2766,2151,168,447
2020-10-05,17,0,15,2,2783,2166,168,449
2020-10-06,18,0,26,-8,2801,2192,168,441
2020-10-07,5,0,16,-11,2806,2208,168,430
2020-10-08,12,0,10,2,2818,2218,168,432
2020-10-09,24,2,21,1,2842,2239,170,433
2020-10-10,7,1,4,2,2849,2243,171,435
2020-10-11,13,0,4,9,2862,2247,171,444
2020-10-12,13,0,7,6,2875,2254,171,450
2020-10-13,7,0,59,-52,2882,2313,171,398
2020-10-14,18,2,43,-27,2900,2356,173,371
2020-10-15,16,0,12,4,2916,2368,173,375
2020-10-16,27,0,17,10,2943,2385,173,385
2020-10-17,22,1,20,1,2965,2405,174,386
2020-10-18,25,0,10,15,2990,2415,174,401
2020-10-19,23,2,5,16,3013,2420,176,417
2020-10-20,16,1,8,7,3029,2428,177,424
2020-10-21,27,1,10,16,3056,2438,178,440
2020-10-22,20,1,35,-16,3076,2473,179,424
2020-10-23,17,1,18,-2,3093,2491,180,422
2020-10-24,5,1,12,-8,3098,2503,181,414
2020-10-25,18,2,13,3,3116,2516,183,417
2020-10-26,23,0,18,5,3139,2534,183,422
2020-10-27,26,0,23,3,3165,2557,183,425
2020-10-28,25,0,27,-2,3190,2584,183,423
2020-10-29,8,0,26,-18,3198,2610,183,405
2020-10-30,11,1,4,6,3209,2614,184,411
2020-10-31,4,1,3,0,3213,2617,185,411
2020-11-01,18,0,5,13,3231,2622,185,424
2020-11-02,2,1,8,-7,3233,2630,186,417
2020-11-03,14,0,19,-5,3247,2649,186,412
2020-11-04,18,2,48,-32,3265,2697,188,380
2020-11-05,45,1,62,-18,3310,2759,189,362
2020-11-06,16,2,24,-10,3326,2783,191,352
2020-11-07,25,0,15,10,3351,2798,191,362
2020-11-08,40,2,55,-17,3391,2853,193,345
2020-11-09,34,0,3,31,3425,2856,193,376
2020-11-10,9,0,0,9,3434,2856,193,385
2020-11-11,28,1,0,27,3462,2856,194,412
2020-11-12,22,0,0,22,3484,2856,194,434
2020-11-13,38,0,0,38,3522,2856,194,472
2020-11-14,24,0,0,24,3546,2856,194,496
2020-11-15,11,0,0,11,3557,2856,194,507
2020-11-16,0,0,0,0,3557,2856,194,507
2020-11-17,2,0,3,-1,3559,2859,194,506
2020-11-18,16,0,8,8,3575,2867,194,514
2020-11-19,14,0,12,2,3589,2879,194,516
2020-11-20,29,3,18,8,3618,2897,197,524
2020-11-21,23,0,2,21,3641,2899,197,545
2020-11-22,10,0,28,-18,3651,2927,197,527
2020-11-23,11,1,3,7,3662,2930,198,534
2020-11-24,12,0,7,5,3674,2937,198,539
2020-11-25,9,2,24,-17,3683,2961,200,522
2020-11-26,16,0,16,0,3699,2977,200,522
2020-11-27,30,0,9,21,3729,2986,200,543
2020-11-28,29,0,15,14,3758,3001,200,557
2020-11-29,16,0,6,10,3774,3007,200,567
2020-11-30,5,2,4,-1,3779,3011,202,566
2020-12-01,12,1,27,-16,3791,3038,203,550
2020-12-02,18,0,40,-22,3809,3078,203,528
2020-12-03,9,0,37,-28,3818,3115,203,500
2020-12-04,26,1,84,-59,3844,3199,204,441
2020-12-05,24,0,58,-34,3868,3257,204,407
2020-12-06,9,1,27,-19,3877,3284,205,388
2020-12-07,20,1,9,10,3897,3293,206,398
2020-12-08,7,1,15,-9,3904,3308,207,389
2020-12-09,47,1,16,30,3951,3324,208,419
2020-12-10,16,0,13,3,3967,3337,208,422
2020-12-11,25,0,12,13,3992,3349,208,435
2020-12-12,29,1,24,4,4021,3373,209,439
2020-12-13,25,2,11,12,4046,3384,211,451
2020-12-14,40,0,2,38,4086,3386,211,489
2020-12-15,25,2,17,6,4111,3403,213,495
2020-12-16,25,0,9,16,4136,3412,213,511
2020-12-17,28,0,0,28,4164,3412,213,539
2020-12-18,17,0,0,17,4181,3412,213,556
2020-12-19,26,0,21,5,4207,3433,213,561
2020-12-20,19,0,9,10,4226,3442,213,571
2020-12-21,43,2,1,40,4269,3443,215,611
2020-12-22,35,0,30,5,4304,3473,215,616
2020-12-23,19,0,21,-2,4323,3494,215,614
2020-12-24,32,0,25,7,4355,3519,215,621
2020-12-25,19,0,3,16,4374,3522,215,637
2020-12-26,26,0,13,13,4400,3535,215,650
2020-12-27,14,0,23,-9,4414,3558,215,641
2020-12-28,45,0,4,41,4459,3562,215,682
2020-12-29,7,0,27,-20,4466,3589,215,662
2020-12-30,49,0,43,6,4515,3632,215,668
2020-12-31,55,0,38,17,4570,3670,215,685
2021-01-01,48,0,16,32,4618,3686,215,717
2021-01-02,53,2,29,22,4671,3715,217,739
2021-01-03,17,0,11,6,4688,3726,217,745
2021-01-04,33,0,11,22,4721,3737,217,767
2021-01-05,11,0,0,11,4732,3737,217,778
2021-01-06,35,1,10,24,4767,3747,218,802
2021-01-07,47,0,40,7,4814,3787,218,809
2021-01-08,27,0,81,-54,4841,3868,218,755
2021-01-09,51,0,72,-21,4892,3940,218,734
2021-01-10,57,0,81,-24,4949,4021,218,710
2021-01-11,35,0,53,-18,4984,4074,218,692
2021-01-12,45,0,1,44,5029,4075,218,736
2021-01-13,24,0,25,-1,5053,4100,218,735
2021-01-14,62,0,18,44,5115,4118,218,779
2021-01-15,49,0,16,33,5164,4134,218,812
2021-01-16,62,0,13,49,5226,4147,218,861
2021-01-17,45,0,30,15,5271,4177,218,876
2021-01-18,29,1,34,-6,5300,4211,219,870
2021-01-19,58,2,17,39,5358,4228,221,909
2021-01-20,50,0,36,14,5408,4264,221,923
2021-01-21,68,3,72,-7,5476,4336,224,916
2021-01-22,37,1,55,-19,5513,4391,225,897
2021-01-23,74,1,22,51,5587,4413,226,948
2021-01-24,69,0,24,45,5656,4437,226,993
2021-01-25,44,0,19,25,5700,4456,226,1018
2021-01-26,39,0,27,12,5739,4483,226,1030
2021-01-27,79,0,42,37,5818,4525,226,1067
2021-01-28,80,0,19,61,5898,4544,226,1128
2021-01-29,63,3,30,30,5961,4574,229,1158
2021-01-30,42,1,36,5,6003,4610,230,1163
2021-01-31,76,4,30,42,6079,4640,234,1205
2021-02-01,37,1,44,-8,6116,4684,235,1197
2021-02-02,0,0,95,-95,6116,4779,235,1102
2021-02-03,5,3,9,-7,6121,4788,238,1095
2021-02-04,0,0,30,-30,6121,4818,238,1065
2021-02-05,1,1,0,0,6122,4818,239,1065
2021-02-06,19,16,39,-36,6141,4857,255,1029
2021-02-07,0,0,12,-12,6141,4869,255,1017
2021-02-08,119,1,88,30,6260,4957,256,1047
2021-02-09,71,10,89,-28,6331,5046,266,1019
2021-02-10,68,1,42,25,6399,5088,267,1044
2021-02-11,47,0,11,36,6446,5099,267,1080
2021-02-12,24,1,66,-43,6470,5165,268,1037
2021-02-13,16,1,46,-31,6486,5211,269,1006
2021-02-14,10,1,59,-50,6496,5270,270,956
2021-02-15,3,0,10,-7,6499,5280,270,949
2021-02-16,45,0,8,37,6544,5288,270,986
2021-02-17,50,0,17,33,6594,5305,270,1019
2021-02-18,29,0,13,16,6623,5318,270,1035
2021-02-19,43,0,8,35,6666,5326,270,1070
2021-02-20,29,0,13,16,6695,5339,270,1086
2021-02-21,42,0,4,38,6737,5343,270,1124
2021-02-22,61,0,2,59,6798,5345,270,1183
2021-02-23,29,2,47,-20,6827,5392,272,1163
2021-02-24,18,0,16,2,6845,5408,272,1165
2021-02-25,39,1,84,-46,6884,5492,273,1119
2021-02-26,56,0,99,-43,6940,5591,273,1076
2021-02-27,24,0,22,2,6964,5613,273,1078
2021-02-28,58,3,56,-1,7022,5669,276,1077
2021-03-01,42,0,18,24,7064,5687,276,1101
2021-03-02,4,0,12,-8,7068,5699,276,1093
2021-03-03,6,0,16,-10,7074,5715,276,1083
2021-03-04,4,0,2,2,7078,5717,276,1085
2021-03-05,27,1,1,25,7105,5718,277,1110
2021-03-06,2,1,22,-21,7107,5740,278,1089
2021-03-07,13,0,1,12,7120,5741,278,1101
2021-03-08,1,0,1,0,7121,5742,278,1101
2021-03-09,7,0,4,3,7128,5746,278,1104
2021-03-10,17,0,76,-59,7145,5822,278,1045
2021-03-11,0,0,3,-3,7145,5825,278,1042
2021-03-12,1,1,0,0,7146,5825,279,1042
2021-03-13,16,0,9,7,7162,5834,279,1049
2021-03-14,58,0,0,58,7220,5834,279,1107
2021-03-15,33,1,5,27,7253,5839,280,1134
2021-03-16,1,0,0,1,7254,5839,280,1135
2021-03-17,22,0,1,21,7276,5840,280,1156
2021-03-18,53,0,23,30,7329,5863,280,1186
2021-03-19,26,0,15,11,7355,5878,280,1197
2021-03-20,38,2,2,34,7393,5880,282,1231
2021-03-21,26,0,5,21,7419,5885,282,1252
2021-03-22,50,1,41,8,7469,5926,283,1260
2021-03-23,11,0,1,10,7480,5927,283,1270
2021-03-24,31,0,4,27,7511,5931,283,1297
2021-03-25,28,0,9,19,7539,5940,283,1316
2021-03-26,14,0,0,14,7553,5940,283,1330
2021-03-27,28,3,5,20,7581,5945,286,1350
2021-03-28,5,0,0,5,7586,5945,286,1355
2021-03-29,28,2,8,18,7614,5953,288,1373
2021-03-30,45,2,62,-19,7659,6015,290,1354
2021-03-31,34,0,10,24,7693,6025,290,1378
2021-04-01,9,2,2,5,7702,6027,292,1383
2021-04-02,15,0,8,7,7717,6035,292,1390
2021-04-03,15,0,0,15,7732,6035,292,1405
2021-04-04,15,1,0,14,7747,6035,293,1419
2021-04-05,26,1,0,25,7773,6035,294,1444
2021-04-06,5,1,1,3,7778,6036,295,1447
2021-04-07,21,0,10,11,7799,6046,295,1458
2021-04-08,37,1,4,32,7836,6050,296,1490
2021-04-09,18,0,0,18,7854,6050,296,1508
2021-04-10,11,0,18,-7,7865,6068,296,1501
2021-04-11,16,0,3,13,7881,6071,296,1514
2021-04-12,25,0,0,25,7906,6071,296,1539
2021-04-13,5,0,40,-35,7911,6111,296,1504
2021-04-14,19,0,4,15,7930,6115,296,1519
2021-04-15,26,0,0,26,7956,6115,296,1545
2021-04-16,70,0,3,67,8026,6118,296,1612
2021-04-17,27,3,21,3,8053,6139,299,1615
2021-04-18,0,0,1,-1,8053,6140,299,1614
2021-04-19,42,0,4,38,8095,6144,299,1652
2021-04-20,16,0,0,16,8111,6144,299,1668
2021-04-21,37,0,14,23,8148,6158,299,1691
2021-04-22,14,1,0,13,8162,6158,300,1704
2021-04-23,1,0,10,-9,8163,6168,300,1695
2021-04-24,0,1,0,-1,8163,6168,301,1694
2021-04-25,3,0,0,3,8166,6168,301,1697
2021-04-26,43,0,8,35,8209,6176,301,1732
2021-04-27,46,1,5,40,8255,6181,302,1772
2021-04-28,39,1,42,-4,8294,6223,303,1768
2021-04-29,29,8,50,-29,8323,6273,311,1739
2021-04-30,52,0,26,26,8375,6299,311,1765
2021-05-01,17,0,27,-10,8392,6326,311,1755
2021-05-02,24,1,6,17,8416,6332,312,1772
2021-05-03,107,2,25,80,8523,6357,314,1852
2021-05-04,23,5,22,-4,8546,6379,319,1848
2021-05-05,20,10,0,10,8566,6379,329,1858
2021-05-06,14,0,14,0,8580,6393,329,1858
2021-05-07,24,1,8,15,8604,6401,330,1873
2021-05-08,17,0,1,16,8621,6402,330,1889
2021-05-09,0,0,1,-1,8621,6403,330,1888
2021-05-10,22,1,2,19,8643,6405,331,1907
2021-05-11,10,2,10,-2,8653,6415,333,1905
2021-05-12,16,0,0,16,8669,6415,333,1921
2021-05-13,2,0,0,2,8671,6415,333,1923
2021-05-14,11,0,6,5,8682,6421,333,1928
2021-05-15,2,0,0,2,8684,6421,333,1930
2021-05-16,16,0,1,15,8700,6422,333,1945
2021-05-17,10,0,0,10,8710,6422,333,1955
2021-05-18,42,1,42,-1,8752,6464,334,1954
2021-05-19,44,1,5,38,8796,6469,335,1992
2021-05-20,11,1,9,1,8807,6478,336,1993
2021-05-21,32,3,3,26,8839,6481,339,2019
2021-05-22,24,0,17,7,8863,6498,339,2026
2021-05-23,23,0,0,23,8886,6498,339,2049
2021-05-24,20,0,7,13,8906,6505,339,2062
2021-05-25,14,0,3,11,8920,6508,339,2073
2021-05-26,19,4,0,15,8939,6508,343,2088
2021-05-27,10,1,2,7,8949,6510,344,2095
2021-05-28,358,1,402,-45,9307,6912,345,2050
2021-05-29,35,1,8,26,9342,6920,346,2076
2021-05-30,60,9,79,-28,9402,6999,355,2048
2021-05-31,204,7,87,110,9606,7086,362,2158
2021-06-01,65,4,86,-25,9671,7172,366,2133
2021-06-02,97,6,145,-54,9768,7317,372,2079
2021-06-03,52,2,52,-2,9820,7369,374,2077
2021-06-04,63,4,45,14,9883,7414,378,2091
2021-06-05,25,3,35,-13,9908,7449,381,2078
2021-06-06,17,4,1,12,9925,7450,385,2090
2021-06-07,45,5,84,-44,9970,7534,390,2046
2021-06-08,61,2,48,11,10031,7582,392,2057
2021-06-09,40,0,21,19,10071,7603,392,2076
2021-06-10,32,3,26,3,10103,7629,395,2079
2021-06-11,15,0,45,-30,10118,7674,395,2049
2021-06-12,12,0,17,-5,10130,7691,395,2044
2021-06-13,8,0,5,3,10138,7696,395,2047
2021-06-14,6,0,14,-8,10144,7710,395,2039
2021-06-15,35,1,160,-126,10179,7870,396,1913
2021-06-16,5,0,30,-25,10184,7900,396,1888
2021-06-17,16,0,294,-278,10200,8194,396,1610
2021-06-18,19,0,165,-146,10219,8359,396,1464
2021-06-19,33,0,16,17,10252,8375,396,1481
2021-06-20,10,0,65,-55,10262,8440,396,1426
2021-06-21,17,0,24,-7,10279,8464,396,1419
2021-06-22,7,0,34,-27,10286,8498,396,1392
2021-06-23,16,1,56,-41,10302,8554,397,1351
2021-06-24,7,0,26,-19,10309,8580,397,1332
2021-06-25,6,0,28,-22,10315,8608,397,1310
2021-06-26,5,10,46,-51,10320,8654,407,1259
2021-06-27,14,0,28,-14,10334,8682,407,1245
2021-06-28,32,0,102,-70,10366,8784,407,1175
2021-06-29,66,0,57,9,10432,8841,407,1184
2021-06-30,7,0,79,-72,10439,8920,407,1112
2021-07-01,114,0,41,73,10553,8961,407,1185
2021-07-02,21,0,67,-46,10574,9028,407,1139
2021-07-03,19,0,11,8,10593,9039,407,1147
2021-07-04,7,0,7,0,10600,9046,407,1147
2021-07-05,53,1,59,-7,10653,9105,408,1140
2021-07-06,94,1,62,31,10747,9167,409,1171
2021-07-07,41,0,10,31,10788,9177,409,1202
2021-07-08,17,1,16,0,10805,9193,410,1202
2021-07-09,7,0,3,4,10812,9196,410,1206
2021-07-10,164,0,55,109,10976,9251,410,1315
2021-07-11,401,0,43,358,11377,9294,410,1673
2021-07-12,174,1,227,-54,11551,9521,411,1619
2021-07-13,310,4,501,-195,11861,10022,415,1424
2021-07-14,192,7,86,99,12053,10108,422,1523
2021-07-15,296,4,88,204,12349,10196,426,1727
2021-07-16,194,2,161,31,12543,10357,428,1758
2021-07-17,301,6,171,124,12844,10528,434,1882
2021-07-18,277,2,164,111,13121,10692,436,1993
2021-07-19,188,1,253,-66,13309,10945,437,1927
2021-07-20,267,2,72,193,13576,11017,439,2120
2021-07-21,165,4,185,-24,13741,11202,443,2096
2021-07-22,302,4,247,51,14043,11449,447,2147
2021-07-23,240,0,178,62,14283,11627,447,2209
2021-07-24,93,0,260,-167,14376,11887,447,2042
2021-07-25,103,0,199,-96,14479,12086,447,1946
2021-07-26,107,2,294,-189,14586,12380,449,1757
2021-07-27,159,2,226,-69,14745,12606,451,1688
2021-07-28,227,4,237,-14,14972,12843,455,1674
2021-07-29,263,2,257,4,15235,13100,457,1678
2021-07-30,273,3,295,-25,15508,13395,460,1653
2021-07-31,324,2,216,106,15832,13611,462,1759
2021-08-01,206,2,226,-22,16038,13837,464,1737
2021-08-02,121,1,226,-106,16159,14063,465,1631
2021-08-03,198,4,300,-106,16357,14363,469,1525
2021-08-04,204,4,216,-16,16561,14579,473,1509
2021-08-05,170,0,210,-40,16731,14789,473,1469
2021-08-06,174,4,174,-4,16905,14963,477,1465
2021-08-07,222,3,272,-53,17127,15235,480,1412
2021-08-08,175,4,190,-19,17302,15425,484,1393
2021-08-09,230,3,231,-4,17532,15656,487,1389
2021-08-10,181,4,237,-60,17713,15893,491,1329
2021-08-11,177,3,148,26,17890,16041,494,1355
2021-08-12,159,5,112,42,18049,16153,499,1397
2021-08-13,309,6,211,92,18358,16364,505,1489
2021-08-14,190,5,179,6,18548,16543,510,1495
2021-08-15,174,7,208,-41,18722,16751,517,1454
2021-08-16,200,4,248,-52,18922,16999,521,1402
2021-08-17,165,3,212,-50,19087,17211,524,1352
2021-08-18,107,5,203,-101,19194,17414,529,1251
2021-08-19,178,5,133,40,19372,17547,534,1291
2021-08-20,152,6,133,13,19524,17680,540,1304
2021-08-21,100,4,132,-36,19624,17812,544,1268
2021-08-22,160,4,208,-52,19784,18020,548,1216
2021-08-23,121,10,183,-72,19905,18203,558,1144
2021-08-24,157,6,160,-9,20062,18363,564,1135
2021-08-25,162,7,205,-50,20224,18568,571,1085
2021-08-26,116,1,180,-65,20340,18748,572,1020
2021-08-27,155,4,145,6,20495,18893,576,1026
2021-08-28,63,2,149,-88,20558,19042,578,938
2021-08-29,59,1,92,-34,20617,19134,579,904
2021-08-30,65,4,97,-36,20682,19231,583,868
2021-08-31,94,6,119,-31,20776,19350,589,837
2021-09-01,98,4,110,-16,20874,19460,593,821
2021-09-02,86,2,109,-25,20960,19569,595,796
2021-09-03,79,2,102,-25,21039,19671,597,771
2021-09-04,64,3,73,-12,21103,19744,600,759
2021-09-05,58,1,75,-18,21161,19819,601,741
2021-09-06,35,5,88,-58,21196,19907,606,683
2021-09-07,71,4,94,-27,21267,20001,610,656
2021-09-08,61,2,70,-11,21328,20071,612,645
2021-09-09,59,5,97,-43,21387,20168,617,602
2021-09-10,63,1,101,-39,21450,20269,618,563
2021-09-11,57,3,85,-31,21507,20354,621,532
2021-09-12,47,3,81,-37,21554,20435,624,495
2021-09-13,18,4,49,-35,21572,20484,628,460
2021-09-14,43,6,79,-42,21615,20563,634,418
2021-09-15,38,2,73,-37,21653,20636,636,381
2021-09-16,28,1,55,-28,21681,20691,637,353
2021-09-17,39,3,51,-15,21720,20742,640,338
2021-09-18,41,1,37,3,21761,20779,641,341
2021-09-19,26,0,33,-7,21787,20812,641,334
2021-09-20,11,1,31,-21,21798,20843,642,313
2021-09-21,24,4,42,-22,21822,20885,646,291
2021-09-22,31,1,31,-1,21853,20916,647,290
2021-09-23,37,0,46,-9,21890,20962,647,281
2021-09-24,21,1,30,-10,21911,20992,648,271
2021-09-25,16,0,19,-3,21927,21011,648,268
2021-09-26,13,0,26,-13,21940,21037,648,255
2021-09-27,10,0,23,-13,21950,21060,648,242
2021-09-28,29,2,38,-11,21979,21098,650,231
2021-09-29,19,2,13,4,21998,21111,652,235
2021-09-30,19,0,20,-1,22017,21131,652,234
2021-10-01,21,1,23,-3,22038,21154,653,231
2021-10-02,19,0,19,0,22057,21173,653,231
2021-10-03,6,0,22,-16,22063,21195,653,215
2021-10-04,10,2,19,-11,22073,21214,655,204
2021-10-05,10,1,17,-8,22083,21231,656,196
2021-10-06,10,2,12,-4,22093,21243,658,192
2021-10-07,11,0,9,2,22104,21252,658,194
2021-10-08,6,0,10,-4,22110,21262,658,190
2021-10-09,11,1,24,-14,22121,21286,659,176
2021-10-10,6,0,20,-14,22127,21306,659,162
2021-10-11,12,2,24,-14,22139,21330,661,148
2021-10-12,9,0,8,1,22148,21338,661,149
2021-10-13,9,0,21,-12,22157,21359,661,137
2021-10-14,6,1,1,4,22163,21360,662,141
2021-10-15,9,0,7,2,22172,21367,662,143
2021-10-16,11,0,6,5,22183,21373,662,148
2021-10-17,9,0,3,6,22192,21376,662,154
2021-10-18,0,0,1,-1,22192,21377,662,153
2021-10-19,8,1,8,-1,22200,21385,663,152
2021-10-20,11,0,3,8,22211,21388,663,160
2021-10-21,6,0,9,-3,22217,21397,663,157
2021-10-22,4,0,12,-8,22221,21409,663,149
2021-10-23,5,0,1,4,22226,21410,663,153
2021-10-24,3,0,6,-3,22229,21416,663,150
2021-10-25,4,0,34,-30,22233,21450,663,120
2021-10-26,0,0,20,-20,22233,21470,663,100
2021-10-27,6,0,7,-1,22239,21477,663,99
2021-10-28,8,0,4,4,22247,21481,663,103
2021-10-29,3,0,9,-6,22250,21490,663,97
2021-10-30,2,1,6,-5,22252,21496,664,92
2021-10-31,1,0,7,-6,22253,21503,664,86
2021-11-01,1,0,4,-3,22254,21507,664,83
2021-11-02,6,0,2,4,22260,21509,664,87
2021-11-03,1,0,4,-3,22261,21513,664,84
2021-11-04,1,0,6,-5,22262,21519,664,79
2021-11-05,1,0,1,0,22263,21520,664,79
2021-11-06,2,0,2,0,22265,21522,664,79
2021-11-07,3,0,2,1,22268,21524,664,80
2021-11-08,1,1,7,-7,22269,21531,665,73
2021-11-09,1,0,0,1,22270,21531,665,74
2021-11-10,2,0,0,2,22272,21531,665,76
2021-11-11,1,0,3,-2,22273,21534,665,74
2021-11-12,4,0,9,-5,22277,21543,665,69
2021-11-13,2,0,0,2,22279,21543,665,71
2021-11-14,3,0,4,-1,22282,21547,665,70
2021-11-15,1,0,2,-1,22283,21549,665,69
2021-11-16,0,0,1,-1,22283,21550,665,68
2021-11-17,0,0,1,-1,22283,21551,665,67
2021-11-18,1,0,0,1,22284,21551,665,68
2021-11-19,5,0,0,5,22289,21551,665,73
2021-11-20,0,1,5,-6,22289,21556,666,67
2021-11-21,1,0,0,1,22290,21556,666,68
2021-11-22,4,0,4,0,22294,21560,666,68
2021-11-23,1,0,1,0,22295,21561,666,68
2021-11-24,1,0,2,-1,22296,21563,666,67
2021-11-25,2,0,0,2,22298,21563,666,69
2021-11-26,0,0,0,0,22298,21563,666,69
2021-11-27,2,0,0,2,22300,21563,666,71
2021-11-28,1,0,0,1,22301,21563,666,72
2021-11-29,0,0,1,-1,22301,21564,666,71
2021-11-30,0,0,1,-1,22301,21565,666,70
2021-12-01,1,0,0,1,22302,21565,666,71
2021-12-02,1,0,0,1,22303,21565,666,72
2021-12-03,2,0,2,0,22305,21567,666,72
2021-12-04,0,0,1,-1,22305,21568,666,71
2021-12-05,1,0,0,1,22306,21568,666,72
2021-12-06,0,0,10,-10,22306,21578,666,62
2021-12-07,1,0,0,1,22307,21578,666,63
2021-12-08,2,0,2,0,22309,21580,666,63
2021-12-09,1,0,1,0,22310,21581,666,63
2021-12-10,1,0,2,-1,22311,21583,666,62
2021-12-11,0,0,0,0,22311,21583,666,62
2021-12-12,0,0,0,0,22311,21583,666,62
2021-12-13,0,0,3,-3,22311,21586,666,59
2021-12-14,1,0,0,1,22312,21586,666,60
2021-12-15,2,0,0,2,22314,21586,666,62
2021-12-16,3,0,0,3,22317,21586,666,65
2021-12-17,0,0,1,-1,22317,21587,666,64
2021-12-18,0,0,0,0,22317,21587,666,64
2021-12-19,1,0,0,1,22318,21587,666,65
2021-12-20,0,0,1,-1,22318,21588,666,64
2021-12-21,0,1,1,-2,22318,21589,667,62
2021-12-22,1,0,4,-3,22319,21593,667,59
2021-12-23,1,0,4,-3,22320,21597,667,56
2021-12-24,3,0,0,3,22323,21597,667,59
2021-12-25,0,0,0,0,22323,21597,667,59
2021-12-26,0,1,4,-5,22323,21601,668,54
2021-12-27,1,0,1,0,22324,21602,668,54
2021-12-28,3,0,0,3,22327,21602,668,57
2021-12-29,1,0,0,1,22328,21602,668,58
2021-12-30,1,1,1,-1,22329,21603,669,57
2021-12-31,0,0,2,-2,22329,21605,669,55
2022-01-01,1,0,1,0,22330,21606,669,55
2022-01-02,1,0,0,1,22331,21606,669,56
2022-01-03,0,0,1,-1,22331,21607,669,55
2022-01-04,0,0,0,0,22331,21607,669,55
2022-01-05,0,0,2,-2,22331,21609,669,53
2022-01-06,1,0,0,1,22332,21609,669,54
2022-01-07,1,0,0,1,22333,21609,669,55
2022-01-08,0,0,1,-1,22333,21610,669,54
2022-01-09,0,0,1,-1,22333,21611,669,53
2022-01-10,0,0,3,-3,22333,21614,669,50
2022-01-11,0,0,0,0,22333,21614,669,50
2022-01-12,3,0,0,3,22336,21614,669,53
2022-01-13,0,0,0,0,22336,21614,669,53
2022-01-14,3,0,0,3,22339,21614,669,56
2022-01-15,1,0,0,1,22340,21614,669,57
2022-01-16,2,0,0,2,22342,21614,669,59
2022-01-17,7,1,0,6,22349,21614,670,65
2022-01-18,4,0,1,3,22353,21615,670,68
2022-01-19,0,0,0,0,22353,21615,670,68
2022-01-20,3,0,0,3,22356,21615,670,71
2022-01-21,0,0,2,-2,22356,21617,670,69
2022-01-22,1,0,0,1,22357,21617,670,70
2022-01-23,1,0,0,1,22358,21617,670,71
2022-01-24,3,0,2,1,22361,21619,670,72
2022-01-25,1,0,1,0,22362,21620,670,72
2022-01-26,4,0,2,2,22366,21622,670,74
2022-01-27,5,0,2,3,22371,21624,670,77
2022-01-28,1,0,3,-2,22372,21627,670,75
2022-01-29,7,0,1,6,22379,21628,670,81
2022-01-30,15,1,2,12,22394,21630,671,93
2022-01-31,8,2,5,1,22402,21635,673,94
2022-02-01,29,0,2,27,22431,21637,673,121
2022-02-02,29,0,5,24,22460,21642,673,145
2022-02-03,50,0,6,44,22510,21648,673,189
2022-02-04,69,0,6,63,22579,21654,673,252
2022-02-05,99,0,5,94,22678,21659,673,346
2022-02-06,156,0,1,155,22834,21660,673,501
2022-02-07,147,0,5,142,22981,21665,673,643
2022-02-08,303,1,15,287,23284,21680,674,930
2022-02-09,440,0,10,430,23724,21690,674,1360
2022-02-10,348,1,20,327,24072,21710,675,1687
2022-02-11,329,1,22,306,24401,21732,676,1993
2022-02-12,378,1,26,351,24779,21758,677,2344
2022-02-13,370,0,44,326,25149,21802,677,2670
2022-02-14,214,0,60,154,25363,21862,677,2824
2022-02-15,418,0,103,315,25781,21965,677,3139
2022-02-16,401,2,142,257,26182,22107,679,3396
2022-02-17,328,4,271,53,26510,22378,683,3449
2022-02-18,224,4,286,-66,26734,22664,687,3383
2022-02-19,261,0,258,3,26995,22922,687,3386
2022-02-20,220,0,220,0,27215,23142,687,3386
2022-02-21,102,3,315,-216,27317,23457,690,3170
2022-02-22,217,2,431,-216,27534,23888,692,2954
2022-02-23,183,4,261,-82,27717,24149,696,2872
2022-02-24,120,3,235,-118,27837,24384,699,2754
2022-02-25,161,2,190,-31,27998,24574,701,2723
2022-02-26,136,2,203,-69,28134,24777,703,2654
2022-02-27,65,0,255,-190,28199,25032,703,2464
2022-02-28,34,0,213,-179,28233,25245,703,2285
2022-03-01,46,4,432,-390,28279,25677,707,1895
2022-03-02,77,3,273,-199,28356,25950,710,1696
2022-03-03,93,2,203,-112,28449,26153,712,1584
2022-03-04,54,2,61,-9,28503,26214,714,1575
2022-03-05,41,0,201,-160,28544,26415,714,1415
2022-03-06,65,2,95,-32,28609,26510,716,1383
2022-03-07,49,0,181,-132,28658,26691,716,1251
2022-03-08,39,1,155,-117,28697,26846,717,1134
2022-03-09,32,0,136,-104,28729,26982,717,1030
2022-03-10,17,0,128,-111,28746,27110,717,919
2022-03-11,15,0,156,-141,28761,27266,717,778
2022-03-12,14,0,29,-15,28775,27295,717,763
2022-03-13,11,0,120,-109,28786,27415,717,654
2022-03-14,9,1,198,-190,28795,27613,718,464
2022-03-15,5,4,19,-18,28800,27632,722,446
2022-03-16,4,1,34,-31,28804,27666,723,415
2022-03-17,6,0,52,-46,28810,27718,723,369
2022-03-18,5,1,83,-79,28815,27801,724,290
2022-03-19,1,0,7,-6,28816,27808,724,284
2022-03-20,5,0,44,-39,28821,27852,724,245
2022-03-21,1,0,18,-17,28822,27870,724,228
2022-03-22,7,0,6,1,28829,27876,724,229
2022-03-23,4,2,16,-14,28833,27892,726,215
2022-03-24,2,0,4,-2,28835,27896,726,213
2022-03-25,1,2,0,-1,28836,27896,728,212
2022-03-26,4,0,14,-10,28840,27910,728,202
2022-03-27,9,1,25,-17,28849,27935,729,185
2022-03-28,4,0,3,1,28853,27938,729,186
2022-03-29,4,0,2,2,28857,27940,729,188
2022-03-30,2,0,11,-9,28859,27951,729,179
2022-03-31,4,1,7,-4,28863,27958,730,175
2022-04-01,1,0,1,0,28864,27959,730,175
2022-04-02,3,0,2,1,28867,27961,730,176
2022-04-03,1,0,1,0,28868,27962,730,176
2022-04-04,2,1,11,-10,28870,27973,731,166
2022-04-05,4,0,4,0,28874,27977,731,166
2022-04-06,2,0,2,0,28876,27979,731,166
2022-04-07,6,0,1,5,28882,27980,731,171
2022-04-08,2,0,5,-3,28884,27985,731,168
2022-04-09,3,0,1,2,28887,27986,731,170
2022-04-10,0,0,0,0,28887,27986,731,170
2022-04-11,0,0,4,-4,28887,27990,731,166
2022-04-12,3,0,12,-9,28890,28002,731,157
2022-04-13,3,0,6,-3,28893,28008,731,154
2022-04-14,1,0,0,1,28894,28008,731,155
2022-04-15,0,0,0,0,28894,28008,731,155
2022-04-16,0,0,4,-4,28894,28012,731,151
2022-04-17,3,0,0,3,28897,28012,731,154
2022-04-18,0,0,7,-7,28897,28019,731,147
2022-04-19,2,0,2,0,28899,28021,731,147
2022-04-20,0,0,0,0,28899,28021,731,147
2022-04-21,4,0,4,0,28903,28025,731,147
2022-04-22,5,0,0,5,28908,28025,731,152
2022-04-23,0,0,3,-3,28908,28028,731,149
2022-04-24,0,0,0,0,28908,28028,731,149
2022-04-25,0,1,1,-2,28908,28029,732,147
2022-04-26,1,0,8,-7,28909,28037,732,140
2022-04-27,0,1,1,-2,28909,28038,733,138
2022-04-28,2,0,0,2,28911,28038,733,140
2022-04-29,1,0,0,1,28912,28038,733,141
2022-04-30,0,0,0,0,28912,28038,733,141
2022-05-01,0,0,0,0,28912,28038,733,141
2022-05-02,0,0,0,0,28912,28038,733,141
2022-05-03,0,0,4,-4,28912,28042,733,137
2022-05-04,0,0,0,0,28912,28042,733,137
2022-05-05,1,0,1,0,28913,28043,733,137
2022-05-06,1,0,2,-1,28914,28045,733,136
2022-05-07,0,0,0,0,28914,28045,733,136
2022-05-08,1,0,2,-1,28915,28047,733,135
2022-05-09,0,0,3,-3,28915,28050,733,132
2022-05-10,0,1,0,-1,28915,28050,734,131
2022-05-11,2,0,0,2,28917,28050,734,133
2022-05-12,0,0,2,-2,28917,28052,734,131
2022-05-13,0,0,0,0,28917,28052,734,131
2022-05-14,0,0,0,0,28917,28052,734,131
2022-05-15,1,0,0,1,28918,28052,734,132
2022-05-16,1,0,0,1,28919,28052,734,133
2022-05-17,0,0,2,-2,28919,28054,734,131
2022-05-18,1,0,1,0,28920,28055,734,131
2022-05-19,1,0,1,0,28921,28056,734,131
2022-05-20,0,0,0,0,28921,28056,734,131
2022-05-21,0,0,0,0,28921,28056,734,131
2022-05-22,2,0,0,2,28923,28056,734,133
2022-05-23,0,0,0,0,28923,28056,734,133
2022-05-24,1,0,0,1,28924,28056,734,134
2022-05-25,0,0,0,0,28924,28056,734,134
2022-05-26,0,0,0,0,28924,28056,734,134
2022-05-27,0,0,0,0,28924,28056,734,134
2022-05-28,1,0,0,1,28925,28056,734,135
2022-05-29,0,0,0,0,28925,28056,734,135
2022-05-30,0,0,4,-4,28925,28060,734,131
2022-05-31,0,0,0,0,28925,28060,734,131
2022-06-01,0,0,0,0,28925,28060,734,131
2022-06-02,0,0,1,-1,28925,28061,734,130
2022-06-03,6,0,0,6,28931,28061,734,136
2022-06-04,0,0,1,-1,28931,28062,734,135
2022-06-05,0,0,0,0,28931,28062,734,135
2022-06-06,0,0,0,0,28931,28062,734,135
2022-06-07,0,0,6,-6,28931,28068,734,129
2022-06-08,0,0,0,0,28931,28068,734,129
2022-06-09,0,0,0,0,28931,28068,734,129
2022-06-10,1,0,0,1,28932,28068,734,130
2022-06-11,0,0,33,-33,28932,28101,734,97
2022-06-12,0,0,96,-96,28932,28197,734,1
2022-06-13,3,0,0,3,28935,28197,734,4
2022-06-14,2,0,0,2,28937,28197,734,6
2022-06-15,0,0,0,0,28937,28197,734,6
2022-06-16,1,0,0,1,28938,28197,734,7
2022-06-17,0,0,0,0,28938,28197,734,7
2022-06-18,7,0,0,7,28945,28197,734,14
2022-06-19,1,0,0,1,28946,28197,734,15
2022-06-20,0,0,1,-1,28946,28198,734,14
2022-06-21,2,0,0,2,28948,28198,734,16
2022-06-22,0,0,0,0,28948,28198,734,16
2022-06-23,2,0,5,-3,28950,28203,734,13
2022-06-24,3,0,1,2,28953,28204,734,15
2022-06-25,0,0,4,-4,28953,28208,734,11
2022-06-26,1,0,0,1,28954,28208,734,12
2022-06-27,0,0,1,-1,28954,28209,734,11
2022-06-28,1,0,1,0,28955,28210,734,11
2022-06-29,4,0,0,4,28959,28210,734,15
2022-06-30,1,0,1,0,28960,28211,734,15
2022-07-01,0,0,0,0,28960,28211,734,15
2022-07-02,1,0,0,1,28961,28211,734,16
2022-07-03,0,0,1,-1,28961,28212,734,15
2022-07-04,1,0,0,1,28962,28212,734,16
2022-07-05,0,0,2,-2,28962,28214,734,14
2022-07-06,0,0,0,0,28962,28214,734,14
2022-07-07,0,0,0,0,28962,28214,734,14
2022-07-08,1,0,8,-7,28963,28222,734,7
2022-07-09,1,0,0,1,28964,28222,734,8
2022-07-10,3,0,0,3,28967,28222,734,11
2022-07-11,0,0,0,0,28967,28222,734,11
2022-07-12,0,0,1,-1,28967,28223,734,10
2022-07-13,2,0,0,2,28969,28223,734,12
2022-07-14,1,0,0,1,28970,28223,734,13
2022-07-15,0,0,0,0,28970,28223,734,13
2022-07-16,3,0,0,3,28973,28223,734,16
2022-07-17,1,0,1,0,28974,28224,734,16
2022-07-18,0,0,7,-7,28974,28231,734,9
2022-07-19,3,0,0,3,28977,28231,734,12
2022-07-20,0,0,0,0,28977,28231,734,12
2022-07-21,2,0,0,2,28979,28231,734,14
2022-07-22,3,0,1,2,28982,28232,734,16
2022-07-23,0,0,0,0,28982,28232,734,16
2022-07-24,0,0,0,0,28982,28232,734,16
2022-07-25,0,0,1,-1,28982,28233,734,15
2022-07-26,1,0,2,-1,28983,28235,734,14
2022-07-27,3,0,4,-1,28986,28239,734,13
2022-07-28,1,0,3,-2,28987,28242,734,11
2022-07-29,3,0,0,3,28990,28242,734,14
2022-07-30,3,0,0,3,28993,28242,734,17
2022-07-31,2,0,2,0,28995,28244,734,17
2022-08-01,0,0,0,0,28995,28244,734,17
2022-08-02,0,0,4,-4,28995,28248,734,13
2022-08-03,5,0,1,4,29000,28249,734,17
2022-08-04,4,0,0,4,29004,28249,734,21
2022-08-05,1,0,0,1,29005,28249,734,22
2022-08-06,1,0,0,1,29006,28249,734,23
2022-08-07,1,0,0,1,29007,28249,734,24
2022-08-08,1,0,2,-1,29008,28251,734,23
2022-08-09,4,0,0,4,29012,28251,734,27
2022-08-10,0,0,8,-8,29012,28259,734,19
2022-08-11,2,0,0,2,29014,28259,734,21
2022-08-12,2,0,1,1,29016,28260,734,22
2022-08-13,3,0,0,3,29019,28260,734,25
2022-08-14,1,0,0,1,29020,28260,734,26
2022-08-15,1,0,5,-4,29021,28265,734,22
2022-08-16,7,0,2,5,29028,28267,734,27
2022-08-17,3,0,0,3,29031,28267,734,30
2022-08-18,2,0,0,2,29033,28267,734,32
2022-08-19,4,0,7,-3,29037,28274,734,29
2022-08-20,1,0,4,-3,29038,28278,734,26
2022-08-21,1,0,0,1,29039,28278,734,27
2022-08-22,1,0,0,1,29040,28278,734,28
2022-08-23,1,0,1,0,29041,28279,734,28
2022-08-24,3,0,0,3,29044,28279,734,31
2022-08-25,1,0,1,0,29045,28280,734,31
2022-08-26,2,0,0,2,29047,28280,734,33
2022-08-27,0,0,0,0,29047,28280,734,33
2022-08-28,2,0,0,2,29049,28280,734,35
2022-08-29,0,0,16,-16,29049,28296,734,19
2022-08-30,0,0,0,0,29049,28296,734,19
2022-08-31,2,0,4,-2,29051,28300,734,17
2022-09-01,2,1,7,-6,29053,28307,735,11
2022-09-02,0,0,0,0,29053,28307,735,11
2022-09-03,3,0,0,3,29056,28307,735,14
2022-09-04,1,0,0,1,29057,28307,735,15
2022-09-05,1,0,5,-4,29058,28312,735,11
2022-09-06,1,0,0,1,29059,28312,735,12
2022-09-07,0,0,2,-2,29059,28314,735,10
2022-09-08,1,0,0,1,29060,28314,735,11
2022-09-09,0,0,1,-1,29060,28315,735,10
2022-09-10,1,0,0,1,29061,28315,735,11
2022-09-11,1,0,0,1,29062,28315,735,12
2022-09-12,1,0,2,-1,29063,28317,735,11
2022-09-13,1,0,1,0,29064,28318,735,11
2022-09-14,1,0,4,-3,29065,28322,735,8
2022-09-15,2,0,1,1,29067,28323,735,9
2022-09-16,3,0,0,3,29070,28323,735,12
2022-09-17,1,0,0,1,29071,28323,735,13
2022-09-18,2,0,0,2,29073,28323,735,15
2022-09-19,0,0,4,-4,29073,28327,735,11
2022-09-20,1,0,0,1,29074,28327,735,12
2022-09-21,2,0,0,2,29076,28327,735,14
2022-09-22,0,0,1,-1,29076,28328,735,13
2022-09-23,1,0,3,-2,29077,28331,735,11
2022-09-24,0,0,0,0,29077,28331,735,11
2022-09-25,2,0,0,2,29079,28331,735,13
2022-09-26,2,0,0,2,29081,28331,735,15
2022-09-27,0,0,0,0,29081,28331,735,15
2022-09-28,1,0,0,1,29082,28331,735,16
2022-09-29,2,0,0,2,29084,28331,735,18
2022-09-30,3,0,0,3,29087,28331,735,21
