tanggal,KASUS,MENINGGAL,SEMBUH,DIRAWAT_OR_ISOLASI,AKUMULASI_KASUS,AKUMULASI_SEMBUH,AKUMULASI_MENINGGAL,AKUMULASI_DIRAWAT_OR_ISOLASI
2020-03-22,1,0,0,1,1,0,0,1
2020-03-23,0,0,0,0,1,0,0,1
2020-03-24,0,0,0,0,1,0,0,1
2020-03-25,0,0,0,0,1,0,0,1
2020-03-26,4,0,0,4,5,0,0,5
2020-03-27,0,0,0,0,5,0,0,5
2020-03-28,0,0,0,0,5,0,0,5
2020-03-29,2,0,0,2,7,0,0,7
2020-03-30,0,0,0,0,7,0,0,7
2020-03-31,1,0,0,1,8,0,0,8
2020-04-01,0,0,1,-1,8,1,0,7
2020-04-02,0,0,1,-1,8,2,0,6
2020-04-03,5,1,0,4,13,2,1,10
2020-04-04,2,0,1,1,15,3,1,11
2020-04-05,7,0,0,7,22,3,1,18
2020-04-06,0,1,0,-1,22,3,2,17
2020-04-07,0,1,0,-1,22,3,3,16
2020-04-08,9,0,0,9,31,3,3,25
2020-04-09,0,0,0,0,31,3,3,25
2020-04-10,0,0,1,-1,31,4,3,24
2020-04-11,19,0,2,17,50,6,3,41
2020-04-12,1,0,2,-1,51,8,3,40
2020-04-13,6,0,0,6,57,8,3,46
2020-04-14,0,0,0,0,57,8,3,46
2020-04-15,6,0,0,6,63,8,3,52
2020-04-16,6,2,4,0,69,12,5,52
2020-04-17,8,0,0,8,77,12,5,60
2020-04-18,4,0,0,4,81,12,5,64
2020-04-19,11,0,0,11,92,12,5,75
2020-04-20,0,0,12,-12,92,24,5,63
2020-04-21,10,0,4,6,102,28,5,69
2020-04-22,5,0,0,5,107,28,5,74
2020-04-23,6,0,0,6,113,28,5,80
2020-04-24,4,0,0,4,117,28,5,84
2020-04-25,0,0,0,0,117,28,5,84
2020-04-26,4,0,0,4,121,28,5,88
2020-04-27,9,0,0,9,130,28,5,97
2020-04-28,19,0,13,6,149,41,5,103
2020-04-29,10,0,0,10,159,41,5,113
2020-04-30,14,0,0,14,173,41,5,127
2020-05-01,4,0,1,3,177,42,5,130
2020-05-02,22,0,0,22,199,42,5,152
2020-05-03,0,0,0,0,199,42,5,152
2020-05-04,0,0,0,0,199,42,5,152
2020-05-05,6,0,0,6,205,42,5,158
2020-05-06,0,0,0,0,205,42,5,158
2020-05-07,3,0,0,3,208,42,5,161
2020-05-08,8,0,0,8,216,42,5,169
2020-05-09,9,0,0,9,225,42,5,178
2020-05-10,26,0,0,26,251,42,5,204
2020-05-11,0,0,0,0,251,42,5,204
2020-05-12,12,0,0,12,263,42,5,216
2020-05-13,3,0,0,3,266,42,5,219
2020-05-14,3,0,0,3,269,42,5,222
2020-05-15,2,0,0,2,271,42,5,224
2020-05-16,10,0,0,10,281,42,5,234
2020-05-17,25,0,0,25,306,42,5,259
2020-05-18,0,0,0,0,306,42,5,259
2020-05-19,5,0,0,5,311,42,5,264
2020-05-20,17,0,0,17,328,42,5,281
2020-05-21,1,0,0,1,329,42,5,282
2020-05-22,21,0,0,21,350,42,5,303
2020-05-23,43,0,0,43,393,42,5,346
2020-05-24,44,0,0,44,437,42,5,390
2020-05-25,7,0,17,-10,444,59,5,380
2020-05-26,0,0,0,0,444,59,5,380
2020-05-27,12,0,0,12,456,59,5,392
2020-05-28,3,0,0,3,459,59,5,395
2020-05-29,45,0,0,45,504,59,5,440
2020-05-30,13,0,0,13,517,59,5,453
2020-05-31,14,0,0,14,531,59,5,467
2020-06-01,35,0,0,35,566,59,5,502
2020-06-02,81,1,9,71,647,68,6,573
2020-06-03,37,0,0,37,684,68,6,610
2020-06-04,15,0,0,15,699,68,6,625
2020-06-05,31,0,0,31,730,68,6,656
2020-06-06,68,0,0,68,798,68,6,724
2020-06-07,44,0,0,44,842,68,6,768
2020-06-08,15,0,0,15,857,68,6,783
2020-06-09,12,0,0,12,869,68,6,795
2020-06-10,22,0,0,22,891,68,6,817
2020-06-11,17,0,0,17,908,68,6,834
2020-06-12,27,0,0,27,935,68,6,861
2020-06-13,33,0,0,33,968,68,6,894
2020-06-14,9,0,41,-32,977,109,6,862
2020-06-15,0,0,48,-48,977,157,6,814
2020-06-16,27,0,85,-58,1004,242,6,756
2020-06-17,22,0,3,19,1026,245,6,775
2020-06-18,34,0,0,34,1060,245,6,809
2020-06-19,11,0,0,11,1071,245,6,820
2020-06-20,9,0,0,9,1080,245,6,829
2020-06-21,42,0,0,42,1122,245,6,871
2020-06-22,8,0,0,8,1130,245,6,879
2020-06-23,40,0,0,40,1170,245,6,919
2020-06-24,44,0,0,44,1214,245,6,963
2020-06-25,46,0,0,46,1260,245,6,1009
2020-06-26,10,0,0,10,1270,245,6,1019
2020-06-27,29,0,0,29,1299,245,6,1048
2020-06-28,20,0,267,-247,1319,512,6,801
2020-06-29,2,0,86,-84,1321,598,6,717
2020-06-30,45,7,89,-51,1366,687,13,666
2020-07-01,74,0,13,61,1440,700,13,727
2020-07-02,58,1,0,57,1498,700,14,784
2020-07-03,19,0,8,11,1517,708,14,795
2020-07-04,29,0,0,29,1546,708,14,824
2020-07-05,28,0,0,28,1574,708,14,852
2020-07-06,5,2,37,-34,1579,745,16,818
2020-07-07,24,1,30,-7,1603,775,17,811
2020-07-08,17,1,20,-4,1620,795,18,807
2020-07-09,22,0,46,-24,1642,841,18,783
2020-07-10,63,0,11,52,1705,852,18,835
2020-07-11,19,0,16,3,1724,868,18,838
2020-07-12,53,2,7,44,1777,875,20,882
2020-07-13,83,0,6,77,1860,881,20,959
2020-07-14,0,0,2,-2,1860,883,20,957
2020-07-15,56,3,47,6,1916,930,23,963
2020-07-16,46,1,5,40,1962,935,24,1003
2020-07-17,19,0,28,-9,1981,963,24,994
2020-07-18,45,0,10,35,2026,973,24,1029
2020-07-19,38,0,8,30,2064,981,24,1059
2020-07-20,36,0,9,27,2100,990,24,1086
2020-07-21,7,2,6,-1,2107,996,26,1085
2020-07-22,27,0,11,16,2134,1007,26,1101
2020-07-23,38,0,3,35,2172,1010,26,1136
2020-07-24,47,0,2,45,2219,1012,26,1181
2020-07-25,30,1,44,-15,2249,1056,27,1166
2020-07-26,45,0,6,39,2294,1062,27,1205
2020-07-27,47,0,12,35,2341,1074,27,1240
2020-07-28,17,0,8,9,2358,1082,27,1249
2020-07-29,23,0,14,9,2381,1096,27,1258
2020-07-30,28,0,10,18,2409,1106,27,1276
2020-07-31,33,0,0,33,2442,1106,27,1309
2020-08-01,23,0,0,23,2465,1106,27,1332
2020-08-02,23,0,18,5,2488,1124,27,1337
2020-08-03,0,0,0,0,2488,1124,27,1337
2020-08-04,37,0,37,0,2525,1161,27,1337
2020-08-05,9,0,19,-10,2534,1180,27,1327
2020-08-06,12,1,46,-35,2546,1226,28,1292
2020-08-07,22,0,175,-153,2568,1401,28,1139
2020-08-08,0,1,0,-1,2568,1401,29,1138
2020-08-09,30,0,87,-57,2598,1488,29,1081
2020-08-10,21,0,23,-2,2619,1511,29,1079
2020-08-11,1,0,41,-40,2620,1552,29,1039
2020-08-12,26,0,12,14,2646,1564,29,1053
2020-08-13,31,0,8,23,2677,1572,29,1076
2020-08-14,7,0,3,4,2684,1575,29,1080
2020-08-15,0,0,27,-27,2684,1602,29,1053
2020-08-16,64,0,18,46,2748,1620,29,1099
2020-08-17,10,0,4,6,2758,1624,29,1105
2020-08-18,0,0,0,0,2758,1624,29,1105
2020-08-19,21,2,5,14,2779,1629,31,1119
2020-08-20,52,4,53,-5,2831,1682,35,1114
2020-08-21,14,0,116,-102,2845,1798,35,1012
2020-08-22,21,0,27,-6,2866,1825,35,1006
2020-08-23,0,0,0,0,2866,1825,35,1006
2020-08-24,83,0,325,-242,2949,2150,35,764
2020-08-25,0,0,0,0,2949,2150,35,764
2020-08-26,36,0,281,-245,2985,2431,35,519
2020-08-27,23,0,12,11,3008,2443,35,530
2020-08-28,26,0,36,-10,3034,2479,35,520
2020-08-29,36,0,16,20,3070,2495,35,540
2020-08-30,25,1,2,22,3095,2497,36,562
2020-08-31,0,0,0,0,3095,2497,36,562
2020-09-01,53,1,21,31,3148,2518,37,593
2020-09-02,8,0,18,-10,3156,2536,37,583
2020-09-03,22,1,0,21,3178,2536,38,604
2020-09-04,63,0,14,49,3241,2550,38,653
2020-09-05,86,2,64,20,3327,2614,40,673
2020-09-06,0,0,0,0,3327,2614,40,673
2020-09-07,74,1,34,39,3401,2648,41,712
2020-09-08,14,0,21,-7,3415,2669,41,705
2020-09-09,0,0,0,0,3415,2669,41,705
2020-09-10,90,2,19,69,3505,2688,43,774
2020-09-11,54,2,21,31,3559,2709,45,805
2020-09-12,62,0,24,38,3621,2733,45,843
2020-09-13,69,2,16,51,3690,2749,47,894
2020-09-14,96,0,0,96,3786,2749,47,990
2020-09-15,65,2,18,45,3851,2767,49,1035
2020-09-16,126,2,9,115,3977,2776,51,1150
2020-09-17,55,3,15,37,4032,2791,54,1187
2020-09-18,58,5,61,-8,4090,2852,59,1179
2020-09-19,164,3,39,122,4254,2891,62,1301
2020-09-20,42,0,0,42,4296,2891,62,1343
2020-09-21,25,0,0,25,4321,2891,62,1368
2020-09-22,56,1,12,43,4377,2903,63,1411
2020-09-23,86,3,45,38,4463,2948,66,1449
2020-09-24,266,2,61,203,4729,3009,68,1652
2020-09-25,110,0,0,110,4839,3009,68,1762
2020-09-26,77,0,50,27,4916,3059,68,1789
2020-09-27,60,1,0,59,4976,3059,69,1848
2020-09-28,38,0,0,38,5014,3059,69,1886
2020-09-29,0,0,0,0,5014,3059,69,1886
2020-09-30,322,6,75,241,5336,3134,75,2127
2020-10-01,61,4,30,27,5397,3164,79,2154
2020-10-02,99,2,52,45,5496,3216,81,2199
2020-10-03,152,4,41,107,5648,3257,85,2306
2020-10-04,91,4,27,60,5739,3284,89,2366
2020-10-05,78,0,0,78,5817,3284,89,2444
2020-10-06,105,2,46,57,5922,3330,91,2501
2020-10-07,141,0,43,98,6063,3373,91,2599
2020-10-08,98,1,41,56,6161,3414,92,2655
2020-10-09,90,0,0,90,6251,3414,92,2745
2020-10-10,34,2,46,-14,6285,3460,94,2731
2020-10-11,150,0,0,150,6435,3460,94,2881
2020-10-12,0,0,0,0,6435,3460,94,2881
2020-10-13,85,1,100,-16,6520,3560,95,2865
2020-10-14,182,1,42,139,6702,3602,96,3004
2020-10-15,110,1,52,57,6812,3654,97,3061
2020-10-16,0,0,0,0,6812,3654,97,3061
2020-10-17,69,3,17,49,6881,3671,100,3110
2020-10-18,71,0,0,71,6952,3671,100,3181
2020-10-19,0,1,0,-1,6952,3671,101,3180
2020-10-20,129,3,89,37,7081,3760,104,3217
2020-10-21,0,0,0,0,7081,3760,104,3217
2020-10-22,74,0,0,74,7155,3760,104,3291
2020-10-23,46,1,0,45,7201,3760,105,3336
2020-10-24,57,0,0,57,7258,3760,105,3393
2020-10-25,49,0,0,49,7307,3760,105,3442
2020-10-26,167,5,56,106,7474,3816,110,3548
2020-10-27,0,0,0,0,7474,3816,110,3548
2020-10-28,125,4,33,88,7599,3849,114,3636
2020-10-29,16,0,0,16,7615,3849,114,3652
2020-10-30,35,0,0,35,7650,3849,114,3687
2020-10-31,45,0,0,45,7695,3849,114,3732
2020-11-01,0,0,0,0,7695,3849,114,3732
2020-11-02,0,0,0,0,7695,3849,114,3732
2020-11-03,33,0,19,14,7728,3868,114,3746
2020-11-04,0,0,0,0,7728,3868,114,3746
2020-11-05,160,3,141,16,7888,4009,117,3762
2020-11-06,0,0,0,0,7888,4009,117,3762
2020-11-07,0,0,0,0,7888,4009,117,3762
2020-11-08,27,2,45,-20,7915,4054,119,3742
2020-11-09,0,0,0,0,7915,4054,119,3742
2020-11-10,0,0,0,0,7915,4054,119,3742
2020-11-11,0,0,0,0,7915,4054,119,3742
2020-11-12,100,1,35,64,8015,4089,120,3806
2020-11-13,147,0,0,147,8162,4089,120,3953
2020-11-14,177,1,26,150,8339,4115,121,4103
2020-11-15,0,0,0,0,8339,4115,121,4103
2020-11-16,17,0,63,-46,8356,4178,121,4057
2020-11-17,6,0,0,6,8362,4178,121,4063
2020-11-18,4,0,0,4,8366,4178,121,4067
2020-11-19,0,0,0,0,8366,4178,121,4067
2020-11-20,0,0,0,0,8366,4178,121,4067
2020-11-21,0,0,0,0,8366,4178,121,4067
2020-11-22,0,0,0,0,8366,4178,121,4067
2020-11-23,0,0,0,0,8366,4178,121,4067
2020-11-24,80,0,0,80,8446,4178,121,4147
2020-11-25,39,0,0,39,8485,4178,121,4186
2020-11-26,36,0,0,36,8521,4178,121,4222
2020-11-27,24,0,0,24,8545,4178,121,4246
2020-11-28,28,0,99,-71,8573,4277,121,4175
2020-11-29,5,0,91,-86,8578,4368,121,4089
2020-11-30,5,1,87,-83,8583,4455,122,4006
2020-12-01,70,3,0,67,8653,4455,125,4073
2020-12-02,24,0,18,6,8677,4473,125,4079
2020-12-03,1745,1,88,1656,10422,4561,126,5735
2020-12-04,122,0,199,-77,10544,4760,126,5658
2020-12-05,52,0,0,52,10596,4760,126,5710
2020-12-06,19,0,0,19,10615,4760,126,5729
2020-12-07,48,0,20,28,10663,4780,126,5757
2020-12-08,107,0,0,107,10770,4780,126,5864
2020-12-09,48,0,3,45,10818,4783,126,5909
2020-12-10,37,1,42,-6,10855,4825,127,5903
2020-12-11,40,0,34,6,10895,4859,127,5909
2020-12-12,38,0,37,1,10933,4896,127,5910
2020-12-13,10,0,0,10,10943,4896,127,5920
2020-12-14,30,0,0,30,10973,4896,127,5950
2020-12-15,81,0,7,74,11054,4903,127,6024
2020-12-16,43,0,0,43,11097,4903,127,6067
2020-12-17,26,1,32,-7,11123,4935,128,6060
2020-12-18,28,0,6,22,11151,4941,128,6082
2020-12-19,32,0,0,32,11183,4941,128,6114
2020-12-20,14,0,1,13,11197,4942,128,6127
2020-12-21,23,0,90,-67,11220,5032,128,6060
2020-12-22,31,0,14,17,11251,5046,128,6077
2020-12-23,19,0,34,-15,11270,5080,128,6062
2020-12-24,32,0,0,32,11302,5080,128,6094
2020-12-25,22,0,260,-238,11324,5340,128,5856
2020-12-26,50,0,180,-130,11374,5520,128,5726
2020-12-27,92,0,151,-59,11466,5671,128,5667
2020-12-28,23,0,0,23,11489,5671,128,5690
2020-12-29,46,0,56,-10,11535,5727,128,5680
2020-12-30,18,0,143,-125,11553,5870,128,5555
2020-12-31,51,1,97,-47,11604,5967,129,5508
2021-01-01,11,2,112,-103,11615,6079,131,5405
2021-01-02,20,0,108,-88,11635,6187,131,5317
2021-01-03,27,1,188,-162,11662,6375,132,5155
2021-01-04,36,1,106,-71,11698,6481,133,5084
2021-01-05,67,0,88,-21,11765,6569,133,5063
2021-01-06,58,1,84,-27,11823,6653,134,5036
2021-01-07,36,1,63,-28,11859,6716,135,5008
2021-01-08,57,3,112,-58,11916,6828,138,4950
2021-01-09,60,1,12,47,11976,6840,139,4997
2021-01-10,27,3,8,16,12003,6848,142,5013
2021-01-11,53,0,12,41,12056,6860,142,5054
2021-01-12,33,2,12,19,12089,6872,144,5073
2021-01-13,51,2,12,37,12140,6884,146,5110
2021-01-14,34,0,8,26,12174,6892,146,5136
2021-01-15,99,1,8,90,12273,6900,147,5226
2021-01-16,76,0,7,69,12349,6907,147,5295
2021-01-17,17,0,0,17,12366,6907,147,5312
2021-01-18,23,0,8,15,12389,6915,147,5327
2021-01-19,87,2,8,77,12476,6923,149,5404
2021-01-20,60,0,5,55,12536,6928,149,5459
2021-01-21,90,1,18,71,12626,6946,150,5530
2021-01-22,147,0,16,131,12773,6962,150,5661
2021-01-23,57,3,88,-34,12830,7050,153,5627
2021-01-24,54,0,10,44,12884,7060,153,5671
2021-01-25,15,1,25,-11,12899,7085,154,5660
2021-01-26,117,0,19,98,13016,7104,154,5758
2021-01-27,58,1,18,39,13074,7122,155,5797
2021-01-28,0,2,92,-94,13074,7214,157,5703
2021-01-29,212,2,16,194,13286,7230,159,5897
2021-01-30,64,2,11,51,13350,7241,161,5948
2021-01-31,22,1,14,7,13372,7255,162,5955
2021-02-01,11,0,12,-1,13383,7267,162,5954
2021-02-02,59,1,14,44,13442,7281,163,5998
2021-02-03,55,0,44,11,13497,7325,163,6009
2021-02-04,88,0,21,67,13585,7346,163,6076
2021-02-05,56,1,12,43,13641,7358,164,6119
2021-02-06,42,0,10,32,13683,7368,164,6151
2021-02-07,48,0,10,38,13731,7378,164,6189
2021-02-08,27,1,15,11,13758,7393,165,6200
2021-02-09,63,0,17,46,13821,7410,165,6246
2021-02-10,90,1,9,80,13911,7419,166,6326
2021-02-11,41,0,14,27,13952,7433,166,6353
2021-02-12,57,1,16,40,14009,7449,167,6393
2021-02-13,46,1,6,39,14055,7455,168,6432
2021-02-14,13,0,11,2,14068,7466,168,6434
2021-02-15,11,0,9,2,14079,7475,168,6436
2021-02-16,2,0,11,-9,14081,7486,168,6427
2021-02-17,7,0,195,-188,14088,7681,168,6239
2021-02-18,28,0,4,24,14116,7685,168,6263
2021-02-19,112,1,29,82,14228,7714,169,6345
2021-02-20,105,1,12,92,14333,7726,170,6437
2021-02-21,33,3,11,19,14366,7737,173,6456
2021-02-22,71,0,1,70,14437,7738,173,6526
2021-02-23,76,2,15,59,14513,7753,175,6585
2021-02-24,28,1,17,10,14541,7770,176,6595
2021-02-25,28,0,18,10,14569,7788,176,6605
2021-02-26,95,0,35,60,14664,7823,176,6665
2021-02-27,56,0,25,31,14720,7848,176,6696
2021-02-28,45,0,44,1,14765,7892,176,6697
2021-03-01,34,2,35,-3,14799,7927,178,6694
2021-03-02,72,1,44,27,14871,7971,179,6721
2021-03-03,91,1,34,56,14962,8005,180,6777
2021-03-04,163,0,44,119,15125,8049,180,6896
2021-03-05,63,0,29,34,15188,8078,180,6930
2021-03-06,53,0,23,30,15241,8101,180,6960
2021-03-07,5,2,33,-30,15246,8134,182,6930
2021-03-08,75,0,32,43,15321,8166,182,6973
2021-03-09,284,0,21,263,15605,8187,182,7236
2021-03-10,152,0,24,128,15757,8211,182,7364
2021-03-11,124,14,377,-267,15881,8588,196,7097
2021-03-12,41,0,28,13,15922,8616,196,7110
2021-03-13,41,2,32,7,15963,8648,198,7117
2021-03-14,32,0,30,2,15995,8678,198,7119
2021-03-15,44,0,24,20,16039,8702,198,7139
2021-03-16,70,0,19,51,16109,8721,198,7190
2021-03-17,50,0,2,48,16159,8723,198,7238
2021-03-18,95,0,25,70,16254,8748,198,7308
2021-03-19,89,1,18,70,16343,8766,199,7378
2021-03-20,31,1,0,30,16374,8766,200,7408
2021-03-21,4,0,29,-25,16378,8795,200,7383
2021-03-22,17,1,0,16,16395,8795,201,7399
2021-03-23,59,0,20,39,16454,8815,201,7438
2021-03-24,48,0,9,39,16502,8824,201,7477
2021-03-25,84,0,39,45,16586,8863,201,7522
2021-03-26,89,0,4,85,16675,8867,201,7607
2021-03-27,121,0,0,121,16796,8867,201,7728
2021-03-28,15,0,15,0,16811,8882,201,7728
2021-03-29,50,1,9,40,16861,8891,202,7768
2021-03-30,52,1,25,26,16913,8916,203,7794
2021-03-31,47,0,0,47,16960,8916,203,7841
2021-04-01,12,1,17,-6,16972,8933,204,7835
2021-04-02,42,0,45,-3,17014,8978,204,7832
2021-04-03,20,0,26,-6,17034,9004,204,7826
2021-04-04,17,0,15,2,17051,9019,204,7828
2021-04-05,6,1,45,-40,17057,9064,205,7788
2021-04-06,30,0,2,28,17087,9066,205,7816
2021-04-07,44,0,12,32,17131,9078,205,7848
2021-04-08,75,1,26,48,17206,9104,206,7896
2021-04-09,66,0,34,32,17272,9138,206,7928
2021-04-10,60,1,0,59,17332,9138,207,7987
2021-04-11,20,1,36,-17,17352,9174,208,7970
2021-04-12,30,0,55,-25,17382,9229,208,7945
2021-04-13,9,2,1,6,17391,9230,210,7951
2021-04-14,0,0,34,-34,17391,9264,210,7917
2021-04-15,55,0,21,34,17446,9285,210,7951
2021-04-16,44,0,32,12,17490,9317,210,7963
2021-04-17,13,0,27,-14,17503,9344,210,7949
2021-04-18,6,1,42,-37,17509,9386,211,7912
2021-04-19,29,0,40,-11,17538,9426,211,7901
2021-04-20,15,1,21,-7,17553,9447,212,7894
2021-04-21,19,0,0,19,17572,9447,212,7913
2021-04-22,9,0,42,-33,17581,9489,212,7880
2021-04-23,8,0,3,5,17589,9492,212,7885
2021-04-24,5,1,13,-9,17594,9505,213,7876
2021-04-25,8,0,21,-13,17602,9526,213,7863
2021-04-26,2,1,15,-14,17604,9541,214,7849
2021-04-27,14,0,14,0,17618,9555,214,7849
2021-04-28,12,0,22,-10,17630,9577,214,7839
2021-04-29,10,0,31,-21,17640,9608,214,7818
2021-04-30,22,0,30,-8,17662,9638,214,7810
2021-05-01,0,0,9,-9,17662,9647,214,7801
2021-05-02,0,0,14,-14,17662,9661,214,7787
2021-05-03,0,0,13,-13,17662,9674,214,7774
2021-05-04,3,0,5,-2,17665,9679,214,7772
2021-05-05,15,0,15,0,17680,9694,214,7772
2021-05-06,22,0,19,3,17702,9713,214,7775
2021-05-07,2,0,0,2,17704,9713,214,7777
2021-05-08,1,1,4,-4,17705,9717,215,7773
2021-05-09,17,0,16,1,17722,9733,215,7774
2021-05-10,0,0,0,0,17722,9733,215,7774
2021-05-11,2,0,18,-16,17724,9751,215,7758
2021-05-12,3,0,6,-3,17727,9757,215,7755
2021-05-13,0,0,0,0,17727,9757,215,7755
2021-05-14,0,0,2,-2,17727,9759,215,7753
2021-05-15,0,0,0,0,17727,9759,215,7753
2021-05-16,0,0,0,0,17727,9759,215,7753
2021-05-17,0,0,0,0,17727,9759,215,7753
2021-05-18,0,0,0,0,17727,9759,215,7753
2021-05-19,0,0,0,0,17727,9759,215,7753
2021-05-20,0,0,0,0,17727,9759,215,7753
2021-05-21,0,0,0,0,17727,9759,215,7753
2021-05-22,0,0,0,0,17727,9759,215,7753
2021-05-23,0,0,0,0,17727,9759,215,7753
2021-05-24,18,0,0,18,17745,9759,215,7771
2021-05-25,0,0,0,0,17745,9759,215,7771
2021-05-26,0,1,0,-1,17745,9759,216,7770
2021-05-27,0,0,0,0,17745,9759,216,7770
2021-05-28,0,1,0,-1,17745,9759,217,7769
2021-05-29,0,0,0,0,17745,9759,217,7769
2021-05-30,0,0,0,0,17745,9759,217,7769
2021-05-31,0,0,0,0,17745,9759,217,7769
2021-06-01,0,0,0,0,17745,9759,217,7769
2021-06-02,0,0,0,0,17745,9759,217,7769
2021-06-03,0,0,0,0,17745,9759,217,7769
2021-06-04,0,0,0,0,17745,9759,217,7769
2021-06-05,10,0,0,10,17755,9759,217,7779
2021-06-06,0,0,0,0,17755,9759,217,7779
2021-06-07,0,0,0,0,17755,9759,217,7779
2021-06-08,10,0,6,4,17765,9765,217,7783
2021-06-09,18,1,16,1,17783,9781,218,7784
2021-06-10,31,2,18,11,17814,9799,220,7795
2021-06-11,23,1,15,7,17837,9814,221,7802
2021-06-12,20,0,10,10,17857,9824,221,7812
2021-06-13,6,0,17,-11,17863,9841,221,7801
2021-06-14,4,0,0,4,17867,9841,221,7805
2021-06-15,10,1,5,4,17877,9846,222,7809
2021-06-16,3,0,0,3,17880,9846,222,7812
2021-06-17,23,0,1,22,17903,9847,222,7834
2021-06-18,6,0,5,1,17909,9852,222,7835
2021-06-19,7,1,0,6,17916,9852,223,7841
2021-06-20,5,1,0,4,17921,9852,224,7845
2021-06-21,12,1,0,11,17933,9852,225,7856
2021-06-22,37,0,0,37,17970,9852,225,7893
2021-06-23,28,0,2,26,17998,9854,225,7919
2021-06-24,7,0,0,7,18005,9854,225,7926
2021-06-25,37,1,2,34,18042,9856,226,7960
2021-06-26,37,1,7,29,18079,9863,227,7989
2021-06-27,25,1,5,19,18104,9868,228,8008
2021-06-28,9,0,0,9,18113,9868,228,8017
2021-06-29,40,1,3,36,18153,9871,229,8053
2021-06-30,29,0,52,-23,18182,9923,229,8030
2021-07-01,46,0,0,46,18228,9923,229,8076
2021-07-02,25,0,6,19,18253,9929,229,8095
2021-07-03,30,2,0,28,18283,9929,231,8123
2021-07-04,67,0,13,54,18350,9942,231,8177
2021-07-05,44,1,0,43,18394,9942,232,8220
2021-07-06,15,0,0,15,18409,9942,232,8235
2021-07-07,69,4,0,65,18478,9942,236,8300
2021-07-08,101,1,5,95,18579,9947,237,8395
2021-07-09,125,1,21,103,18704,9968,238,8498
2021-07-10,74,1,1,72,18778,9969,239,8570
2021-07-11,89,0,13,76,18867,9982,239,8646
2021-07-12,174,1,0,173,19041,9982,240,8819
2021-07-13,193,2,19,172,19234,10001,242,8991
2021-07-14,321,0,1,320,19555,10002,242,9311
2021-07-15,296,0,0,296,19851,10002,242,9607
2021-07-16,290,0,0,290,20141,10002,242,9897
2021-07-17,199,1,0,198,20340,10002,243,10095
2021-07-18,135,3,53,79,20475,10055,246,10174
2021-07-19,178,1,0,177,20653,10055,247,10351
2021-07-20,259,0,3,256,20912,10058,247,10607
2021-07-21,255,5,1,249,21167,10059,252,10856
2021-07-22,215,2,0,213,21382,10059,254,11069
2021-07-23,321,5,0,316,21703,10059,259,11385
2021-07-24,257,4,53,200,21960,10112,263,11585
2021-07-25,187,4,1,182,22147,10113,267,11767
2021-07-26,347,7,0,340,22494,10113,274,12107
2021-07-27,346,3,89,254,22840,10202,277,12361
2021-07-28,334,4,266,64,23174,10468,281,12425
2021-07-29,324,14,253,57,23498,10721,295,12482
2021-07-30,325,28,7,290,23823,10728,323,12772
2021-07-31,261,3,0,258,24084,10728,326,13030
2021-08-01,169,10,12,147,24253,10740,336,13177
2021-08-02,144,5,25,114,24397,10765,341,13291
2021-08-03,294,7,14,273,24691,10779,348,13564
2021-08-04,230,6,140,84,24921,10919,354,13648
2021-08-05,258,1,120,137,25179,11039,355,13785
2021-08-06,204,3,210,-9,25383,11249,358,13776
2021-08-07,216,10,206,0,25599,11455,368,13776
2021-08-08,94,4,200,-110,25693,11655,372,13666
2021-08-09,133,7,3168,-3042,25826,14823,379,10624
2021-08-10,200,9,297,-106,26026,15120,388,10518
2021-08-11,173,12,133,28,26199,15253,400,10546
2021-08-12,222,6,93,123,26421,15346,406,10669
2021-08-13,236,6,174,56,26657,15520,412,10725
2021-08-14,176,6,163,7,26833,15683,418,10732
2021-08-15,151,0,189,-38,26984,15872,418,10694
2021-08-16,196,3,142,51,27180,16014,421,10745
2021-08-17,232,16,176,40,27412,16190,437,10785
2021-08-18,154,1,104,49,27566,16294,438,10834
2021-08-19,195,1,73,121,27761,16367,439,10955
2021-08-20,135,0,61,74,27896,16428,439,11029
2021-08-21,185,3,48,134,28081,16476,442,11163
2021-08-22,56,0,59,-3,28137,16535,442,11160
2021-08-23,78,0,67,11,28215,16602,442,11171
2021-08-24,136,1,41,94,28351,16643,443,11265
2021-08-25,102,1,42,59,28453,16685,444,11324
2021-08-26,144,0,32,112,28597,16717,444,11436
2021-08-27,114,3,99,12,28711,16816,447,11448
2021-08-28,108,1,348,-241,28819,17164,448,11207
2021-08-29,71,0,21,50,28890,17185,448,11257
2021-08-30,70,1,145,-76,28960,17330,449,11181
2021-08-31,100,2,23,75,29060,17353,451,11256
2021-09-01,136,1,55,80,29196,17408,452,11336
2021-09-02,93,1,20,72,29289,17428,453,11408
2021-09-03,53,2,7,44,29342,17435,455,11452
2021-09-04,76,5,18,53,29418,17453,460,11505
2021-09-05,61,1,3,57,29479,17456,461,11562
2021-09-06,37,0,15,22,29516,17471,461,11584
2021-09-07,99,0,168,-69,29615,17639,461,11515
2021-09-08,105,2,740,-637,29720,18379,463,10878
2021-09-09,47,1,433,-387,29767,18812,464,10491
2021-09-10,39,3,408,-372,29806,19220,467,10119
2021-09-11,56,2,5,49,29862,19225,469,10168
2021-09-12,28,15,683,-670,29890,19908,484,9498
2021-09-13,26,2,2127,-2103,29916,22035,486,7395
2021-09-14,41,2,175,-136,29957,22210,488,7259
2021-09-15,34,0,99,-65,29991,22309,488,7194
2021-09-16,28,1,5135,-5108,30019,27444,489,2086
2021-09-17,32,0,1,31,30051,27445,489,2117
2021-09-18,63,0,561,-498,30114,28006,489,1619
2021-09-19,32,0,0,32,30146,28006,489,1651
2021-09-20,18,0,47,-29,30164,28053,489,1622
2021-09-21,29,1,52,-24,30193,28105,490,1598
2021-09-22,26,0,38,-12,30219,28143,490,1586
2021-09-23,44,0,5,39,30263,28148,490,1625
2021-09-24,33,0,12,21,30296,28160,490,1646
2021-09-25,37,0,17,20,30333,28177,490,1666
2021-09-26,21,0,0,21,30354,28177,490,1687
2021-09-27,21,0,7,14,30375,28184,490,1701
2021-09-28,41,0,7,34,30416,28191,490,1735
2021-09-29,22,0,103,-81,30438,28294,490,1654
2021-09-30,14,0,4,10,30452,28298,490,1664
2021-10-01,24,0,4,20,30476,28302,490,1684
2021-10-02,15,0,46,-31,30491,28348,490,1653
2021-10-03,22,0,0,22,30513,28348,490,1675
2021-10-04,35,0,5,30,30548,28353,490,1705
2021-10-05,25,0,9,16,30573,28362,490,1721
2021-10-06,12,0,9,3,30585,28371,490,1724
2021-10-07,30,0,0,30,30615,28371,490,1754
2021-10-08,14,0,160,-146,30629,28531,490,1608
2021-10-09,23,0,0,23,30652,28531,490,1631
2021-10-10,6,0,0,6,30658,28531,490,1637
2021-10-11,16,0,19,-3,30674,28550,490,1634
2021-10-12,17,1,40,-24,30691,28590,491,1610
2021-10-13,21,0,0,21,30712,28590,491,1631
2021-10-14,17,0,0,17,30729,28590,491,1648
2021-10-15,31,0,0,31,30760,28590,491,1679
2021-10-16,24,0,4,20,30784,28594,491,1699
2021-10-17,9,0,0,9,30793,28594,491,1708
2021-10-18,4,1,50,-47,30797,28644,492,1661
2021-10-19,11,0,3,8,30808,28647,492,1669
2021-10-20,9,0,0,9,30817,28647,492,1678
2021-10-21,7,0,9,-2,30824,28656,492,1676
2021-10-22,6,0,7,-1,30830,28663,492,1675
2021-10-23,8,0,0,8,30838,28663,492,1683
2021-10-24,3,0,0,3,30841,28663,492,1686
2021-10-25,7,0,0,7,30848,28663,492,1693
2021-10-26,12,0,0,12,30860,28663,492,1705
2021-10-27,9,0,2,7,30869,28665,492,1712
2021-10-28,6,0,74,-68,30875,28739,492,1644
2021-10-29,20,0,0,20,30895,28739,492,1664
2021-10-30,3,0,0,3,30898,28739,492,1667
2021-10-31,6,0,0,6,30904,28739,492,1673
2021-11-01,4,0,6,-2,30908,28745,492,1671
2021-11-02,7,0,3,4,30915,28748,492,1675
2021-11-03,7,0,115,-108,30922,28863,492,1567
2021-11-04,3,0,0,3,30925,28863,492,1570
2021-11-05,5,0,0,5,30930,28863,492,1575
2021-11-06,8,0,0,8,30938,28863,492,1583
2021-11-07,1,0,0,1,30939,28863,492,1584
2021-11-08,3,0,0,3,30942,28863,492,1587
2021-11-09,5,0,1,4,30947,28864,492,1591
2021-11-10,2,0,0,2,30949,28864,492,1593
2021-11-11,6,0,0,6,30955,28864,492,1599
2021-11-12,16,0,0,16,30971,28864,492,1615
2021-11-13,10,0,0,10,30981,28864,492,1625
2021-11-14,2,0,0,2,30983,28864,492,1627
2021-11-15,8,0,0,8,30991,28864,492,1635
2021-11-16,3,0,0,3,30994,28864,492,1638
2021-11-17,3,0,0,3,30997,28864,492,1641
2021-11-18,3,0,0,3,31000,28864,492,1644
2021-11-19,3,0,0,3,31003,28864,492,1647
2021-11-20,4,0,0,4,31007,28864,492,1651
2021-11-21,1,0,0,1,31008,28864,492,1652
2021-11-22,2,0,0,2,31010,28864,492,1654
2021-11-23,7,0,0,7,31017,28864,492,1661
2021-11-24,9,0,0,9,31026,28864,492,1670
2021-11-25,2,2,2,-2,31028,28866,494,1668
2021-11-26,7,0,0,7,31035,28866,494,1675
2021-11-27,4,0,0,4,31039,28866,494,1679
2021-11-28,0,0,0,0,31039,28866,494,1679
2021-11-29,3,1,30,-28,31042,28896,495,1651
2021-11-30,1,0,0,1,31043,28896,495,1652
2021-12-01,2,0,0,2,31045,28896,495,1654
2021-12-02,2,0,9,-7,31047,28905,495,1647
2021-12-03,0,0,0,0,31047,28905,495,1647
2021-12-04,2,0,1,1,31049,28906,495,1648
2021-12-05,0,0,0,0,31049,28906,495,1648
2021-12-06,1,0,1512,-1511,31050,30418,495,137
2021-12-07,5,1,1,3,31055,30419,496,140
2021-12-08,1,0,0,1,31056,30419,496,141
2021-12-09,4,0,0,4,31060,30419,496,145
2021-12-10,0,0,2,-2,31060,30421,496,143
2021-12-11,2,0,0,2,31062,30421,496,145
2021-12-12,1,0,0,1,31063,30421,496,146
2021-12-13,0,0,0,0,31063,30421,496,146
2021-12-14,2,0,1,1,31065,30422,496,147
2021-12-15,1,0,0,1,31066,30422,496,148
2021-12-16,0,0,0,0,31066,30422,496,148
2021-12-17,1,0,0,1,31067,30422,496,149
2021-12-18,2,0,0,2,31069,30422,496,151
2021-12-19,0,0,0,0,31069,30422,496,151
2021-12-20,0,0,0,0,31069,30422,496,151
2021-12-21,2,0,0,2,31071,30422,496,153
2021-12-22,0,0,49,-49,31071,30471,496,104
2021-12-23,2,0,0,2,31073,30471,496,106
2021-12-24,3,0,2,1,31076,30473,496,107
2021-12-25,1,0,0,1,31077,30473,496,108
2021-12-26,0,0,0,0,31077,30473,496,108
2021-12-27,0,0,0,0,31077,30473,496,108
2021-12-28,1,0,0,1,31078,30473,496,109
2021-12-29,0,0,0,0,31078,30473,496,109
2021-12-30,2,0,0,2,31080,30473,496,111
2021-12-31,0,0,0,0,31080,30473,496,111
2022-01-01,0,0,1,-1,31080,30474,496,110
2022-01-02,0,0,0,0,31080,30474,496,110
2022-01-03,2,0,0,2,31082,30474,496,112
2022-01-04,4,0,0,4,31086,30474,496,116
2022-01-05,2,0,1,1,31088,30475,496,117
2022-01-06,1,0,0,1,31089,30475,496,118
2022-01-07,1,0,0,1,31090,30475,496,119
2022-01-08,2,0,0,2,31092,30475,496,121
2022-01-09,0,0,0,0,31092,30475,496,121
2022-01-10,1,0,0,1,31093,30475,496,122
2022-01-11,2,0,0,2,31095,30475,496,124
2022-01-12,2,0,0,2,31097,30475,496,126
2022-01-13,2,0,0,2,31099,30475,496,128
2022-01-14,1,0,0,1,31100,30475,496,129
2022-01-15,3,0,0,3,31103,30475,496,132
2022-01-16,3,0,7,-4,31106,30482,496,128
2022-01-17,5,0,0,5,31111,30482,496,133
2022-01-18,5,0,0,5,31116,30482,496,138
2022-01-19,6,0,0,6,31122,30482,496,144
2022-01-20,7,0,0,7,31129,30482,496,151
2022-01-21,6,0,0,6,31135,30482,496,157
2022-01-22,9,0,0,9,31144,30482,496,166
2022-01-23,2,0,0,2,31146,30482,496,168
2022-01-24,2,0,1,1,31148,30483,496,169
2022-01-25,19,0,2,17,31167,30485,496,186
2022-01-26,23,0,0,23,31190,30485,496,209
2022-01-27,15,0,0,15,31205,30485,496,224
2022-01-28,55,0,0,55,31260,30485,496,279
2022-01-29,36,0,0,36,31296,30485,496,315
2022-01-30,34,0,0,34,31330,30485,496,349
2022-01-31,52,0,0,52,31382,30485,496,401
2022-02-01,107,0,0,107,31489,30485,496,508
2022-02-02,50,0,0,50,31539,30485,496,558
2022-02-03,181,0,0,181,31720,30485,496,739
2022-02-04,238,0,0,238,31958,30485,496,977
2022-02-05,255,0,0,255,32213,30485,496,1232
2022-02-06,161,0,0,161,32374,30485,496,1393
2022-02-07,179,0,0,179,32553,30485,496,1572
2022-02-08,456,0,0,456,33009,30485,496,2028
2022-02-09,501,0,0,501,33510,30485,496,2529
2022-02-10,434,2,1,431,33944,30486,498,2960
2022-02-11,480,0,0,480,34424,30486,498,3440
2022-02-12,615,0,0,615,35039,30486,498,4055
2022-02-13,474,0,0,474,35513,30486,498,4529
2022-02-14,500,0,0,500,36013,30486,498,5029
2022-02-15,999,0,0,999,37012,30486,498,6028
2022-02-16,707,0,0,707,37719,30486,498,6735
2022-02-17,718,0,0,718,38437,30486,498,7453
2022-02-18,645,0,0,645,39082,30486,498,8098
2022-02-19,541,0,0,541,39623,30486,498,8639
2022-02-20,310,0,0,310,39933,30486,498,8949
2022-02-21,293,0,0,293,40226,30486,498,9242
2022-02-22,541,0,0,541,40767,30486,498,9783
2022-02-23,428,0,2,426,41195,30488,498,10209
2022-02-24,411,0,0,411,41606,30488,498,10620
2022-02-25,376,0,0,376,41982,30488,498,10996
2022-02-26,347,0,0,347,42329,30488,498,11343
2022-02-27,155,0,0,155,42484,30488,498,11498
2022-02-28,109,0,0,109,42593,30488,498,11607
2022-03-01,173,0,0,173,42766,30488,498,11780
2022-03-02,254,0,0,254,43020,30488,498,12034
2022-03-03,148,0,3,145,43168,30491,498,12179
2022-03-04,128,0,4,124,43296,30495,498,12303
2022-03-05,181,0,0,181,43477,30495,498,12484
2022-03-06,110,0,0,110,43587,30495,498,12594
2022-03-07,76,0,0,76,43663,30495,498,12670
2022-03-08,147,0,1851,-1704,43810,32346,498,10966
2022-03-09,92,10,0,82,43902,32346,508,11048
2022-03-10,78,1,0,77,43980,32346,509,11125
2022-03-11,64,1,0,63,44044,32346,510,11188
2022-03-12,50,0,0,50,44094,32346,510,11238
2022-03-13,58,0,0,58,44152,32346,510,11296
2022-03-14,59,0,0,59,44211,32346,510,11355
2022-03-15,80,0,0,80,44291,32346,510,11435
2022-03-16,57,0,0,57,44348,32346,510,11492
2022-03-17,43,0,0,43,44391,32346,510,11535
2022-03-18,44,0,0,44,44435,32346,510,11579
2022-03-19,40,0,0,40,44475,32346,510,11619
2022-03-20,16,0,0,16,44491,32346,510,11635
2022-03-21,75,0,0,75,44566,32346,510,11710
2022-03-22,31,0,0,31,44597,32346,510,11741
2022-03-23,52,0,0,52,44649,32346,510,11793
2022-03-24,28,0,2,26,44677,32348,510,11819
2022-03-25,13,0,0,13,44690,32348,510,11832
2022-03-26,30,0,0,30,44720,32348,510,11862
2022-03-27,41,0,5,36,44761,32353,510,11898
2022-03-28,51,0,0,51,44812,32353,510,11949
2022-03-29,16,0,0,16,44828,32353,510,11965
2022-03-30,13,0,0,13,44841,32353,510,11978
2022-03-31,19,0,0,19,44860,32353,510,11997
2022-04-01,30,0,0,30,44890,32353,510,12027
2022-04-02,9,0,1,8,44899,32354,510,12035
2022-04-03,11,0,15,-4,44910,32369,510,12031
2022-04-04,12,0,8,4,44922,32377,510,12035
