tanggal,KASUS,MENINGGAL,SEMBUH,DIRAWAT_OR_ISOLASI,AKUMULASI_KASUS,AKUMULASI_SEMBUH,AKUMULASI_MENINGGAL,AKUMULASI_DIRAWAT_OR_ISOLASI
2020-03-22,1,0,0,1,1,0,0,1
2020-03-23,0,0,0,0,1,0,0,1
2020-03-24,0,0,0,0,1,0,0,1
2020-03-25,0,0,0,0,1,0,0,1
2020-03-26,4,0,0,4,5,0,0,5
2020-03-27,0,0,0,0,5,0,0,5
2020-03-28,0,0,0,0,5,0,0,5
2020-03-29,2,0,0,2,7,0,0,7
2020-03-30,0,0,0,0,7,0,0,7
2020-03-31,1,0,0,1,8,0,0,8
2020-04-01,0,0,1,-1,8,1,0,7
2020-04-02,0,0,1,-1,8,2,0,6
2020-04-03,5,1,0,4,13,2,1,10
2020-04-04,2,0,1,1,15,3,1,11
2020-04-05,7,0,0,7,22,3,1,18
2020-04-06,0,1,0,-1,22,3,2,17
2020-04-07,0,1,0,-1,22,3,3,16
2020-04-08,9,0,0,9,31,3,3,25
2020-04-09,0,0,0,0,31,3,3,25
2020-04-10,0,0,1,-1,31,4,3,24
2020-04-11,19,0,2,17,50,6,3,41
2020-04-12,1,0,2,-1,51,8,3,40
2020-04-13,6,0,0,6,57,8,3,46
2020-04-14,0,0,0,0,57,8,3,46
2020-04-15,6,0,0,6,63,8,3,52
2020-04-16,6,2,4,0,69,12,5,52
2020-04-17,8,0,0,8,77,12,5,60
2020-04-18,4,0,0,4,81,12,5,64
2020-04-19,11,0,0,11,92,12,5,75
2020-04-20,0,0,12,-12,92,24,5,63
2020-04-21,10,0,4,6,102,28,5,69
2020-04-22,5,0,0,5,107,28,5,74
2020-04-23,6,0,0,6,113,28,5,80
2020-04-24,4,0,0,4,117,28,5,84
2020-04-25,0,0,0,0,117,28,5,84
2020-04-26,4,0,0,4,121,28,5,88
2020-04-27,9,0,0,9,130,28,5,97
2020-04-28,19,0,14,5,149,42,5,102
2020-04-29,10,0,0,10,159,42,5,112
2020-04-30,14,0,0,14,173,42,5,126
2020-05-01,4,0,1,3,177,43,5,129
2020-05-02,22,0,0,22,199,43,5,151
2020-05-03,0,0,0,0,199,43,5,151
2020-05-04,0,0,0,0,199,43,5,151
2020-05-05,6,0,0,6,205,43,5,157
2020-05-06,0,0,0,0,205,43,5,157
2020-05-07,3,0,0,3,208,43,5,160
2020-05-08,8,0,0,8,216,43,5,168
2020-05-09,9,0,0,9,225,43,5,177
2020-05-10,26,0,0,26,251,43,5,203
2020-05-11,0,0,0,0,251,43,5,203
2020-05-12,12,0,0,12,263,43,5,215
2020-05-13,3,0,0,3,266,43,5,218
2020-05-14,3,0,0,3,269,43,5,221
2020-05-15,2,0,0,2,271,43,5,223
2020-05-16,10,0,0,10,281,43,5,233
2020-05-17,25,0,0,25,306,43,5,258
2020-05-18,0,0,0,0,306,43,5,258
2020-05-19,5,0,0,5,311,43,5,263
2020-05-20,17,0,0,17,328,43,5,280
2020-05-21,1,0,0,1,329,43,5,281
2020-05-22,21,0,0,21,350,43,5,302
2020-05-23,43,0,0,43,393,43,5,345
2020-05-24,44,0,0,44,437,43,5,389
2020-05-25,7,0,17,-10,444,60,5,379
2020-05-26,0,0,0,0,444,60,5,379
2020-05-27,12,0,0,12,456,60,5,391
2020-05-28,3,0,0,3,459,60,5,394
2020-05-29,45,0,0,45,504,60,5,439
2020-05-30,13,0,0,13,517,60,5,452
2020-05-31,14,0,0,14,531,60,5,466
2020-06-01,35,0,0,35,566,60,5,501
2020-06-02,81,1,9,71,647,69,6,572
2020-06-03,37,0,0,37,684,69,6,609
2020-06-04,15,0,0,15,699,69,6,624
2020-06-05,31,0,0,31,730,69,6,655
2020-06-06,68,0,0,68,798,69,6,723
2020-06-07,44,0,0,44,842,69,6,767
2020-06-08,15,0,0,15,857,69,6,782
2020-06-09,12,0,0,12,869,69,6,794
2020-06-10,22,0,0,22,891,69,6,816
2020-06-11,17,0,0,17,908,69,6,833
2020-06-12,27,0,0,27,935,69,6,860
2020-06-13,33,0,0,33,968,69,6,893
2020-06-14,9,0,41,-32,977,110,6,861
2020-06-15,0,0,48,-48,977,158,6,813
2020-06-16,27,0,85,-58,1004,243,6,755
2020-06-17,22,0,3,19,1026,246,6,774
2020-06-18,34,0,0,34,1060,246,6,808
2020-06-19,11,0,0,11,1071,246,6,819
2020-06-20,9,0,0,9,1080,246,6,828
2020-06-21,42,0,0,42,1122,246,6,870
2020-06-22,8,0,0,8,1130,246,6,878
2020-06-23,40,0,0,40,1170,246,6,918
2020-06-24,44,0,0,44,1214,246,6,962
2020-06-25,46,0,0,46,1260,246,6,1008
2020-06-26,10,0,0,10,1270,246,6,1018
2020-06-27,29,0,0,29,1299,246,6,1047
2020-06-28,20,0,266,-246,1319,512,6,801
2020-06-29,2,0,86,-84,1321,598,6,717
2020-06-30,45,7,89,-51,1366,687,13,666
2020-07-01,74,0,13,61,1440,700,13,727
2020-07-02,58,1,0,57,1498,700,14,784
2020-07-03,19,0,8,11,1517,708,14,795
2020-07-04,29,0,0,29,1546,708,14,824
2020-07-05,28,0,0,28,1574,708,14,852
2020-07-06,5,2,37,-34,1579,745,16,818
2020-07-07,24,1,30,-7,1603,775,17,811
2020-07-08,17,1,20,-4,1620,795,18,807
2020-07-09,22,0,46,-24,1642,841,18,783
2020-07-10,63,0,11,52,1705,852,18,835
2020-07-11,19,0,16,3,1724,868,18,838
2020-07-12,53,2,7,44,1777,875,20,882
2020-07-13,83,0,6,77,1860,881,20,959
2020-07-14,0,0,2,-2,1860,883,20,957
2020-07-15,56,3,47,6,1916,930,23,963
2020-07-16,46,1,5,40,1962,935,24,1003
2020-07-17,19,0,28,-9,1981,963,24,994
2020-07-18,45,0,10,35,2026,973,24,1029
2020-07-19,38,0,8,30,2064,981,24,1059
2020-07-20,36,0,9,27,2100,990,24,1086
2020-07-21,7,2,6,-1,2107,996,26,1085
2020-07-22,27,0,11,16,2134,1007,26,1101
2020-07-23,38,0,3,35,2172,1010,26,1136
2020-07-24,47,0,2,45,2219,1012,26,1181
2020-07-25,30,1,44,-15,2249,1056,27,1166
2020-07-26,45,0,6,39,2294,1062,27,1205
2020-07-27,47,0,12,35,2341,1074,27,1240
2020-07-28,17,0,8,9,2358,1082,27,1249
2020-07-29,23,0,14,9,2381,1096,27,1258
2020-07-30,28,0,10,18,2409,1106,27,1276
2020-07-31,33,0,0,33,2442,1106,27,1309
2020-08-01,23,0,0,23,2465,1106,27,1332
2020-08-02,23,0,18,5,2488,1124,27,1337
2020-08-03,0,0,0,0,2488,1124,27,1337
2020-08-04,37,0,37,0,2525,1161,27,1337
2020-08-05,9,0,19,-10,2534,1180,27,1327
2020-08-06,15,1,46,-32,2549,1226,28,1295
2020-08-07,19,0,172,-153,2568,1398,28,1142
2020-08-08,0,1,0,-1,2568,1398,29,1141
2020-08-09,38,0,87,-49,2606,1485,29,1092
2020-08-10,15,0,23,-8,2621,1508,29,1084
2020-08-11,1,0,41,-40,2622,1549,29,1044
2020-08-12,22,0,10,12,2644,1559,29,1056
2020-08-13,26,0,8,18,2670,1567,29,1074
2020-08-14,8,0,3,5,2678,1570,29,1079
2020-08-15,0,0,27,-27,2678,1597,29,1052
2020-08-16,64,0,18,46,2742,1615,29,1098
2020-08-17,10,0,4,6,2752,1619,29,1104
2020-08-18,0,0,0,0,2752,1619,29,1104
2020-08-19,15,1,5,9,2767,1624,30,1113
2020-08-20,52,4,54,-6,2819,1678,34,1107
2020-08-21,11,0,118,-107,2830,1796,34,1000
2020-08-22,27,0,27,0,2857,1823,34,1000
2020-08-23,0,0,0,0,2857,1823,34,1000
2020-08-24,65,0,326,-261,2922,2149,34,739
2020-08-25,0,0,0,0,2922,2149,34,739
2020-08-26,26,0,277,-251,2948,2426,34,488
2020-08-27,17,0,12,5,2965,2438,34,493
2020-08-28,22,0,36,-14,2987,2474,34,479
2020-08-29,29,0,16,13,3016,2490,34,492
2020-08-30,19,1,2,16,3035,2492,35,508
2020-08-31,0,0,0,0,3035,2492,35,508
2020-09-01,50,1,22,27,3085,2514,36,535
2020-09-02,8,0,17,-9,3093,2531,36,526
2020-09-03,22,1,0,21,3115,2531,37,547
2020-09-04,63,0,9,54,3178,2540,37,601
2020-09-05,86,2,56,28,3264,2596,39,629
2020-09-06,0,0,0,0,3264,2596,39,629
2020-09-07,60,1,30,29,3324,2626,40,658
2020-09-08,12,0,20,-8,3336,2646,40,650
2020-09-09,0,0,0,0,3336,2646,40,650
2020-09-10,86,1,19,66,3422,2665,41,716
2020-09-11,39,2,19,18,3461,2684,43,734
2020-09-12,50,0,24,26,3511,2708,43,760
2020-09-13,69,2,17,50,3580,2725,45,810
2020-09-14,70,0,0,70,3650,2725,45,880
2020-09-15,52,2,15,35,3702,2740,47,915
2020-09-16,92,2,8,82,3794,2748,49,997
2020-09-17,59,2,13,44,3853,2761,51,1041
2020-09-18,46,4,54,-12,3899,2815,55,1029
2020-09-19,164,2,35,127,4063,2850,57,1156
2020-09-20,42,0,0,42,4105,2850,57,1198
2020-09-21,25,0,0,25,4130,2850,57,1223
2020-09-22,56,2,11,43,4186,2861,59,1266
2020-09-23,115,3,42,70,4301,2903,62,1336
2020-09-24,211,2,51,158,4512,2954,64,1494
2020-09-25,82,0,0,82,4594,2954,64,1576
2020-09-26,65,0,47,18,4659,3001,64,1594
2020-09-27,82,1,0,81,4741,3001,65,1675
2020-09-28,36,0,0,36,4777,3001,65,1711
2020-09-29,0,0,0,0,4777,3001,65,1711
2020-09-30,251,6,74,171,5028,3075,71,1882
2020-10-01,49,4,26,19,5077,3101,75,1901
2020-10-02,97,2,41,54,5174,3142,77,1955
2020-10-03,143,5,37,101,5317,3179,82,2056
2020-10-04,70,2,29,39,5387,3208,84,2095
2020-10-05,78,0,0,78,5465,3208,84,2173
2020-10-06,153,2,36,115,5618,3244,86,2288
2020-10-07,111,0,42,69,5729,3286,86,2357
2020-10-08,78,1,39,38,5807,3325,87,2395
2020-10-09,86,0,0,86,5893,3325,87,2481
2020-10-10,35,3,43,-11,5928,3368,90,2470
2020-10-11,117,0,0,117,6045,3368,90,2587
2020-10-12,0,0,0,0,6045,3368,90,2587
2020-10-13,120,1,97,22,6165,3465,91,2609
2020-10-14,179,1,35,143,6344,3500,92,2752
2020-10-15,84,1,50,33,6428,3550,93,2785
2020-10-16,0,0,0,0,6428,3550,93,2785
2020-10-17,56,2,11,43,6484,3561,95,2828
2020-10-18,57,0,0,57,6541,3561,95,2885
2020-10-19,0,0,0,0,6541,3561,95,2885
2020-10-20,99,1,83,15,6640,3644,96,2900
2020-10-21,0,0,0,0,6640,3644,96,2900
2020-10-22,81,0,0,81,6721,3644,96,2981
2020-10-23,40,1,0,39,6761,3644,97,3020
2020-10-24,45,0,0,45,6806,3644,97,3065
2020-10-25,37,0,0,37,6843,3644,97,3102
2020-10-26,141,3,49,89,6984,3693,100,3191
2020-10-27,0,0,0,0,6984,3693,100,3191
2020-10-28,102,5,30,67,7086,3723,105,3258
2020-10-29,15,0,0,15,7101,3723,105,3273
2020-10-30,47,0,0,47,7148,3723,105,3320
2020-10-31,39,0,0,39,7187,3723,105,3359
2020-11-01,0,0,0,0,7187,3723,105,3359
2020-11-02,0,0,0,0,7187,3723,105,3359
2020-11-03,33,0,17,16,7220,3740,105,3375
2020-11-04,0,0,0,0,7220,3740,105,3375
2020-11-05,150,2,134,14,7370,3874,107,3389
2020-11-06,0,1,0,-1,7370,3874,108,3388
2020-11-07,0,0,0,0,7370,3874,108,3388
2020-11-08,28,2,38,-12,7398,3912,110,3376
2020-11-09,0,0,0,0,7398,3912,110,3376
2020-11-10,0,0,0,0,7398,3912,110,3376
2020-11-11,0,0,0,0,7398,3912,110,3376
2020-11-12,82,1,30,51,7480,3942,111,3427
2020-11-13,125,0,0,125,7605,3942,111,3552
2020-11-14,145,1,23,121,7750,3965,112,3673
2020-11-15,0,0,0,0,7750,3965,112,3673
2020-11-16,16,0,62,-46,7766,4027,112,3627
2020-11-17,4,0,0,4,7770,4027,112,3631
2020-11-18,4,0,0,4,7774,4027,112,3635
2020-11-19,0,0,0,0,7774,4027,112,3635
2020-11-20,0,0,0,0,7774,4027,112,3635
2020-11-21,0,0,0,0,7774,4027,112,3635
2020-11-22,0,0,0,0,7774,4027,112,3635
2020-11-23,0,0,0,0,7774,4027,112,3635
2020-11-24,81,0,0,81,7855,4027,112,3716
2020-11-25,34,0,0,34,7889,4027,112,3750
2020-11-26,29,0,0,29,7918,4027,112,3779
2020-11-27,31,0,0,31,7949,4027,112,3810
2020-11-28,24,0,75,-51,7973,4102,112,3759
2020-11-29,7,0,78,-71,7980,4180,112,3688
2020-11-30,5,1,81,-77,7985,4261,113,3611
2020-12-01,59,3,0,56,8044,4261,116,3667
2020-12-02,23,0,17,6,8067,4278,116,3673
2020-12-03,1378,1,86,1291,9445,4364,117,4964
2020-12-04,105,0,183,-78,9550,4547,117,4886
2020-12-05,46,0,0,46,9596,4547,117,4932
2020-12-06,14,0,0,14,9610,4547,117,4946
2020-12-07,40,0,19,21,9650,4566,117,4967
2020-12-08,107,0,0,107,9757,4566,117,5074
2020-12-09,48,0,2,46,9805,4568,117,5120
2020-12-10,32,1,37,-6,9837,4605,118,5114
2020-12-11,55,0,35,20,9892,4640,118,5134
2020-12-12,43,0,30,13,9935,4670,118,5147
2020-12-13,16,0,0,16,9951,4670,118,5163
2020-12-14,23,0,0,23,9974,4670,118,5186
2020-12-15,91,0,6,85,10065,4676,118,5271
2020-12-16,34,0,0,34,10099,4676,118,5305
2020-12-17,20,4,27,-11,10119,4703,122,5294
2020-12-18,22,0,7,15,10141,4710,122,5309
2020-12-19,27,0,0,27,10168,4710,122,5336
2020-12-20,14,0,1,13,10182,4711,122,5349
2020-12-21,23,0,77,-54,10205,4788,122,5295
2020-12-22,31,0,13,18,10236,4801,122,5313
2020-12-23,19,0,35,-16,10255,4836,122,5297
2020-12-24,31,0,0,31,10286,4836,122,5328
2020-12-25,21,0,235,-214,10307,5071,122,5114
2020-12-26,42,0,152,-110,10349,5223,122,5004
2020-12-27,73,0,151,-78,10422,5374,122,4926
2020-12-28,21,0,0,21,10443,5374,122,4947
2020-12-29,36,0,47,-11,10479,5421,122,4936
2020-12-30,22,0,125,-103,10501,5546,122,4833
2020-12-31,51,1,76,-26,10552,5622,123,4807
2021-01-01,9,1,95,-87,10561,5717,124,4720
2021-01-02,20,0,88,-68,10581,5805,124,4652
2021-01-03,24,1,163,-140,10605,5968,125,4512
2021-01-04,30,1,99,-70,10635,6067,126,4442
2021-01-05,46,1,77,-32,10681,6144,127,4410
2021-01-06,49,1,99,-51,10730,6243,128,4359
2021-01-07,36,1,81,-46,10766,6324,129,4313
2021-01-08,57,2,97,-42,10823,6421,131,4271
2021-01-09,60,1,10,49,10883,6431,132,4320
2021-01-10,27,3,7,17,10910,6438,135,4337
2021-01-11,53,0,13,40,10963,6451,135,4377
2021-01-12,33,2,10,21,10996,6461,137,4398
2021-01-13,46,2,10,34,11042,6471,139,4432
2021-01-14,33,0,7,26,11075,6478,139,4458
2021-01-15,82,1,8,73,11157,6486,140,4531
2021-01-16,75,0,5,70,11232,6491,140,4601
2021-01-17,23,0,0,23,11255,6491,140,4624
2021-01-18,27,1,7,19,11282,6498,141,4643
2021-01-19,86,2,7,77,11368,6505,143,4720
2021-01-20,51,0,5,46,11419,6510,143,4766
2021-01-21,74,1,17,56,11493,6527,144,4822
2021-01-22,145,0,14,131,11638,6541,144,4953
2021-01-23,57,2,73,-18,11695,6614,146,4935
2021-01-24,54,0,8,46,11749,6622,146,4981
2021-01-25,15,1,24,-10,11764,6646,147,4971
2021-01-26,117,0,18,99,11881,6664,147,5070
2021-01-27,57,1,16,40,11938,6680,148,5110
2021-01-28,0,2,88,-90,11938,6768,150,5020
2021-01-29,179,2,14,163,12117,6782,152,5183
2021-01-30,47,2,10,35,12164,6792,154,5218
2021-01-31,18,1,14,3,12182,6806,155,5221
2021-02-01,7,0,12,-5,12189,6818,155,5216
2021-02-02,65,2,14,49,12254,6832,157,5265
2021-02-03,55,0,44,11,12309,6876,157,5276
2021-02-04,123,0,20,103,12432,6896,157,5379
2021-02-05,44,0,12,32,12476,6908,157,5411
2021-02-06,56,0,9,47,12532,6917,157,5458
2021-02-07,40,0,7,33,12572,6924,157,5491
2021-02-08,42,1,13,28,12614,6937,158,5519
2021-02-09,45,0,15,30,12659,6952,158,5549
2021-02-10,78,2,10,66,12737,6962,160,5615
2021-02-11,33,0,10,23,12770,6972,160,5638
2021-02-12,56,2,16,38,12826,6988,162,5676
2021-02-13,46,1,6,39,12872,6994,163,5715
2021-02-14,13,0,11,2,12885,7005,163,5717
2021-02-15,11,0,9,2,12896,7014,163,5719
2021-02-16,2,0,11,-9,12898,7025,163,5710
2021-02-17,7,0,172,-165,12905,7197,163,5545
2021-02-18,28,0,7,21,12933,7204,163,5566
2021-02-19,112,1,30,81,13045,7234,164,5647
2021-02-20,102,1,11,90,13147,7245,165,5737
2021-02-21,33,3,10,20,13180,7255,168,5757
2021-02-22,71,0,1,70,13251,7256,168,5827
2021-02-23,66,2,15,49,13317,7271,170,5876
2021-02-24,34,1,17,16,13351,7288,171,5892
2021-02-25,33,0,20,13,13384,7308,171,5905
2021-02-26,123,0,27,96,13507,7335,171,6001
2021-02-27,74,0,26,48,13581,7361,171,6049
2021-02-28,44,0,39,5,13625,7400,171,6054
2021-03-01,31,1,35,-5,13656,7435,172,6049
2021-03-02,68,1,37,30,13724,7472,173,6079
2021-03-03,91,1,25,65,13815,7497,174,6144
2021-03-04,133,0,38,95,13948,7535,174,6239
2021-03-05,51,0,24,27,13999,7559,174,6266
2021-03-06,41,1,22,18,14040,7581,175,6284
2021-03-07,3,3,32,-32,14043,7613,178,6252
2021-03-08,75,0,36,39,14118,7649,178,6291
2021-03-09,282,0,27,255,14400,7676,178,6546
2021-03-10,149,0,23,126,14549,7699,178,6672
2021-03-11,123,12,343,-232,14672,8042,190,6440
2021-03-12,41,0,26,15,14713,8068,190,6455
2021-03-13,41,2,34,5,14754,8102,192,6460
2021-03-14,25,0,31,-6,14779,8133,192,6454
2021-03-15,39,0,21,18,14818,8154,192,6472
2021-03-16,55,0,17,38,14873,8171,192,6510
2021-03-17,53,0,1,52,14926,8172,192,6562
2021-03-18,101,0,21,80,15027,8193,192,6642
2021-03-19,83,0,16,67,15110,8209,192,6709
2021-03-20,31,1,0,30,15141,8209,193,6739
2021-03-21,3,1,27,-25,15144,8236,194,6714
2021-03-22,17,1,0,16,15161,8236,195,6730
2021-03-23,43,0,20,23,15204,8256,195,6753
2021-03-24,53,0,7,46,15257,8263,195,6799
2021-03-25,103,0,35,68,15360,8298,195,6867
2021-03-26,70,0,4,66,15430,8302,195,6933
2021-03-27,100,0,0,100,15530,8302,195,7033
2021-03-28,12,0,14,-2,15542,8316,195,7031
2021-03-29,46,1,9,36,15588,8325,196,7067
2021-03-30,46,1,27,18,15634,8352,197,7085
2021-03-31,47,0,0,47,15681,8352,197,7132
2021-04-01,12,1,20,-9,15693,8372,198,7123
2021-04-02,42,0,45,-3,15735,8417,198,7120
2021-04-03,17,0,24,-7,15752,8441,198,7113
2021-04-04,15,0,16,-1,15767,8457,198,7112
2021-04-05,4,1,36,-33,15771,8493,199,7079
2021-04-06,28,0,2,26,15799,8495,199,7105
2021-04-07,44,0,13,31,15843,8508,199,7136
2021-04-08,57,1,26,30,15900,8534,200,7166
2021-04-09,55,0,29,26,15955,8563,200,7192
2021-04-10,60,0,0,60,16015,8563,200,7252
2021-04-11,14,0,34,-20,16029,8597,200,7232
2021-04-12,23,0,56,-33,16052,8653,200,7199
2021-04-13,9,2,1,6,16061,8654,202,7205
2021-04-14,0,0,27,-27,16061,8681,202,7178
2021-04-15,52,0,22,30,16113,8703,202,7208
2021-04-16,37,0,34,3,16150,8737,202,7211
2021-04-17,11,0,25,-14,16161,8762,202,7197
2021-04-18,3,1,39,-37,16164,8801,203,7160
2021-04-19,21,0,47,-26,16185,8848,203,7134
2021-04-20,14,1,21,-8,16199,8869,204,7126
2021-04-21,20,0,0,20,16219,8869,204,7146
2021-04-22,9,0,37,-28,16228,8906,204,7118
2021-04-23,7,0,3,4,16235,8909,204,7122
2021-04-24,5,1,13,-9,16240,8922,205,7113
2021-04-25,7,0,21,-14,16247,8943,205,7099
2021-04-26,1,0,12,-11,16248,8955,205,7088
2021-04-27,12,0,14,-2,16260,8969,205,7086
2021-04-28,11,0,22,-11,16271,8991,205,7075
2021-04-29,14,0,31,-17,16285,9022,205,7058
2021-04-30,20,0,24,-4,16305,9046,205,7054
2021-05-01,0,0,9,-9,16305,9055,205,7045
2021-05-02,0,0,14,-14,16305,9069,205,7031
2021-05-03,0,0,12,-12,16305,9081,205,7019
2021-05-04,2,0,5,-3,16307,9086,205,7016
2021-05-05,11,0,11,0,16318,9097,205,7016
2021-05-06,19,0,18,1,16337,9115,205,7017
2021-05-07,2,0,0,2,16339,9115,205,7019
2021-05-08,1,1,2,-2,16340,9117,206,7017
2021-05-09,12,0,16,-4,16352,9133,206,7013
2021-05-10,0,0,0,0,16352,9133,206,7013
2021-05-11,2,0,13,-11,16354,9146,206,7002
2021-05-12,3,0,6,-3,16357,9152,206,6999
2021-05-13,0,0,0,0,16357,9152,206,6999
2021-05-14,0,0,2,-2,16357,9154,206,6997
2021-05-15,0,0,0,0,16357,9154,206,6997
2021-05-16,0,0,0,0,16357,9154,206,6997
2021-05-17,0,0,0,0,16357,9154,206,6997
2021-05-18,0,0,0,0,16357,9154,206,6997
2021-05-19,0,0,0,0,16357,9154,206,6997
2021-05-20,0,0,0,0,16357,9154,206,6997
2021-05-21,0,0,0,0,16357,9154,206,6997
2021-05-22,0,0,0,0,16357,9154,206,6997
2021-05-23,0,0,0,0,16357,9154,206,6997
2021-05-24,24,0,0,24,16381,9154,206,7021
2021-05-25,0,0,0,0,16381,9154,206,7021
2021-05-26,0,1,0,-1,16381,9154,207,7020
2021-05-27,0,0,0,0,16381,9154,207,7020
2021-05-28,0,1,0,-1,16381,9154,208,7019
2021-05-29,0,0,0,0,16381,9154,208,7019
2021-05-30,0,0,0,0,16381,9154,208,7019
2021-05-31,0,0,0,0,16381,9154,208,7019
2021-06-01,0,0,0,0,16381,9154,208,7019
2021-06-02,0,0,0,0,16381,9154,208,7019
2021-06-03,0,0,0,0,16381,9154,208,7019
2021-06-04,0,0,0,0,16381,9154,208,7019
2021-06-05,10,0,0,10,16391,9154,208,7029
2021-06-06,0,0,0,0,16391,9154,208,7029
2021-06-07,0,0,0,0,16391,9154,208,7029
2021-06-08,12,0,7,5,16403,9161,208,7034
2021-06-09,16,1,16,-1,16419,9177,209,7033
2021-06-10,25,2,16,7,16444,9193,211,7040
2021-06-11,24,1,16,7,16468,9209,212,7047
2021-06-12,15,0,7,8,16483,9216,212,7055
2021-06-13,6,0,17,-11,16489,9233,212,7044
2021-06-14,2,0,0,2,16491,9233,212,7046
2021-06-15,10,0,5,5,16501,9238,212,7051
2021-06-16,3,0,0,3,16504,9238,212,7054
2021-06-17,23,0,1,22,16527,9239,212,7076
2021-06-18,6,0,4,2,16533,9243,212,7078
2021-06-19,7,1,2,4,16540,9245,213,7082
2021-06-20,5,1,0,4,16545,9245,214,7086
2021-06-21,5,1,0,4,16550,9245,215,7090
2021-06-22,34,0,0,34,16584,9245,215,7124
2021-06-23,29,0,2,27,16613,9247,215,7151
2021-06-24,7,0,0,7,16620,9247,215,7158
2021-06-25,36,0,2,34,16656,9249,215,7192
2021-06-26,36,1,8,27,16692,9257,216,7219
2021-06-27,25,1,5,19,16717,9262,217,7238
2021-06-28,9,0,0,9,16726,9262,217,7247
2021-06-29,40,1,3,36,16766,9265,218,7283
2021-06-30,29,0,47,-18,16795,9312,218,7265
2021-07-01,42,0,0,42,16837,9312,218,7307
2021-07-02,17,0,5,12,16854,9317,218,7319
2021-07-03,27,2,0,25,16881,9317,220,7344
2021-07-04,56,0,10,46,16937,9327,220,7390
2021-07-05,36,1,0,35,16973,9327,221,7425
2021-07-06,11,0,0,11,16984,9327,221,7436
2021-07-07,54,3,0,51,17038,9327,224,7487
2021-07-08,82,1,3,78,17120,9330,225,7565
2021-07-09,99,1,19,79,17219,9349,226,7644
2021-07-10,58,1,3,54,17277,9352,227,7698
2021-07-11,71,0,10,61,17348,9362,227,7759
2021-07-12,167,1,0,166,17515,9362,228,7925
2021-07-13,157,1,19,137,17672,9381,229,8062
2021-07-14,290,0,1,289,17962,9382,229,8351
2021-07-15,252,0,0,252,18214,9382,229,8603
2021-07-16,232,0,0,232,18446,9382,229,8835
2021-07-17,176,0,0,176,18622,9382,229,9011
2021-07-18,111,2,44,65,18733,9426,231,9076
2021-07-19,149,1,0,148,18882,9426,232,9224
2021-07-20,211,0,2,209,19093,9428,232,9433
2021-07-21,208,3,1,204,19301,9429,235,9637
2021-07-22,180,1,0,179,19481,9429,236,9816
2021-07-23,261,4,0,257,19742,9429,240,10073
2021-07-24,209,4,50,155,19951,9479,244,10228
2021-07-25,152,3,1,148,20103,9480,247,10376
2021-07-26,279,6,0,273,20382,9480,253,10649
2021-07-27,282,2,83,197,20664,9563,255,10846
2021-07-28,272,4,249,19,20936,9812,259,10865
2021-07-29,262,10,220,32,21198,10032,269,10897
2021-07-30,257,25,6,226,21455,10038,294,11123
2021-07-31,217,3,0,214,21672,10038,297,11337
2021-08-01,152,8,10,134,21824,10048,305,11471
2021-08-02,145,5,18,122,21969,10066,310,11593
2021-08-03,266,6,10,250,22235,10076,316,11843
2021-08-04,197,6,118,73,22432,10194,322,11916
2021-08-05,233,0,101,132,22665,10295,322,12048
2021-08-06,176,3,201,-28,22841,10496,325,12020
2021-08-07,164,8,169,-13,23005,10665,333,12007
2021-08-08,70,5,163,-98,23075,10828,338,11909
2021-08-09,103,6,2685,-2588,23178,13513,344,9321
2021-08-10,164,7,244,-87,23342,13757,351,9234
2021-08-11,147,9,128,10,23489,13885,360,9244
2021-08-12,189,3,72,114,23678,13957,363,9358
2021-08-13,195,5,155,35,23873,14112,368,9393
2021-08-14,142,5,156,-19,24015,14268,373,9374
2021-08-15,119,0,176,-57,24134,14444,373,9317
2021-08-16,150,2,130,18,24284,14574,375,9335
2021-08-17,184,14,145,25,24468,14719,389,9360
2021-08-18,130,1,84,45,24598,14803,390,9405
2021-08-19,165,1,56,108,24763,14859,391,9513
2021-08-20,109,0,46,63,24872,14905,391,9576
2021-08-21,155,3,40,112,25027,14945,394,9688
2021-08-22,59,0,49,10,25086,14994,394,9698
2021-08-23,86,0,58,28,25172,15052,394,9726
2021-08-24,123,1,36,86,25295,15088,395,9812
2021-08-25,88,1,36,51,25383,15124,396,9863
2021-08-26,122,0,31,91,25505,15155,396,9954
2021-08-27,82,2,85,-5,25587,15240,398,9949
2021-08-28,95,1,281,-187,25682,15521,399,9762
2021-08-29,64,0,21,43,25746,15542,399,9805
2021-08-30,55,1,126,-72,25801,15668,400,9733
2021-08-31,85,2,23,60,25886,15691,402,9793
2021-09-01,125,1,49,75,26011,15740,403,9868
2021-09-02,69,1,18,50,26080,15758,404,9918
2021-09-03,37,2,9,26,26117,15767,406,9944
2021-09-04,63,5,16,42,26180,15783,411,9986
2021-09-05,50,0,3,47,26230,15786,411,10033
2021-09-06,31,0,14,17,26261,15800,411,10050
2021-09-07,77,0,166,-89,26338,15966,411,9961
2021-09-08,87,1,616,-530,26425,16582,412,9431
2021-09-09,41,1,374,-334,26466,16956,413,9097
2021-09-10,31,2,333,-304,26497,17289,415,8793
2021-09-11,51,2,5,44,26548,17294,417,8837
2021-09-12,23,11,563,-551,26571,17857,428,8286
2021-09-13,22,1,1865,-1844,26593,19722,429,6442
2021-09-14,34,2,152,-120,26627,19874,431,6322
2021-09-15,24,0,90,-66,26651,19964,431,6256
2021-09-16,24,1,4520,-4497,26675,24484,432,1759
2021-09-17,32,0,0,32,26707,24484,432,1791
2021-09-18,56,0,484,-428,26763,24968,432,1363
2021-09-19,30,0,0,30,26793,24968,432,1393
2021-09-20,17,0,33,-16,26810,25001,432,1377
2021-09-21,34,1,42,-9,26844,25043,433,1368
2021-09-22,25,0,30,-5,26869,25073,433,1363
2021-09-23,32,0,2,30,26901,25075,433,1393
2021-09-24,29,0,10,19,26930,25085,433,1412
2021-09-25,33,0,14,19,26963,25099,433,1431
2021-09-26,18,0,0,18,26981,25099,433,1449
2021-09-27,16,0,6,10,26997,25105,433,1459
2021-09-28,33,0,5,28,27030,25110,433,1487
2021-09-29,19,0,82,-63,27049,25192,433,1424
2021-09-30,10,0,5,5,27059,25197,433,1429
2021-10-01,21,0,2,19,27080,25199,433,1448
2021-10-02,12,0,43,-31,27092,25242,433,1417
2021-10-03,19,0,0,19,27111,25242,433,1436
2021-10-04,28,0,5,23,27139,25247,433,1459
2021-10-05,19,0,7,12,27158,25254,433,1471
2021-10-06,7,0,9,-2,27165,25263,433,1469
2021-10-07,24,0,0,24,27189,25263,433,1493
2021-10-08,11,0,141,-130,27200,25404,433,1363
2021-10-09,20,0,0,20,27220,25404,433,1383
2021-10-10,6,0,0,6,27226,25404,433,1389
2021-10-11,12,0,19,-7,27238,25423,433,1382
2021-10-12,11,1,31,-21,27249,25454,434,1361
2021-10-13,17,0,0,17,27266,25454,434,1378
2021-10-14,15,0,0,15,27281,25454,434,1393
2021-10-15,26,0,0,26,27307,25454,434,1419
2021-10-16,19,0,4,15,27326,25458,434,1434
2021-10-17,9,0,0,9,27335,25458,434,1443
2021-10-18,3,1,42,-40,27338,25500,435,1403
2021-10-19,10,0,3,7,27348,25503,435,1410
2021-10-20,7,0,0,7,27355,25503,435,1417
2021-10-21,4,0,6,-2,27359,25509,435,1415
2021-10-22,5,0,5,0,27364,25514,435,1415
2021-10-23,4,0,0,4,27368,25514,435,1419
2021-10-24,2,0,0,2,27370,25514,435,1421
2021-10-25,6,0,0,6,27376,25514,435,1427
2021-10-26,9,0,0,9,27385,25514,435,1436
2021-10-27,6,0,1,5,27391,25515,435,1441
2021-10-28,6,0,71,-65,27397,25586,435,1376
2021-10-29,17,0,0,17,27414,25586,435,1393
2021-10-30,3,0,0,3,27417,25586,435,1396
2021-10-31,6,0,0,6,27423,25586,435,1402
2021-11-01,3,1,4,-2,27426,25590,436,1400
2021-11-02,4,0,3,1,27430,25593,436,1401
2021-11-03,6,0,92,-86,27436,25685,436,1315
2021-11-04,3,0,0,3,27439,25685,436,1318
2021-11-05,5,0,0,5,27444,25685,436,1323
2021-11-06,8,0,0,8,27452,25685,436,1331
2021-11-07,1,0,0,1,27453,25685,436,1332
2021-11-08,2,0,0,2,27455,25685,436,1334
2021-11-09,5,0,1,4,27460,25686,436,1338
2021-11-10,2,0,0,2,27462,25686,436,1340
2021-11-11,6,0,0,6,27468,25686,436,1346
2021-11-12,14,0,0,14,27482,25686,436,1360
2021-11-13,7,0,0,7,27489,25686,436,1367
2021-11-14,2,0,0,2,27491,25686,436,1369
2021-11-15,6,0,0,6,27497,25686,436,1375
2021-11-16,2,0,0,2,27499,25686,436,1377
2021-11-17,2,0,0,2,27501,25686,436,1379
2021-11-18,3,0,0,3,27504,25686,436,1382
2021-11-19,2,0,0,2,27506,25686,436,1384
2021-11-20,3,0,0,3,27509,25686,436,1387
2021-11-21,0,0,0,0,27509,25686,436,1387
2021-11-22,1,0,0,1,27510,25686,436,1388
2021-11-23,6,0,0,6,27516,25686,436,1394
2021-11-24,8,0,0,8,27524,25686,436,1402
2021-11-25,0,2,2,-4,27524,25688,438,1398
2021-11-26,5,0,0,5,27529,25688,438,1403
2021-11-27,4,0,0,4,27533,25688,438,1407
2021-11-28,0,0,0,0,27533,25688,438,1407
2021-11-29,2,1,27,-26,27535,25715,439,1381
2021-11-30,1,0,0,1,27536,25715,439,1382
2021-12-01,2,0,0,2,27538,25715,439,1384
2021-12-02,2,0,8,-6,27540,25723,439,1378
2021-12-03,0,0,0,0,27540,25723,439,1378
2021-12-04,2,0,1,1,27542,25724,439,1379
2021-12-05,0,0,0,0,27542,25724,439,1379
2021-12-06,0,0,1270,-1270,27542,26994,439,109
2021-12-07,4,1,1,2,27546,26995,440,111
2021-12-08,1,0,0,1,27547,26995,440,112
2021-12-09,2,0,0,2,27549,26995,440,114
2021-12-10,0,0,2,-2,27549,26997,440,112
2021-12-11,2,0,0,2,27551,26997,440,114
2021-12-12,1,0,0,1,27552,26997,440,115
2021-12-13,0,0,0,0,27552,26997,440,115
2021-12-14,2,0,0,2,27554,26997,440,117
2021-12-15,1,0,0,1,27555,26997,440,118
2021-12-16,0,0,0,0,27555,26997,440,118
2021-12-17,1,0,0,1,27556,26997,440,119
2021-12-18,1,0,0,1,27557,26997,440,120
2021-12-19,0,0,0,0,27557,26997,440,120
2021-12-20,0,0,0,0,27557,26997,440,120
2021-12-21,2,0,0,2,27559,26997,440,122
2021-12-22,0,0,38,-38,27559,27035,440,84
2021-12-23,2,0,0,2,27561,27035,440,86
2021-12-24,3,0,2,1,27564,27037,440,87
2021-12-25,1,0,0,1,27565,27037,440,88
2021-12-26,0,0,0,0,27565,27037,440,88
2021-12-27,0,0,0,0,27565,27037,440,88
2021-12-28,1,0,0,1,27566,27037,440,89
2021-12-29,0,0,0,0,27566,27037,440,89
2021-12-30,2,0,0,2,27568,27037,440,91
2021-12-31,0,0,0,0,27568,27037,440,91
2022-01-01,0,0,1,-1,27568,27038,440,90
2022-01-02,0,0,0,0,27568,27038,440,90
2022-01-03,2,0,0,2,27570,27038,440,92
2022-01-04,3,0,0,3,27573,27038,440,95
2022-01-05,1,0,0,1,27574,27038,440,96
2022-01-06,1,0,0,1,27575,27038,440,97
2022-01-07,1,0,0,1,27576,27038,440,98
2022-01-08,1,0,0,1,27577,27038,440,99
2022-01-09,0,0,0,0,27577,27038,440,99
2022-01-10,1,0,0,1,27578,27038,440,100
2022-01-11,2,0,0,2,27580,27038,440,102
2022-01-12,2,0,0,2,27582,27038,440,104
2022-01-13,1,0,0,1,27583,27038,440,105
2022-01-14,1,0,0,1,27584,27038,440,106
2022-01-15,3,0,0,3,27587,27038,440,109
2022-01-16,2,0,7,-5,27589,27045,440,104
2022-01-17,5,0,0,5,27594,27045,440,109
2022-01-18,4,0,0,4,27598,27045,440,113
2022-01-19,5,0,0,5,27603,27045,440,118
2022-01-20,6,0,0,6,27609,27045,440,124
2022-01-21,4,0,0,4,27613,27045,440,128
2022-01-22,7,0,0,7,27620,27045,440,135
2022-01-23,2,0,0,2,27622,27045,440,137
2022-01-24,2,0,1,1,27624,27046,440,138
2022-01-25,15,0,2,13,27639,27048,440,151
2022-01-26,19,0,0,19,27658,27048,440,170
2022-01-27,14,0,0,14,27672,27048,440,184
2022-01-28,42,0,0,42,27714,27048,440,226
2022-01-29,27,0,0,27,27741,27048,440,253
2022-01-30,26,0,0,26,27767,27048,440,279
2022-01-31,41,0,0,41,27808,27048,440,320
2022-02-01,84,0,0,84,27892,27048,440,404
2022-02-02,38,0,0,38,27930,27048,440,442
2022-02-03,146,0,0,146,28076,27048,440,588
2022-02-04,201,0,0,201,28277,27048,440,789
2022-02-05,202,0,0,202,28479,27048,440,991
2022-02-06,128,0,0,128,28607,27048,440,1119
2022-02-07,137,0,0,137,28744,27048,440,1256
2022-02-08,375,0,0,375,29119,27048,440,1631
2022-02-09,398,0,0,398,29517,27048,440,2029
2022-02-10,353,2,1,350,29870,27049,442,2379
2022-02-11,388,0,0,388,30258,27049,442,2767
2022-02-12,479,0,0,479,30737,27049,442,3246
2022-02-13,377,0,0,377,31114,27049,442,3623
2022-02-14,395,0,0,395,31509,27049,442,4018
2022-02-15,797,0,0,797,32306,27049,442,4815
2022-02-16,566,0,0,566,32872,27049,442,5381
2022-02-17,588,0,0,588,33460,27049,442,5969
2022-02-18,508,0,0,508,33968,27049,442,6477
2022-02-19,433,0,0,433,34401,27049,442,6910
2022-02-20,248,0,0,248,34649,27049,442,7158
2022-02-21,236,0,0,236,34885,27049,442,7394
2022-02-22,420,0,0,420,35305,27049,442,7814
2022-02-23,342,0,2,340,35647,27051,442,8154
2022-02-24,323,0,0,323,35970,27051,442,8477
2022-02-25,308,0,0,308,36278,27051,442,8785
2022-02-26,278,0,0,278,36556,27051,442,9063
2022-02-27,125,0,0,125,36681,27051,442,9188
2022-02-28,96,0,0,96,36777,27051,442,9284
2022-03-01,145,0,0,145,36922,27051,442,9429
2022-03-02,204,0,0,204,37126,27051,442,9633
2022-03-03,116,0,2,114,37242,27053,442,9747
2022-03-04,102,0,4,98,37344,27057,442,9845
2022-03-05,143,0,0,143,37487,27057,442,9988
2022-03-06,82,0,0,82,37569,27057,442,10070
2022-03-07,60,0,0,60,37629,27057,442,10130
2022-03-08,123,0,1483,-1360,37752,28540,442,8770
2022-03-09,78,7,0,71,37830,28540,449,8841
2022-03-10,68,1,0,67,37898,28540,450,8908
2022-03-11,51,0,0,51,37949,28540,450,8959
2022-03-12,36,0,0,36,37985,28540,450,8995
2022-03-13,40,0,0,40,38025,28540,450,9035
2022-03-14,51,0,0,51,38076,28540,450,9086
2022-03-15,66,0,0,66,38142,28540,450,9152
2022-03-16,43,0,0,43,38185,28540,450,9195
2022-03-17,35,0,0,35,38220,28540,450,9230
2022-03-18,40,0,0,40,38260,28540,450,9270
2022-03-19,32,0,0,32,38292,28540,450,9302
2022-03-20,12,0,0,12,38304,28540,450,9314
2022-03-21,61,0,0,61,38365,28540,450,9375
2022-03-22,26,0,0,26,38391,28540,450,9401
2022-03-23,41,0,0,41,38432,28540,450,9442
2022-03-24,21,0,1,20,38453,28541,450,9462
2022-03-25,12,0,0,12,38465,28541,450,9474
2022-03-26,23,0,0,23,38488,28541,450,9497
2022-03-27,35,0,4,31,38523,28545,450,9528
2022-03-28,39,0,0,39,38562,28545,450,9567
2022-03-29,13,0,0,13,38575,28545,450,9580
2022-03-30,9,0,0,9,38584,28545,450,9589
2022-03-31,18,0,0,18,38602,28545,450,9607
2022-04-01,22,0,0,22,38624,28545,450,9629
2022-04-02,8,0,1,7,38632,28546,450,9636
2022-04-03,10,0,14,-4,38642,28560,450,9632
2022-04-04,8,0,7,1,38650,28567,450,9633
2022-04-05,6,0,0,6,38656,28567,450,9639
2022-04-06,33,0,5,28,38689,28572,450,9667
2022-04-07,15,0,0,15,38704,28572,450,9682
2022-04-08,19,1,13,5,38723,28585,451,9687
2022-04-09,40,1,28,11,38763,28613,452,9698
2022-04-10,4,0,0,4,38767,28613,452,9702
2022-04-11,4,0,0,4,38771,28613,452,9706
2022-04-12,10,0,2,8,38781,28615,452,9714
2022-04-13,3,0,0,3,38784,28615,452,9717
2022-04-14,13,0,0,13,38797,28615,452,9730
2022-04-15,4,0,0,4,38801,28615,452,9734
2022-04-16,11,0,0,11,38812,28615,452,9745
2022-04-17,6,0,1,5,38818,28616,452,9750
2022-04-18,2,0,3,-1,38820,28619,452,9749
2022-04-19,3,0,0,3,38823,28619,452,9752
2022-04-20,2,0,0,2,38825,28619,452,9754
2022-04-21,4,0,3346,-3342,38829,31965,452,6412
2022-04-22,9,0,6322,-6313,38838,38287,452,99
2022-04-23,4,0,0,4,38842,38287,452,103
2022-04-24,3,0,0,3,38845,38287,452,106
2022-04-25,5,1,0,4,38850,38287,453,110
2022-04-26,2,0,0,2,38852,38287,453,112
2022-04-27,4,0,0,4,38856,38287,453,116
2022-04-28,6,0,0,6,38862,38287,453,122
2022-04-29,3,0,0,3,38865,38287,453,125
2022-04-30,5,0,0,5,38870,38287,453,130
2022-05-01,4,0,0,4,38874,38287,453,134
2022-05-02,2,0,0,2,38876,38287,453,136
2022-05-03,2,0,0,2,38878,38287,453,138
2022-05-04,1,0,0,1,38879,38287,453,139
2022-05-05,2,0,0,2,38881,38287,453,141
2022-05-06,2,0,0,2,38883,38287,453,143
2022-05-07,3,0,0,3,38886,38287,453,146
2022-05-08,1,0,0,1,38887,38287,453,147
2022-05-09,3,0,0,3,38890,38287,453,150
2022-05-10,0,0,0,0,38890,38287,453,150
2022-05-11,4,0,0,4,38894,38287,453,154
2022-05-12,3,0,0,3,38897,38287,453,157
2022-05-13,2,0,0,2,38899,38287,453,159
2022-05-14,3,0,0,3,38902,38287,453,162
2022-05-15,0,0,0,0,38902,38287,453,162
2022-05-16,0,0,0,0,38902,38287,453,162
2022-05-17,5,0,0,5,38907,38287,453,167
2022-05-18,1,0,0,1,38908,38287,453,168
2022-05-19,3,0,0,3,38911,38287,453,171
2022-05-20,4,0,0,4,38915,38287,453,175
2022-05-21,0,0,0,0,38915,38287,453,175
2022-05-22,1,0,0,1,38916,38287,453,176
2022-05-23,1,1,136,-136,38917,38423,454,40
2022-05-24,1,0,0,1,38918,38423,454,41
2022-05-25,2,0,0,2,38920,38423,454,43
2022-05-26,0,0,0,0,38920,38423,454,43
2022-05-27,3,0,0,3,38923,38423,454,46
2022-05-28,2,0,0,2,38925,38423,454,48
2022-05-29,0,0,0,0,38925,38423,454,48
2022-05-30,1,0,0,1,38926,38423,454,49
2022-05-31,0,0,0,0,38926,38423,454,49
2022-06-01,1,0,0,1,38927,38423,454,50
2022-06-02,1,0,0,1,38928,38423,454,51
2022-06-03,2,0,0,2,38930,38423,454,53
2022-06-04,2,0,0,2,38932,38423,454,55
2022-06-05,1,0,0,1,38933,38423,454,56
2022-06-06,1,0,0,1,38934,38423,454,57
2022-06-07,1,0,0,1,38935,38423,454,58
2022-06-08,2,0,0,2,38937,38423,454,60
2022-06-09,1,0,23,-22,38938,38446,454,38
2022-06-10,1,1,0,0,38939,38446,455,38
2022-06-11,1,0,0,1,38940,38446,455,39
2022-06-12,1,0,0,1,38941,38446,455,40
2022-06-13,1,0,0,1,38942,38446,455,41
2022-06-14,1,0,0,1,38943,38446,455,42
2022-06-15,2,0,0,2,38945,38446,455,44
2022-06-16,3,0,0,3,38948,38446,455,47
2022-06-17,4,0,24,-20,38952,38470,455,27
2022-06-18,6,0,0,6,38958,38470,455,33
2022-06-19,0,0,0,0,38958,38470,455,33
2022-06-20,3,0,0,3,38961,38470,455,36
2022-06-21,3,0,0,3,38964,38470,455,39
2022-06-22,1,0,0,1,38965,38470,455,40
2022-06-23,1,0,0,1,38966,38470,455,41
2022-06-24,0,0,0,0,38966,38470,455,41
2022-06-25,5,0,0,5,38971,38470,455,46
2022-06-26,2,0,0,2,38973,38470,455,48
2022-06-27,3,0,9,-6,38976,38479,455,42
2022-06-28,1,0,0,1,38977,38479,455,43
2022-06-29,1,0,0,1,38978,38479,455,44
2022-06-30,2,0,0,2,38980,38479,455,46
2022-07-01,3,0,0,3,38983,38479,455,49
2022-07-02,3,0,0,3,38986,38479,455,52
2022-07-03,1,0,0,1,38987,38479,455,53
2022-07-04,3,0,0,3,38990,38479,455,56
2022-07-05,2,0,0,2,38992,38479,455,58
2022-07-06,7,0,0,7,38999,38479,455,65
2022-07-07,5,0,10,-5,39004,38489,455,60
2022-07-08,5,0,0,5,39009,38489,455,65
2022-07-09,4,0,0,4,39013,38489,455,69
2022-07-10,1,0,0,1,39014,38489,455,70
2022-07-11,8,0,26,-18,39022,38515,455,52
2022-07-12,2,0,0,2,39024,38515,455,54
2022-07-13,5,0,0,5,39029,38515,455,59
2022-07-14,3,0,0,3,39032,38515,455,62
2022-07-15,3,0,0,3,39035,38515,455,65
2022-07-16,5,0,0,5,39040,38515,455,70
2022-07-17,4,0,0,4,39044,38515,455,74
2022-07-18,3,0,0,3,39047,38515,455,77
2022-07-19,10,0,0,10,39057,38515,455,87
2022-07-20,19,0,0,19,39076,38515,455,106
2022-07-21,12,0,0,12,39088,38515,455,118
2022-07-22,8,0,10,-2,39096,38525,455,116
2022-07-23,6,0,0,6,39102,38525,455,122
2022-07-24,6,0,0,6,39108,38525,455,128
2022-07-25,6,0,12,-6,39114,38537,455,122
2022-07-26,9,0,0,9,39123,38537,455,131
2022-07-27,26,0,0,26,39149,38537,455,157
2022-07-28,19,0,0,19,39168,38537,455,176
2022-07-29,20,0,0,20,39188,38537,455,196
2022-07-30,13,0,0,13,39201,38537,455,209
2022-07-31,10,0,0,10,39211,38537,455,219
2022-08-01,6,0,54,-48,39217,38591,455,171
2022-08-02,18,0,0,18,39235,38591,455,189
2022-08-03,20,0,0,20,39255,38591,455,209
2022-08-04,23,0,0,23,39278,38591,455,232
2022-08-05,21,0,0,21,39299,38591,455,253
2022-08-06,23,0,0,23,39322,38591,455,276
2022-08-07,9,0,0,9,39331,38591,455,285
2022-08-08,13,0,0,13,39344,38591,455,298
2022-08-09,36,0,81,-45,39380,38672,455,253
2022-08-10,25,0,0,25,39405,38672,455,278
2022-08-11,32,0,0,32,39437,38672,455,310
2022-08-12,26,0,0,26,39463,38672,455,336
2022-08-13,25,0,0,25,39488,38672,455,361
2022-08-14,11,0,0,11,39499,38672,455,372
2022-08-15,15,0,0,15,39514,38672,455,387
2022-08-16,41,0,0,41,39555,38672,455,428
2022-08-17,9,0,0,9,39564,38672,455,437
2022-08-18,16,0,0,16,39580,38672,455,453
2022-08-19,44,0,0,44,39624,38672,455,497
2022-08-20,17,0,0,17,39641,38672,455,514
2022-08-21,19,0,0,19,39660,38672,455,533
2022-08-22,11,0,85,-74,39671,38757,455,459
2022-08-23,20,0,0,20,39691,38757,455,479
2022-08-24,22,0,75,-53,39713,38832,455,426
2022-08-25,29,0,0,29,39742,38832,455,455
2022-08-26,18,0,0,18,39760,38832,455,473
2022-08-27,21,0,0,21,39781,38832,455,494
2022-08-28,10,0,0,10,39791,38832,455,504
2022-08-29,10,0,0,10,39801,38832,455,514
2022-08-30,29,0,267,-238,39830,39099,455,276
2022-08-31,30,0,0,30,39860,39099,455,306
2022-09-01,28,0,0,28,39888,39099,455,334
2022-09-02,9,0,0,9,39897,39099,455,343
2022-09-03,10,0,0,10,39907,39099,455,353
2022-09-04,4,0,0,4,39911,39099,455,357
2022-09-05,8,0,86,-78,39919,39185,455,279
2022-09-06,14,0,0,14,39933,39185,455,293
2022-09-07,9,0,0,9,39942,39185,455,302
2022-09-08,11,0,0,11,39953,39185,455,313
2022-09-09,14,0,0,14,39967,39185,455,327
2022-09-10,3,0,0,3,39970,39185,455,330
2022-09-11,7,0,0,7,39977,39185,455,337
2022-09-12,9,0,160,-151,39986,39345,455,186
2022-09-13,15,0,0,15,40001,39345,455,201
2022-09-14,3,0,0,3,40004,39345,455,204
2022-09-15,14,0,0,14,40018,39345,455,218
2022-09-16,7,0,87,-80,40025,39432,455,138
2022-09-17,8,0,0,8,40033,39432,455,146
2022-09-18,6,0,0,6,40039,39432,455,152
2022-09-19,9,0,19,-10,40048,39451,455,142
2022-09-20,12,0,0,12,40060,39451,455,154
2022-09-21,12,0,0,12,40072,39451,455,166
2022-09-22,8,0,26,-18,40080,39477,455,148
2022-09-23,9,0,0,9,40089,39477,455,157
2022-09-24,5,0,0,5,40094,39477,455,162
2022-09-25,2,0,0,2,40096,39477,455,164
2022-09-26,10,0,37,-27,40106,39514,455,137
2022-09-27,6,0,0,6,40112,39514,455,143
2022-09-28,13,0,0,13,40125,39514,455,156
2022-09-29,3,0,0,3,40128,39514,455,159
2022-09-30,10,0,0,10,40138,39514,455,169
