tanggal,KASUS,MENINGGAL,SEMBUH,DIRAWAT_OR_ISOLASI,AKUMULASI_KASUS,AKUMULASI_SEMBUH,AKUMULASI_MENINGGAL,AKUMULASI_DIRAWAT_OR_ISOLASI
2020-03-19,2,0,0,2,2,0,0,2
2020-03-20,0,0,0,0,2,0,0,2
2020-03-21,0,0,0,0,2,0,0,2
2020-03-22,0,0,0,0,2,0,0,2
2020-03-23,0,1,0,-1,2,0,1,1
2020-03-24,2,0,0,2,4,0,1,3
2020-03-25,9,0,0,9,13,0,1,12
2020-03-26,14,0,0,14,27,0,1,26
2020-03-27,2,0,0,2,29,0,1,28
2020-03-28,3,0,0,3,32,0,1,31
2020-03-29,15,0,0,15,47,0,1,46
2020-03-30,4,2,0,2,51,0,3,48
2020-03-31,0,1,0,-1,51,0,4,47
2020-04-01,14,0,0,14,65,0,4,61
2020-04-02,0,2,4,-6,65,4,6,55
2020-04-03,15,0,0,15,80,4,6,70
2020-04-04,0,2,5,-7,80,9,8,63
2020-04-05,2,2,11,-11,82,20,10,52
2020-04-06,29,0,0,29,111,20,10,81
2020-04-07,10,0,2,8,121,22,10,89
2020-04-08,5,1,2,2,126,24,11,91
2020-04-09,6,0,0,6,132,24,11,97
2020-04-10,33,1,0,32,165,24,12,129
2020-04-11,11,6,0,5,176,24,18,134
2020-04-12,45,0,0,45,221,24,18,179
2020-04-13,0,1,6,-7,221,30,19,172
2020-04-14,8,3,4,1,229,34,22,173
2020-04-15,10,1,9,0,239,43,23,173
2020-04-16,27,2,0,25,266,43,25,198
2020-04-17,65,2,2,61,331,45,27,259
2020-04-18,10,2,5,3,341,50,29,262
2020-04-19,27,1,10,16,368,60,30,278
2020-04-20,0,1,9,-10,368,69,31,268
2020-04-21,6,2,0,4,374,69,33,272
2020-04-22,13,0,5,8,387,74,33,280
2020-04-23,10,0,5,5,397,79,33,285
2020-04-24,22,0,1,21,419,80,33,306
2020-04-25,13,1,1,11,432,81,34,317
2020-04-26,8,1,18,-11,440,99,35,306
2020-04-27,0,0,7,-7,440,106,35,299
2020-04-28,13,0,2,11,453,108,35,310
2020-04-29,12,0,10,2,465,118,35,312
2020-04-30,26,0,4,22,491,122,35,334
2020-05-01,56,0,13,43,547,135,35,377
2020-05-02,30,3,10,17,577,145,38,394
2020-05-03,24,0,6,18,601,151,38,412
2020-05-04,6,0,48,-42,607,199,38,370
2020-05-05,33,2,27,4,640,226,40,374
2020-05-06,25,3,7,15,665,233,43,389
2020-05-07,19,1,3,15,684,236,44,404
2020-05-08,24,2,13,9,708,249,46,413
2020-05-09,2,0,9,-7,710,258,46,406
2020-05-10,12,2,6,4,722,264,48,410
2020-05-11,0,1,11,-12,722,275,49,398
2020-05-12,26,0,7,19,748,282,49,417
2020-05-13,54,0,5,49,802,287,49,466
2020-05-14,36,0,5,31,838,292,49,497
2020-05-15,33,0,0,33,871,292,49,530
2020-05-16,46,1,19,26,917,311,50,556
2020-05-17,34,0,7,27,951,318,50,583
2020-05-18,66,2,18,46,1017,336,52,629
2020-05-19,47,0,22,25,1064,358,52,654
2020-05-20,36,1,9,26,1100,367,53,680
2020-05-21,33,3,31,-1,1133,398,56,679
2020-05-22,71,2,19,50,1204,417,58,729
2020-05-23,57,0,6,51,1261,423,58,780
2020-05-24,32,2,33,-3,1293,456,60,777
2020-05-25,22,3,6,13,1315,462,63,790
2020-05-26,34,2,37,-5,1349,499,65,785
2020-05-27,28,0,19,9,1377,518,65,794
2020-05-28,45,0,2,43,1422,520,65,837
2020-05-29,41,3,12,26,1463,532,68,863
2020-05-30,40,1,31,8,1503,563,69,871
2020-05-31,32,2,32,-2,1535,595,71,869
2020-06-01,45,1,30,14,1580,625,72,883
2020-06-02,42,0,0,42,1622,625,72,925
2020-06-03,37,0,11,26,1659,636,72,951
2020-06-04,54,4,3,47,1713,639,76,998
2020-06-05,53,14,34,5,1766,673,90,1003
2020-06-06,65,0,0,65,1831,673,90,1068
2020-06-07,64,0,0,64,1895,673,90,1132
2020-06-08,109,0,0,109,2004,673,90,1241
2020-06-09,175,3,30,142,2179,703,93,1383
2020-06-10,182,1,53,128,2361,756,94,1511
2020-06-11,130,0,0,130,2491,756,94,1641
2020-06-12,61,12,73,-24,2552,829,106,1617
2020-06-13,126,0,36,90,2678,865,106,1707
2020-06-14,137,3,36,98,2815,901,109,1805
2020-06-15,103,8,142,-47,2918,1043,117,1758
2020-06-16,167,0,43,124,3085,1086,117,1882
2020-06-17,89,0,16,73,3174,1102,117,1955
2020-06-18,165,0,23,142,3339,1125,117,2097
2020-06-19,207,0,44,163,3546,1169,117,2260
2020-06-20,111,15,75,21,3657,1244,132,2281
2020-06-21,110,0,38,72,3767,1282,132,2353
2020-06-22,111,7,37,67,3878,1319,139,2420
2020-06-23,132,1,42,89,4010,1361,140,2509
2020-06-24,136,6,40,90,4146,1401,146,2599
2020-06-25,119,1,55,63,4265,1456,147,2662
2020-06-26,166,2,154,10,4431,1610,149,2672
2020-06-27,147,3,40,104,4578,1650,152,2776
2020-06-28,193,3,62,128,4771,1712,155,2904
2020-06-29,194,1,50,143,4965,1762,156,3047
2020-06-30,89,4,69,16,5054,1831,160,3063
2020-07-01,129,0,52,77,5183,1883,160,3140
2020-07-02,165,0,50,115,5348,1933,160,3255
2020-07-03,177,6,40,131,5525,1973,166,3386
2020-07-04,190,0,39,151,5715,2012,166,3537
2020-07-05,135,23,93,19,5850,2105,189,3556
2020-07-06,85,1,82,2,5935,2187,190,3558
2020-07-07,213,2,45,166,6148,2232,192,3724
2020-07-08,167,3,15,149,6315,2247,195,3873
2020-07-09,127,6,184,-63,6442,2431,201,3810
2020-07-10,130,0,33,97,6572,2464,201,3907
2020-07-11,181,7,174,0,6753,2638,208,3907
2020-07-12,168,7,107,54,6921,2745,215,3961
2020-07-13,125,3,254,-132,7046,2999,218,3829
2020-07-14,197,13,140,44,7243,3139,231,3873
2020-07-15,151,12,115,24,7394,3254,243,3897
2020-07-16,179,15,212,-48,7573,3466,258,3849
2020-07-17,99,3,115,-19,7672,3581,261,3830
2020-07-18,167,2,78,87,7839,3659,263,3917
2020-07-19,156,8,517,-369,7995,4176,271,3548
2020-07-20,126,2,277,-153,8121,4453,273,3395
2020-07-21,93,4,206,-117,8214,4659,277,3278
2020-07-22,150,3,356,-209,8364,5015,280,3069
2020-07-23,119,0,254,-135,8483,5269,280,2934
2020-07-24,83,3,560,-480,8566,5829,283,2454
2020-07-25,136,3,239,-106,8702,6068,286,2348
2020-07-26,137,9,0,128,8839,6068,295,2476
2020-07-27,114,4,8,102,8953,6076,299,2578
2020-07-28,130,4,255,-129,9083,6331,303,2449
2020-07-29,126,3,24,99,9209,6355,306,2548
2020-07-30,92,3,103,-14,9301,6458,309,2534
2020-07-31,76,0,5,71,9377,6463,309,2605
2020-08-01,128,8,156,-36,9505,6619,317,2569
2020-08-02,95,0,0,95,9600,6619,317,2664
2020-08-03,97,0,1,96,9697,6620,317,2760
2020-08-04,115,7,139,-31,9812,6759,324,2729
2020-08-05,127,1,155,-29,9939,6914,325,2700
2020-08-06,179,1,75,103,10118,6989,326,2803
2020-08-07,88,4,74,10,10206,7063,330,2813
2020-08-08,104,0,69,35,10310,7132,330,2848
2020-08-09,90,0,58,32,10400,7190,330,2880
2020-08-10,60,0,54,6,10460,7244,330,2886
2020-08-11,54,2,118,-66,10514,7362,332,2820
2020-08-12,90,1,62,27,10604,7424,333,2847
2020-08-13,71,1,59,11,10675,7483,334,2858
2020-08-14,35,4,120,-89,10710,7603,338,2769
2020-08-15,78,0,61,17,10788,7664,338,2786
2020-08-16,101,0,62,39,10889,7726,338,2825
2020-08-17,85,3,86,-4,10974,7812,341,2821
2020-08-18,25,0,222,-197,10999,8034,341,2624
2020-08-19,25,1,68,-44,11024,8102,342,2580
2020-08-20,74,2,80,-8,11098,8182,344,2572
2020-08-21,112,2,89,21,11210,8271,346,2593
2020-08-22,49,1,68,-20,11259,8339,347,2573
2020-08-23,30,1,91,-62,11289,8430,348,2511
2020-08-24,48,1,92,-45,11337,8522,349,2466
2020-08-25,60,0,136,-76,11397,8658,349,2390
2020-08-26,62,0,108,-46,11459,8766,349,2344
2020-08-27,34,5,91,-62,11493,8857,354,2282
2020-08-28,89,2,106,-19,11582,8963,356,2263
2020-08-29,99,2,78,19,11681,9041,358,2282
2020-08-30,60,0,80,-20,11741,9121,358,2262
2020-08-31,105,0,74,31,11846,9195,358,2293
2020-09-01,79,0,74,5,11925,9269,358,2298
2020-09-02,130,4,91,35,12055,9360,362,2333
2020-09-03,57,3,88,-34,12112,9448,365,2299
2020-09-04,85,1,63,21,12197,9511,366,2320
2020-09-05,151,2,62,87,12348,9573,368,2407
2020-09-06,211,1,49,161,12559,9622,369,2568
2020-09-07,11,1,82,-72,12570,9704,370,2496
2020-09-08,50,1,104,-55,12620,9808,371,2441
2020-09-09,146,1,40,105,12766,9848,372,2546
2020-09-10,133,0,1,132,12899,9849,372,2678
2020-09-11,162,1,139,22,13061,9988,373,2700
2020-09-12,52,1,76,-25,13113,10064,374,2675
2020-09-13,80,4,46,30,13193,10110,378,2705
2020-09-14,180,3,63,114,13373,10173,381,2819
2020-09-15,105,0,0,105,13478,10173,381,2924
2020-09-16,148,3,130,15,13626,10303,384,2939
2020-09-17,120,0,13,107,13746,10316,384,3046
2020-09-18,176,1,72,103,13922,10388,385,3149
2020-09-19,177,2,55,120,14099,10443,387,3269
2020-09-20,172,8,77,87,14271,10520,395,3356
2020-09-21,44,3,96,-55,14315,10616,398,3301
2020-09-22,129,1,89,39,14444,10705,399,3340
2020-09-23,123,1,78,44,14567,10783,400,3384
2020-09-24,162,3,72,87,14729,10855,403,3471
2020-09-25,170,1,84,85,14899,10939,404,3556
2020-09-26,162,4,149,9,15061,11088,408,3565
2020-09-27,154,3,221,-70,15215,11309,411,3495
2020-09-28,78,0,170,-92,15293,11479,411,3403
2020-09-29,142,3,454,-315,15435,11933,414,3088
2020-09-30,75,4,374,-303,15510,12307,418,2785
2020-10-01,110,0,233,-123,15620,12540,418,2662
2020-10-02,67,0,196,-129,15687,12736,418,2533
2020-10-03,57,4,120,-67,15744,12856,422,2466
2020-10-04,72,3,118,-49,15816,12974,425,2417
2020-10-05,15,0,152,-137,15831,13126,425,2280
2020-10-06,58,0,197,-139,15889,13323,425,2141
2020-10-07,130,0,83,47,16019,13406,425,2188
2020-10-08,199,2,122,75,16218,13528,427,2263
2020-10-09,107,2,124,-19,16325,13652,429,2244
2020-10-10,147,2,107,38,16472,13759,431,2282
2020-10-11,136,1,89,46,16608,13848,432,2328
2020-10-12,89,2,157,-70,16697,14005,434,2258
2020-10-13,136,4,222,-90,16833,14227,438,2168
2020-10-14,136,2,86,48,16969,14313,440,2216
2020-10-15,114,0,118,-4,17083,14431,440,2212
2020-10-16,119,0,166,-47,17202,14597,440,2165
2020-10-17,64,2,182,-120,17266,14779,442,2045
2020-10-18,136,1,117,18,17402,14896,443,2063
2020-10-19,42,0,88,-46,17444,14984,443,2017
2020-10-20,88,0,99,-11,17532,15083,443,2006
2020-10-21,114,0,187,-73,17646,15270,443,1933
2020-10-22,73,0,101,-28,17719,15371,443,1905
2020-10-23,60,2,87,-29,17779,15458,445,1876
2020-10-24,73,0,57,16,17852,15515,445,1892
2020-10-25,46,4,96,-54,17898,15611,449,1838
2020-10-26,14,0,80,-66,17912,15691,449,1772
2020-10-27,188,0,365,-177,18100,16056,449,1595
2020-10-28,115,2,108,5,18215,16164,451,1600
2020-10-29,33,10,74,-51,18248,16238,461,1549
2020-10-30,43,1,99,-57,18291,16337,462,1492
2020-10-31,9,3,62,-56,18300,16399,465,1436
2020-11-01,29,0,101,-72,18329,16500,465,1364
2020-11-02,2,1,57,-56,18331,16557,466,1308
2020-11-03,26,0,42,-16,18357,16599,466,1292
2020-11-04,75,2,69,4,18432,16668,468,1296
2020-11-05,75,0,45,30,18507,16713,468,1326
2020-11-06,28,0,33,-5,18535,16746,468,1321
2020-11-07,138,0,48,90,18673,16794,468,1411
2020-11-08,77,0,42,35,18750,16836,468,1446
2020-11-09,58,1,15,42,18808,16851,469,1488
2020-11-10,48,1,83,-36,18856,16934,470,1452
2020-11-11,168,0,86,82,19024,17020,470,1534
2020-11-12,26,0,31,-5,19050,17051,470,1529
2020-11-13,131,0,45,86,19181,17096,470,1615
2020-11-14,69,2,35,32,19250,17131,472,1647
2020-11-15,75,0,10,65,19325,17141,472,1712
2020-11-16,47,0,107,-60,19372,17248,472,1652
2020-11-17,63,1,35,27,19435,17283,473,1679
2020-11-18,46,0,10,36,19481,17293,473,1715
2020-11-19,117,2,109,6,19598,17402,475,1721
2020-11-20,105,0,89,16,19703,17491,475,1737
2020-11-21,88,5,265,-182,19791,17756,480,1555
2020-11-22,99,3,172,-76,19890,17928,483,1479
2020-11-23,100,2,41,57,19990,17969,485,1536
2020-11-24,95,0,87,8,20085,18056,485,1544
2020-11-25,37,2,34,1,20122,18090,487,1545
2020-11-26,77,0,45,32,20199,18135,487,1577
2020-11-27,141,1,67,73,20340,18202,488,1650
2020-11-28,92,0,68,24,20432,18270,488,1674
2020-11-29,113,1,59,53,20545,18329,489,1727
2020-11-30,105,2,108,-5,20650,18437,491,1722
2020-12-01,147,4,77,66,20797,18514,495,1788
2020-12-02,117,2,72,43,20914,18586,497,1831
2020-12-03,136,1,47,88,21050,18633,498,1919
2020-12-04,180,2,71,107,21230,18704,500,2026
2020-12-05,164,2,57,105,21394,18761,502,2131
2020-12-06,172,0,30,142,21566,18791,502,2273
2020-12-07,346,4,97,245,21912,18888,506,2518
2020-12-08,112,3,105,4,22024,18993,509,2522
2020-12-09,157,0,115,42,22181,19108,509,2564
2020-12-10,219,2,94,123,22400,19202,511,2687
2020-12-11,259,9,14,236,22659,19216,520,2923
2020-12-12,226,6,79,141,22885,19295,526,3064
2020-12-13,312,4,96,212,23197,19391,530,3276
2020-12-14,295,3,97,195,23492,19488,533,3471
2020-12-15,78,1,108,-31,23570,19596,534,3440
2020-12-16,448,2,118,328,24018,19714,536,3768
2020-12-17,334,4,114,216,24352,19828,540,3984
2020-12-18,530,2,114,414,24882,19942,542,4398
2020-12-19,391,4,245,142,25273,20187,546,4540
2020-12-20,489,5,2,482,25762,20189,551,5022
2020-12-21,559,7,234,318,26321,20423,558,5340
2020-12-22,539,5,854,-320,26860,21277,563,5020
2020-12-23,524,1,598,-75,27384,21875,564,4945
2020-12-24,520,4,500,16,27904,22375,568,4961
2020-12-25,411,2,349,60,28315,22724,570,5021
2020-12-26,547,4,494,49,28862,23218,574,5070
2020-12-27,262,3,927,-668,29124,24145,577,4402
2020-12-28,338,4,407,-73,29462,24552,581,4329
2020-12-29,567,3,250,314,30029,24802,584,4643
2020-12-30,537,8,947,-418,30566,25749,592,4225
2020-12-31,479,1,0,478,31045,25749,593,4703
2021-01-01,550,5,605,-60,31595,26354,598,4643
2021-01-02,590,5,36,549,32185,26390,603,5192
2021-01-03,595,3,56,536,32780,26446,606,5728
2021-01-04,510,2,313,195,33290,26759,608,5923
2021-01-05,639,6,774,-141,33929,27533,614,5782
2021-01-06,463,4,1407,-948,34392,28940,618,4834
2021-01-07,366,8,1122,-764,34758,30062,626,4070
2021-01-08,588,7,509,72,35346,30571,633,4142
2021-01-09,580,7,246,327,35926,30817,640,4469
2021-01-10,585,7,543,35,36511,31360,647,4504
2021-01-11,615,2,359,254,37126,31719,649,4758
2021-01-12,638,2,625,11,37764,32344,651,4769
2021-01-13,648,6,523,119,38412,32867,657,4888
2021-01-14,640,7,492,141,39052,33359,664,5029
2021-01-15,649,8,568,73,39701,33927,672,5102
2021-01-16,659,12,589,58,40360,34516,684,5160
2021-01-17,674,2,506,166,41034,35022,686,5326
2021-01-18,661,5,547,109,41695,35569,691,5435
2021-01-19,658,1,518,139,42353,36087,692,5574
2021-01-20,661,4,625,32,43014,36712,696,5606
2021-01-21,645,2,642,1,43659,37354,698,5607
2021-01-22,629,4,536,89,44288,37890,702,5696
2021-01-23,188,1,610,-423,44476,38500,703,5273
2021-01-24,205,6,556,-357,44681,39056,709,4916
2021-01-25,606,1,738,-133,45287,39794,710,4783
2021-01-26,348,9,536,-197,45635,40330,719,4586
2021-01-27,282,4,536,-258,45917,40866,723,4328
2021-01-28,679,4,558,117,46596,41424,727,4445
2021-01-29,334,4,538,-208,46930,41962,731,4237
2021-01-30,663,6,204,453,47593,42166,737,4690
2021-01-31,666,1,239,426,48259,42405,738,5116
2021-02-01,650,4,474,172,48909,42879,742,5288
2021-02-02,95,0,401,-306,49004,43280,742,4982
2021-02-03,161,5,304,-148,49165,43584,747,4834
2021-02-04,300,3,433,-136,49465,44017,750,4698
2021-02-05,226,3,263,-40,49691,44280,753,4658
2021-02-06,495,3,544,-52,50186,44824,756,4606
2021-02-07,274,10,532,-268,50460,45356,766,4338
2021-02-08,136,6,435,-305,50596,45791,772,4033
2021-02-09,166,1,70,95,50762,45861,773,4128
2021-02-10,180,0,143,37,50942,46004,773,4165
2021-02-11,129,1,214,-86,51071,46218,774,4079
2021-02-12,676,5,214,457,51747,46432,779,4536
2021-02-13,376,11,467,-102,52123,46899,790,4434
2021-02-14,355,12,261,82,52478,47160,802,4516
2021-02-15,160,0,278,-118,52638,47438,802,4398
2021-02-16,319,4,339,-24,52957,47777,806,4374
2021-02-17,116,5,466,-355,53073,48243,811,4019
2021-02-18,274,0,222,52,53347,48465,811,4071
2021-02-19,221,4,526,-309,53568,48991,815,3762
2021-02-20,201,6,396,-201,53769,49387,821,3561
2021-02-21,180,0,334,-154,53949,49721,821,3407
2021-02-22,258,2,208,48,54207,49929,823,3455
2021-02-23,506,0,270,236,54713,50199,823,3691
2021-02-24,388,3,293,92,55101,50492,826,3783
2021-02-25,423,3,325,95,55524,50817,829,3878
2021-02-26,339,4,206,129,55863,51023,833,4007
2021-02-27,249,2,238,9,56112,51261,835,4016
2021-02-28,84,0,266,-182,56196,51527,835,3834
2021-03-01,141,4,237,-100,56337,51764,839,3734
2021-03-02,178,10,304,-136,56515,52068,849,3598
2021-03-03,263,7,268,-12,56778,52336,856,3586
2021-03-04,196,2,314,-120,56974,52650,858,3466
2021-03-05,196,8,263,-75,57170,52913,866,3391
2021-03-06,166,4,308,-146,57336,53221,870,3245
2021-03-07,190,1,152,37,57526,53373,871,3282
2021-03-08,79,3,190,-114,57605,53563,874,3168
2021-03-09,92,1,138,-47,57697,53701,875,3121
2021-03-10,220,2,137,81,57917,53838,877,3202
2021-03-11,108,2,212,-106,58025,54050,879,3096
2021-03-12,133,5,163,-35,58158,54213,884,3061
2021-03-13,89,3,136,-50,58247,54349,887,3011
2021-03-14,67,0,160,-93,58314,54509,887,2918
2021-03-15,54,3,120,-69,58368,54629,890,2849
2021-03-16,117,1,179,-63,58485,54808,891,2786
2021-03-17,139,2,195,-58,58624,55003,893,2728
2021-03-18,146,5,225,-84,58770,55228,898,2644
2021-03-19,142,1,202,-61,58912,55430,899,2583
2021-03-20,60,2,243,-185,58972,55673,901,2398
2021-03-21,49,0,303,-254,59021,55976,901,2144
2021-03-22,53,1,196,-144,59074,56172,902,2000
2021-03-23,65,2,130,-67,59139,56302,904,1933
2021-03-24,77,0,160,-83,59216,56462,904,1850
2021-03-25,68,2,160,-94,59284,56622,906,1756
2021-03-26,32,0,186,-154,59316,56808,906,1602
2021-03-27,34,0,161,-127,59350,56969,906,1475
2021-03-28,35,1,139,-105,59385,57108,907,1370
2021-03-29,46,0,109,-63,59431,57217,907,1307
2021-03-30,104,0,114,-10,59535,57331,907,1297
2021-03-31,94,0,136,-42,59629,57467,907,1255
2021-04-01,83,0,159,-76,59712,57626,907,1179
2021-04-02,19,0,169,-150,59731,57795,907,1029
2021-04-03,54,0,117,-63,59785,57912,907,966
2021-04-04,58,0,157,-99,59843,58069,907,867
2021-04-05,31,3,112,-84,59874,58181,910,783
2021-04-06,209,0,128,81,60083,58309,910,864
2021-04-07,227,0,245,-18,60310,58554,910,846
2021-04-08,153,0,260,-107,60463,58814,910,739
2021-04-09,80,2,206,-128,60543,59020,912,611
2021-04-10,96,1,83,12,60639,59103,913,623
2021-04-11,30,0,130,-100,60669,59233,913,523
2021-04-12,43,0,47,-4,60712,59280,913,519
2021-04-13,94,0,80,14,60806,59360,913,533
2021-04-14,118,0,36,82,60924,59396,913,615
2021-04-15,93,0,56,37,61017,59452,913,652
2021-04-16,45,2,61,-18,61062,59513,915,634
2021-04-17,35,0,15,20,61097,59528,915,654
2021-04-18,22,0,10,12,61119,59538,915,666
2021-04-19,17,1,28,-12,61136,59566,916,654
2021-04-20,78,0,83,-5,61214,59649,916,649
2021-04-21,65,3,42,20,61279,59691,919,669
2021-04-22,20,5,149,-134,61299,59840,924,535
2021-04-23,27,3,93,-69,61326,59933,927,466
2021-04-24,14,1,19,-6,61340,59952,928,460
2021-04-25,7,0,51,-44,61347,60003,928,416
2021-04-26,14,0,70,-56,61361,60073,928,360
2021-04-27,57,0,40,17,61418,60113,928,377
2021-04-28,18,0,55,-37,61436,60168,928,340
2021-04-29,27,1,37,-11,61463,60205,929,329
2021-04-30,31,3,8,20,61494,60213,932,349
2021-05-01,25,0,16,9,61519,60229,932,358
2021-05-02,4,0,13,-9,61523,60242,932,349
2021-05-03,13,0,9,4,61536,60251,932,353
2021-05-04,21,0,8,13,61557,60259,932,366
2021-05-05,6,0,56,-50,61563,60315,932,316
2021-05-06,17,0,23,-6,61580,60338,932,310
2021-05-07,27,0,18,9,61607,60356,932,319
2021-05-08,17,0,14,3,61624,60370,932,322
2021-05-09,11,0,6,5,61635,60376,932,327
2021-05-10,27,0,15,12,61662,60391,932,339
2021-05-11,26,0,32,-6,61688,60423,932,333
2021-05-12,11,0,3,8,61699,60426,932,341
2021-05-13,2,0,5,-3,61701,60431,932,338
2021-05-14,6,0,4,2,61707,60435,932,340
2021-05-15,2,0,5,-3,61709,60440,932,337
2021-05-16,4,0,3,1,61713,60443,932,338
2021-05-17,20,1,29,-10,61733,60472,933,328
2021-05-18,22,0,25,-3,61755,60497,933,325
2021-05-19,39,0,16,23,61794,60513,933,348
2021-05-20,57,0,21,36,61851,60534,933,384
2021-05-21,54,1,37,16,61905,60571,934,400
2021-05-22,3,3,44,-44,61908,60615,937,356
2021-05-23,41,1,30,10,61949,60645,938,366
2021-05-24,14,1,8,5,61963,60653,939,371
2021-05-25,51,0,3,48,62014,60656,939,419
2021-05-26,9,0,4,5,62023,60660,939,424
2021-05-27,33,2,29,2,62056,60689,941,426
2021-05-28,32,1,29,2,62088,60718,942,428
2021-05-29,18,0,39,-21,62106,60757,942,407
2021-05-30,61,1,15,45,62167,60772,943,452
2021-05-31,8,0,16,-8,62175,60788,943,444
2021-06-01,3,0,64,-61,62178,60852,943,383
2021-06-02,50,0,24,26,62228,60876,943,409
2021-06-03,38,1,33,4,62266,60909,944,413
2021-06-04,13,1,0,12,62279,60909,945,425
2021-06-05,41,0,5,36,62320,60914,945,461
2021-06-06,26,0,20,6,62346,60934,945,467
2021-06-07,31,1,27,3,62377,60961,946,470
2021-06-08,98,0,34,64,62475,60995,946,534
2021-06-09,66,2,30,34,62541,61025,948,568
2021-06-10,45,2,69,-26,62586,61094,950,542
2021-06-11,32,1,31,0,62618,61125,951,542
2021-06-12,36,1,30,5,62654,61155,952,547
2021-06-13,17,0,27,-10,62671,61182,952,537
2021-06-14,8,4,44,-40,62679,61226,956,497
2021-06-15,41,1,41,-1,62720,61267,957,496
2021-06-16,32,1,3,28,62752,61270,958,524
2021-06-17,62,0,27,35,62814,61297,958,559
2021-06-18,63,0,9,54,62877,61306,958,613
2021-06-19,67,0,73,-6,62944,61379,958,607
2021-06-20,50,0,1,49,62994,61380,958,656
2021-06-21,35,2,26,7,63029,61406,960,663
2021-06-22,130,1,22,107,63159,61428,961,770
2021-06-23,130,0,17,113,63289,61445,961,883
2021-06-24,100,1,15,84,63389,61460,962,967
2021-06-25,151,2,19,130,63540,61479,964,1097
2021-06-26,126,2,55,69,63666,61534,966,1166
2021-06-27,93,5,102,-14,63759,61636,971,1152
2021-06-28,125,2,102,21,63884,61738,973,1173
2021-06-29,135,2,73,60,64019,61811,975,1233
2021-06-30,212,8,78,126,64231,61889,983,1359
2021-07-01,253,1,61,191,64484,61950,984,1550
2021-07-02,327,4,51,272,64811,62001,988,1822
2021-07-03,328,0,58,270,65139,62059,988,2092
2021-07-04,176,3,80,93,65315,62139,991,2185
2021-07-05,219,2,91,126,65534,62230,993,2311
2021-07-06,249,0,71,178,65783,62301,993,2489
2021-07-07,485,8,73,404,66268,62374,1001,2893
2021-07-08,500,10,147,343,66768,62521,1011,3236
2021-07-09,511,7,119,385,67279,62640,1018,3621
2021-07-10,573,8,203,362,67852,62843,1026,3983
2021-07-11,477,4,188,285,68329,63031,1030,4268
2021-07-12,290,6,222,62,68619,63253,1036,4330
2021-07-13,531,4,158,369,69150,63411,1040,4699
2021-07-14,548,6,206,336,69698,63617,1046,5035
2021-07-15,594,5,232,357,70292,63849,1051,5392
2021-07-16,739,12,288,439,71031,64137,1063,5831
2021-07-17,772,11,259,502,71803,64396,1074,6333
2021-07-18,434,17,347,70,72237,64743,1091,6403
2021-07-19,351,17,321,13,72588,65064,1108,6416
2021-07-20,491,19,370,102,73079,65434,1127,6518
2021-07-21,233,16,248,-31,73312,65682,1143,6487
2021-07-22,954,12,404,538,74266,66086,1155,7025
2021-07-23,1286,19,480,787,75552,66566,1174,7812
2021-07-24,815,7,297,511,76367,66863,1181,8323
2021-07-25,880,19,643,218,77247,67506,1200,8541
2021-07-26,657,6,613,38,77904,68119,1206,8579
2021-07-27,954,17,741,196,78858,68860,1223,8775
2021-07-28,1145,35,721,389,80003,69581,1258,9164
2021-07-29,1359,27,574,758,81362,70155,1285,9922
2021-07-30,1082,29,351,702,82444,70506,1314,10624
2021-07-31,1268,21,699,548,83712,71205,1335,11172
2021-08-01,796,27,695,74,84508,71900,1362,11246
2021-08-02,540,17,670,-147,85048,72570,1379,11099
2021-08-03,1131,17,540,574,86179,73110,1396,11673
2021-08-04,1243,35,589,619,87422,73699,1431,12292
2021-08-05,1196,25,605,566,88618,74304,1456,12858
2021-08-06,1166,25,1133,8,89784,75437,1481,12866
2021-08-07,832,21,627,184,90616,76064,1502,13050
2021-08-08,735,28,726,-19,91351,76790,1530,13031
2021-08-09,807,30,1761,-984,92158,78551,1560,12047
2021-08-10,963,26,886,51,93121,79437,1586,12098
2021-08-11,1027,28,978,21,94148,80415,1614,12119
2021-08-12,698,28,866,-196,94846,81281,1642,11923
2021-08-13,1087,28,999,60,95933,82280,1670,11983
2021-08-14,1018,16,1015,-13,96951,83295,1686,11970
2021-08-15,641,26,683,-68,97592,83978,1712,11902
2021-08-16,336,19,820,-503,97928,84798,1731,11399
2021-08-17,474,30,757,-313,98402,85555,1761,11086
2021-08-18,495,16,524,-45,98897,86079,1777,11041
2021-08-19,892,26,241,625,99789,86320,1803,11666
2021-08-20,685,21,1055,-391,100474,87375,1824,11275
2021-08-21,551,21,972,-442,101025,88347,1845,10833
2021-08-22,411,20,1222,-831,101436,89569,1865,10002
2021-08-23,179,20,1180,-1021,101615,90749,1885,8981
2021-08-24,550,11,995,-456,102165,91744,1896,8525
2021-08-25,565,32,638,-105,102730,92382,1928,8420
2021-08-26,448,12,699,-263,103178,93081,1940,8157
2021-08-27,382,11,398,-27,103560,93479,1951,8130
2021-08-28,374,25,1315,-966,103934,94794,1976,7164
2021-08-29,210,9,1039,-838,104144,95833,1985,6326
2021-08-30,105,10,701,-606,104249,96534,1995,5720
2021-08-31,389,20,612,-243,104638,97146,2015,5477
2021-09-01,297,10,516,-229,104935,97662,2025,5248
2021-09-02,267,28,625,-386,105202,98287,2053,4862
2021-09-03,238,11,544,-317,105440,98831,2064,4545
2021-09-04,248,2,582,-336,105688,99413,2066,4209
2021-09-05,141,22,384,-265,105829,99797,2088,3944
2021-09-06,109,12,397,-300,105938,100194,2100,3644
2021-09-07,234,7,281,-54,106172,100475,2107,3590
2021-09-08,240,5,269,-34,106412,100744,2112,3556
2021-09-09,183,7,551,-375,106595,101295,2119,3181
2021-09-10,180,7,251,-78,106775,101546,2126,3103
2021-09-11,147,3,217,-73,106922,101763,2129,3030
2021-09-12,83,9,250,-176,107005,102013,2138,2854
2021-09-13,69,5,144,-80,107074,102157,2143,2774
2021-09-14,159,3,219,-63,107233,102376,2146,2711
2021-09-15,154,3,167,-16,107387,102543,2149,2695
2021-09-16,125,14,203,-92,107512,102746,2163,2603
2021-09-17,124,11,142,-29,107636,102888,2174,2574
2021-09-18,96,1,225,-130,107732,103113,2175,2444
2021-09-19,78,2,242,-166,107810,103355,2177,2278
2021-09-20,20,2,61,-43,107830,103416,2179,2235
2021-09-21,109,1,193,-85,107939,103609,2180,2150
2021-09-22,100,1,146,-47,108039,103755,2181,2103
2021-09-23,106,4,151,-49,108145,103906,2185,2054
2021-09-24,83,4,127,-48,108228,104033,2189,2006
2021-09-25,100,4,117,-21,108328,104150,2193,1985
2021-09-26,46,2,50,-6,108374,104200,2195,1979
2021-09-27,30,3,85,-58,108404,104285,2198,1921
2021-09-28,66,2,52,12,108470,104337,2200,1933
2021-09-29,51,1,70,-20,108521,104407,2201,1913
2021-09-30,62,2,80,-20,108583,104487,2203,1893
2021-10-01,45,0,69,-24,108628,104556,2203,1869
2021-10-02,56,3,108,-55,108684,104664,2206,1814
2021-10-03,54,1,136,-83,108738,104800,2207,1731
2021-10-04,28,7,28,-7,108766,104828,2214,1724
2021-10-05,47,0,130,-83,108813,104958,2214,1641
2021-10-06,57,2,132,-77,108870,105090,2216,1564
2021-10-07,44,0,46,-2,108914,105136,2216,1562
2021-10-08,31,0,83,-52,108945,105219,2216,1510
2021-10-09,57,2,39,16,109002,105258,2218,1526
2021-10-10,26,1,90,-65,109028,105348,2219,1461
2021-10-11,24,0,74,-50,109052,105422,2219,1411
2021-10-12,61,4,170,-113,109113,105592,2223,1298
2021-10-13,60,0,65,-5,109173,105657,2223,1293
2021-10-14,49,3,107,-61,109222,105764,2226,1232
2021-10-15,31,0,107,-76,109253,105871,2226,1156
2021-10-16,30,0,108,-78,109283,105979,2226,1078
2021-10-17,37,0,11,26,109320,105990,2226,1104
2021-10-18,48,1,154,-107,109368,106144,2227,997
2021-10-19,48,0,136,-88,109416,106280,2227,909
2021-10-20,41,2,95,-56,109457,106375,2229,853
2021-10-21,21,1,163,-143,109478,106538,2230,710
2021-10-22,30,0,129,-99,109508,106667,2230,611
2021-10-23,32,1,202,-171,109540,106869,2231,440
2021-10-24,18,0,57,-39,109558,106926,2231,401
2021-10-25,18,0,36,-18,109576,106962,2231,383
2021-10-26,22,0,44,-22,109598,107006,2231,361
2021-10-27,33,0,38,-5,109631,107044,2231,356
2021-10-28,21,1,36,-16,109652,107080,2232,340
2021-10-29,7,0,3,4,109659,107083,2232,344
2021-10-30,11,0,47,-36,109670,107130,2232,308
2021-10-31,9,0,15,-6,109679,107145,2232,302
2021-11-01,10,0,26,-16,109689,107171,2232,286
2021-11-02,16,1,55,-40,109705,107226,2233,246
2021-11-03,20,0,33,-13,109725,107259,2233,233
2021-11-04,16,0,30,-14,109741,107289,2233,219
2021-11-05,10,1,24,-15,109751,107313,2234,204
2021-11-06,7,1,20,-14,109758,107333,2235,190
2021-11-07,10,0,1,9,109768,107334,2235,199
2021-11-08,11,0,42,-31,109779,107376,2235,168
2021-11-09,17,0,13,4,109796,107389,2235,172
2021-11-10,10,0,12,-2,109806,107401,2235,170
2021-11-11,9,0,24,-15,109815,107425,2235,155
2021-11-12,5,0,4,1,109820,107429,2235,156
2021-11-13,8,0,6,2,109828,107435,2235,158
2021-11-14,11,0,19,-8,109839,107454,2235,150
2021-11-15,3,0,13,-10,109842,107467,2235,140
2021-11-16,7,0,4,3,109849,107471,2235,143
2021-11-17,2,1,10,-9,109851,107481,2236,134
2021-11-18,8,0,13,-5,109859,107494,2236,129
2021-11-19,4,0,9,-5,109863,107503,2236,124
2021-11-20,5,0,2,3,109868,107505,2236,127
2021-11-21,3,0,5,-2,109871,107510,2236,125
2021-11-22,6,0,9,-3,109877,107519,2236,122
2021-11-23,5,0,3,2,109882,107522,2236,124
2021-11-24,5,0,4,1,109887,107526,2236,125
2021-11-25,7,0,4,3,109894,107530,2236,128
2021-11-26,1,1,15,-15,109895,107545,2237,113
2021-11-27,4,0,3,1,109899,107548,2237,114
2021-11-28,5,0,55,-50,109904,107603,2237,64
2021-11-29,1,0,7,-6,109905,107610,2237,58
2021-11-30,12,0,13,-1,109917,107623,2237,57
2021-12-01,1,0,5,-4,109918,107628,2237,53
2021-12-02,1,1,6,-6,109919,107634,2238,47
2021-12-03,7,0,0,7,109926,107634,2238,54
2021-12-04,0,1,10,-11,109926,107644,2239,43
2021-12-05,0,0,3,-3,109926,107647,2239,40
2021-12-06,3,0,2,1,109929,107649,2239,41
2021-12-07,1,0,4,-3,109930,107653,2239,38
2021-12-08,3,1,2,0,109933,107655,2240,38
2021-12-09,3,0,3,0,109936,107658,2240,38
2021-12-10,0,0,5,-5,109936,107663,2240,33
2021-12-11,10,0,6,4,109946,107669,2240,37
2021-12-12,2,0,4,-2,109948,107673,2240,35
2021-12-13,0,0,3,-3,109948,107676,2240,32
2021-12-14,5,0,1,4,109953,107677,2240,36
2021-12-15,3,0,3,0,109956,107680,2240,36
2021-12-16,3,0,4,-1,109959,107684,2240,35
2021-12-17,3,0,0,3,109962,107684,2240,38
2021-12-18,0,0,2,-2,109962,107686,2240,36
2021-12-19,4,0,5,-1,109966,107691,2240,35
2021-12-20,2,0,3,-1,109968,107694,2240,34
2021-12-21,2,0,1,1,109970,107695,2240,35
2021-12-22,5,1,5,-1,109975,107700,2241,34
2021-12-23,3,0,5,-2,109978,107705,2241,32
2021-12-24,3,0,4,-1,109981,107709,2241,31
2021-12-25,3,0,1,2,109984,107710,2241,33
2021-12-26,0,0,1,-1,109984,107711,2241,32
2021-12-27,0,0,3,-3,109984,107714,2241,29
2021-12-28,10,0,3,7,109994,107717,2241,36
2021-12-29,1,0,0,1,109995,107717,2241,37
2021-12-30,4,0,1,3,109999,107718,2241,40
2021-12-31,1,0,4,-3,110000,107722,2241,37
2022-01-01,5,0,6,-1,110005,107728,2241,36
2022-01-02,2,0,0,2,110007,107728,2241,38
2022-01-03,0,0,4,-4,110007,107732,2241,34
2022-01-04,7,0,3,4,110014,107735,2241,38
2022-01-05,4,0,4,0,110018,107739,2241,38
2022-01-06,3,0,0,3,110021,107739,2241,41
2022-01-07,4,0,3,1,110025,107742,2241,42
2022-01-08,5,0,5,0,110030,107747,2241,42
2022-01-09,7,0,7,0,110037,107754,2241,42
2022-01-10,0,0,6,-6,110037,107760,2241,36
2022-01-11,1,0,2,-1,110038,107762,2241,35
2022-01-12,11,0,0,11,110049,107762,2241,46
2022-01-13,17,0,6,11,110066,107768,2241,57
2022-01-14,3,0,4,-1,110069,107772,2241,56
2022-01-15,10,1,3,6,110079,107775,2242,62
2022-01-16,6,0,4,2,110085,107779,2242,64
2022-01-17,0,0,0,0,110085,107779,2242,64
2022-01-18,5,0,3,2,110090,107782,2242,66
2022-01-19,8,0,1,7,110098,107783,2242,73
2022-01-20,8,0,6,2,110106,107789,2242,75
2022-01-21,7,0,6,1,110113,107795,2242,76
2022-01-22,8,1,6,1,110121,107801,2243,77
2022-01-23,4,0,4,0,110125,107805,2243,77
2022-01-24,9,0,4,5,110134,107809,2243,82
2022-01-25,15,0,4,11,110149,107813,2243,93
2022-01-26,12,0,19,-7,110161,107832,2243,86
2022-01-27,20,0,3,17,110181,107835,2243,103
2022-01-28,25,0,5,20,110206,107840,2243,123
2022-01-29,9,1,8,0,110215,107848,2244,123
2022-01-30,22,0,3,19,110237,107851,2244,142
2022-01-31,21,1,7,13,110258,107858,2245,155
2022-02-01,50,0,10,40,110308,107868,2245,195
2022-02-02,39,0,7,32,110347,107875,2245,227
2022-02-03,106,0,0,106,110453,107875,2245,333
2022-02-04,119,0,6,113,110572,107881,2245,446
2022-02-05,123,2,8,113,110695,107889,2247,559
2022-02-06,109,0,11,98,110804,107900,2247,657
2022-02-07,81,1,21,59,110885,107921,2248,716
2022-02-08,275,0,17,258,111160,107938,2248,974
2022-02-09,451,0,17,434,111611,107955,2248,1408
2022-02-10,440,0,30,410,112051,107985,2248,1818
2022-02-11,438,1,33,404,112489,108018,2249,2222
2022-02-12,814,3,34,777,113303,108052,2252,2999
2022-02-13,514,1,31,482,113817,108083,2253,3481
2022-02-14,330,0,72,258,114147,108155,2253,3739
2022-02-15,1181,1,84,1096,115328,108239,2254,4835
2022-02-16,1745,3,126,1616,117073,108365,2257,6451
2022-02-17,1709,3,191,1515,118782,108556,2260,7966
2022-02-18,1863,10,88,1765,120645,108644,2270,9731
2022-02-19,1885,5,253,1627,122530,108897,2275,11358
2022-02-20,1515,5,350,1160,124045,109247,2280,12518
2022-02-21,629,3,376,250,124674,109623,2283,12768
2022-02-22,2270,6,154,2110,126944,109777,2289,14878
2022-02-23,1709,10,436,1263,128653,110213,2299,16141
2022-02-24,1626,9,818,799,130279,111031,2308,16940
2022-02-25,1548,8,497,1043,131827,111528,2316,17983
2022-02-26,1311,2,336,973,133138,111864,2318,18956
2022-02-27,1087,9,883,195,134225,112747,2327,19151
2022-02-28,449,10,1057,-618,134674,113804,2337,18533
2022-03-01,614,4,642,-32,135288,114446,2341,18501
2022-03-02,1008,11,895,102,136296,115341,2352,18603
2022-03-03,843,6,1594,-757,137139,116935,2358,17846
2022-03-04,463,5,1390,-932,137602,118325,2363,16914
2022-03-05,795,9,1609,-823,138397,119934,2372,16091
2022-03-06,528,10,1477,-959,138925,121411,2382,15132
2022-03-07,250,5,1128,-883,139175,122539,2387,14249
2022-03-08,642,12,1177,-547,139817,123716,2399,13702
2022-03-09,439,5,1578,-1144,140256,125294,2404,12558
2022-03-10,357,10,1151,-804,140613,126445,2414,11754
2022-03-11,287,3,1116,-832,140900,127561,2417,10922
2022-03-12,380,4,1258,-882,141280,128819,2421,10040
2022-03-13,155,6,1012,-863,141435,129831,2427,9177
2022-03-14,60,5,1445,-1390,141495,131276,2432,7787
2022-03-15,292,4,94,194,141787,131370,2436,7981
2022-03-16,223,1,1590,-1368,142010,132960,2437,6613
2022-03-17,180,2,863,-685,142190,133823,2439,5928
2022-03-18,114,2,1233,-1121,142304,135056,2441,4807
2022-03-19,128,5,420,-297,142432,135476,2446,4510
2022-03-20,74,0,428,-354,142506,135904,2446,4156
2022-03-21,39,4,513,-478,142545,136417,2450,3678
2022-03-22,105,6,495,-396,142650,136912,2456,3282
2022-03-23,96,1,370,-275,142746,137282,2457,3007
2022-03-24,84,2,480,-398,142830,137762,2459,2609
2022-03-25,66,0,51,15,142896,137813,2459,2624
2022-03-26,68,0,627,-559,142964,138440,2459,2065
2022-03-27,48,3,367,-322,143012,138807,2462,1743
2022-03-28,14,3,30,-19,143026,138837,2465,1724
2022-03-29,43,2,514,-473,143069,139351,2467,1251
2022-03-30,39,0,315,-276,143108,139666,2467,975
2022-03-31,56,0,212,-156,143164,139878,2467,819
2022-04-01,35,0,113,-78,143199,139991,2467,741
2022-04-02,27,0,108,-81,143226,140099,2467,660
2022-04-03,25,1,131,-107,143251,140230,2468,553
2022-04-04,8,0,109,-101,143259,140339,2468,452
2022-04-05,17,0,54,-37,143276,140393,2468,415
2022-04-06,20,0,115,-95,143296,140508,2468,320
2022-04-07,26,1,2,23,143322,140510,2469,343
2022-04-08,4,0,28,-24,143326,140538,2469,319
2022-04-09,8,0,42,-34,143334,140580,2469,285
2022-04-10,4,0,49,-45,143338,140629,2469,240
2022-04-11,5,0,2,3,143343,140631,2469,243
2022-04-12,9,0,1,8,143352,140632,2469,251
