tanggal,KASUS,MENINGGAL,SEMBUH,DIRAWAT_OR_ISOLASI,AKUMULASI_KASUS,AKUMULASI_SEMBUH,AKUMULASI_MENINGGAL,AKUMULASI_DIRAWAT_OR_ISOLASI
2020-03-26,3,0,0,3,3,0,0,3
2020-03-27,2,0,0,2,5,0,0,5
2020-03-28,0,0,0,0,5,0,0,5
2020-03-29,0,0,0,0,5,0,0,5
2020-03-30,2,0,0,2,7,0,0,7
2020-03-31,0,0,0,0,7,0,0,7
2020-04-01,0,0,0,0,7,0,0,7
2020-04-02,0,0,0,0,7,0,0,7
2020-04-03,0,0,0,0,7,0,0,7
2020-04-04,0,0,0,0,7,0,0,7
2020-04-05,0,0,0,0,7,0,0,7
2020-04-06,5,0,0,5,12,0,0,12
2020-04-07,0,0,0,0,12,0,0,12
2020-04-08,0,0,0,0,12,0,0,12
2020-04-09,0,0,0,0,12,0,0,12
2020-04-10,11,3,4,4,23,4,3,16
2020-04-11,0,0,0,0,23,4,3,16
2020-04-12,12,0,0,12,35,4,3,28
2020-04-13,1,0,0,1,36,4,3,29
2020-04-14,3,1,0,2,39,4,4,31
2020-04-15,6,0,1,5,45,5,4,36
2020-04-16,0,0,0,0,45,5,4,36
2020-04-17,7,1,2,4,52,7,5,40
2020-04-18,8,0,2,6,60,9,5,46
2020-04-19,1,0,0,1,61,9,5,47
2020-04-20,2,0,1,1,63,10,5,48
2020-04-21,2,1,0,1,65,10,6,49
2020-04-22,4,1,0,3,69,10,7,52
2020-04-23,4,0,2,2,73,12,7,54
2020-04-24,9,1,0,8,82,12,8,62
2020-04-25,1,1,3,-3,83,15,9,59
2020-04-26,2,0,0,2,85,15,9,61
2020-04-27,15,3,4,8,100,19,12,69
2020-04-28,19,0,0,19,119,19,12,88
2020-04-29,1,1,0,0,120,19,13,88
2020-04-30,2,0,0,2,122,19,13,90
2020-05-01,18,0,4,14,140,23,13,104
2020-05-02,9,0,0,9,149,23,13,113
2020-05-03,10,0,4,6,159,27,13,119
2020-05-04,5,0,1,4,164,28,13,123
2020-05-05,14,0,1,13,178,29,13,136
2020-05-06,13,1,0,12,191,29,14,148
2020-05-07,13,1,3,9,204,32,15,157
2020-05-08,14,0,6,8,218,38,15,165
2020-05-09,15,0,7,8,233,45,15,173
2020-05-10,10,0,1,9,243,46,15,182
2020-05-11,0,0,8,-8,243,54,15,174
2020-05-12,13,1,3,9,256,57,16,183
2020-05-13,17,1,12,4,273,69,17,187
2020-05-14,23,1,3,19,296,72,18,206
2020-05-15,15,0,1,14,311,73,18,220
2020-05-16,2,1,2,-1,313,75,19,219
2020-05-17,9,0,1,8,322,76,19,227
2020-05-18,1,0,11,-10,323,87,19,217
2020-05-19,10,0,8,2,333,95,19,219
2020-05-20,4,1,22,-19,337,117,20,200
2020-05-21,7,0,5,2,344,122,20,202
2020-05-22,2,0,5,-3,346,127,20,199
2020-05-23,5,1,13,-9,351,140,21,190
2020-05-24,28,0,5,23,379,145,21,213
2020-05-25,0,0,4,-4,379,149,21,209
2020-05-26,24,0,17,7,403,166,21,216
2020-05-27,23,1,20,2,426,186,22,218
2020-05-28,4,0,7,-3,430,193,22,215
2020-05-29,0,0,4,-4,430,197,22,211
2020-05-30,8,0,4,4,438,201,22,215
2020-05-31,13,0,6,7,451,207,22,222
2020-06-01,0,0,2,-2,451,209,22,220
2020-06-02,7,0,5,2,458,214,22,222
2020-06-03,8,0,3,5,466,217,22,227
2020-06-04,5,0,27,-22,471,244,22,205
2020-06-05,11,1,17,-7,482,261,23,198
2020-06-06,8,0,2,6,490,263,23,204
2020-06-07,7,0,4,3,497,267,23,207
2020-06-08,0,0,9,-9,497,276,23,198
2020-06-09,14,2,7,5,511,283,25,203
2020-06-10,14,0,21,-7,525,304,25,196
2020-06-11,2,0,2,0,527,306,25,196
2020-06-12,8,0,11,-3,535,317,25,193
2020-06-13,2,0,3,-1,537,320,25,192
2020-06-14,6,1,11,-6,543,331,26,186
2020-06-15,0,0,0,0,543,331,26,186
2020-06-16,5,0,32,-27,548,363,26,159
2020-06-17,4,0,5,-1,552,368,26,158
2020-06-18,3,0,16,-13,555,384,26,145
2020-06-19,3,0,9,-6,558,393,26,139
2020-06-20,2,0,4,-2,560,397,26,137
2020-06-21,3,0,6,-3,563,403,26,134
2020-06-22,0,0,1,-1,563,404,26,133
2020-06-23,2,0,17,-15,565,421,26,118
2020-06-24,1,0,11,-10,566,432,26,108
2020-06-25,1,0,17,-16,567,449,26,92
2020-06-26,3,1,8,-6,570,457,27,86
2020-06-27,2,0,7,-5,572,464,27,81
2020-06-28,2,0,5,-3,574,469,27,78
2020-06-29,0,0,1,-1,574,470,27,77
2020-06-30,0,0,9,-9,574,479,27,68
2020-07-01,13,0,6,7,587,485,27,75
2020-07-02,8,0,6,2,595,491,27,77
2020-07-03,7,0,3,4,602,494,27,81
2020-07-04,2,0,2,0,604,496,27,81
2020-07-05,9,0,1,8,613,497,27,89
2020-07-06,0,0,2,-2,613,499,27,87
2020-07-07,4,0,10,-6,617,509,27,81
2020-07-08,0,0,6,-6,617,515,27,75
2020-07-09,4,0,5,-1,621,520,27,74
2020-07-10,5,0,5,0,626,525,27,74
2020-07-11,3,0,5,-2,629,530,27,72
2020-07-12,4,0,3,1,633,533,27,73
2020-07-13,0,0,0,0,633,533,27,73
2020-07-14,2,0,10,-8,635,543,27,65
2020-07-15,0,0,5,-5,635,548,27,60
2020-07-16,1,0,0,1,636,548,27,61
2020-07-17,5,0,0,5,641,548,27,66
2020-07-18,3,0,5,-2,644,553,27,64
2020-07-19,9,0,2,7,653,555,27,71
2020-07-20,2,0,0,2,655,555,27,73
2020-07-21,6,0,5,1,661,560,27,74
2020-07-22,8,0,0,8,669,560,27,82
2020-07-23,2,0,2,0,671,562,27,82
2020-07-24,3,0,6,-3,674,568,27,79
2020-07-25,10,0,8,2,684,576,27,81
2020-07-26,4,0,4,0,688,580,27,81
2020-07-27,0,0,3,-3,688,583,27,78
2020-07-28,4,0,4,0,692,587,27,78
2020-07-29,14,0,6,8,706,593,27,86
2020-07-30,14,0,5,9,720,598,27,95
2020-07-31,36,0,2,34,756,600,27,129
2020-08-01,0,0,0,0,756,600,27,129
2020-08-02,7,0,8,-1,763,608,27,128
2020-08-03,15,0,2,13,778,610,27,141
2020-08-04,8,0,2,6,786,612,27,147
2020-08-05,12,0,2,10,798,614,27,157
2020-08-06,24,0,10,14,822,624,27,171
2020-08-07,30,0,8,22,852,632,27,193
2020-08-08,17,0,4,13,869,636,27,206
2020-08-09,34,0,3,31,903,639,27,237
2020-08-10,27,0,7,20,930,646,27,257
2020-08-11,12,0,7,5,942,653,27,262
2020-08-12,21,1,10,10,963,663,28,272
2020-08-13,39,1,17,21,1002,680,29,293
2020-08-14,32,1,6,25,1034,686,30,318
2020-08-15,31,0,17,14,1065,703,30,332
2020-08-16,8,1,6,1,1073,709,31,333
2020-08-17,24,1,14,9,1097,723,32,342
2020-08-18,33,1,2,30,1130,725,33,372
2020-08-19,22,0,13,9,1152,738,33,381
2020-08-20,36,0,17,19,1188,755,33,400
2020-08-21,36,0,35,1,1224,790,33,401
2020-08-22,28,2,6,20,1252,796,35,421
2020-08-23,55,1,32,22,1307,828,36,443
2020-08-24,18,0,10,8,1325,838,36,451
2020-08-25,59,1,19,39,1384,857,37,490
2020-08-26,70,1,7,62,1454,864,38,552
2020-08-27,32,2,48,-18,1486,912,40,534
2020-08-28,21,1,9,11,1507,921,41,545
2020-08-29,69,0,4,65,1576,925,41,610
2020-08-30,70,1,26,43,1646,951,42,653
2020-08-31,69,0,24,45,1715,975,42,698
2020-09-01,66,0,17,49,1781,992,42,747
2020-09-02,71,0,52,19,1852,1044,42,766
2020-09-03,32,0,18,14,1884,1062,42,780
2020-09-04,50,1,54,-5,1934,1116,43,775
2020-09-05,57,0,24,33,1991,1140,43,808
2020-09-06,199,1,16,182,2190,1156,44,990
2020-09-07,30,0,43,-13,2220,1199,44,977
2020-09-08,91,0,46,45,2311,1245,44,1022
2020-09-09,90,1,54,35,2401,1299,45,1057
2020-09-10,85,0,46,39,2486,1345,45,1096
2020-09-11,28,0,39,-11,2514,1384,45,1085
2020-09-12,81,3,5,73,2595,1389,48,1158
2020-09-13,99,2,21,76,2694,1410,50,1234
2020-09-14,99,2,32,65,2793,1442,52,1299
2020-09-15,106,4,69,33,2899,1511,56,1332
2020-09-16,100,5,47,48,2999,1558,61,1380
2020-09-17,98,2,30,66,3097,1588,63,1446
2020-09-18,110,2,53,55,3207,1641,65,1501
2020-09-19,130,1,106,23,3337,1747,66,1524
2020-09-20,81,1,30,50,3418,1777,67,1574
2020-09-21,142,0,68,74,3560,1845,67,1648
2020-09-22,156,2,78,76,3716,1923,69,1724
2020-09-23,156,2,84,70,3872,2007,71,1794
2020-09-24,236,2,120,114,4108,2127,73,1908
2020-09-25,163,4,72,87,4271,2199,77,1995
2020-09-26,121,1,99,21,4392,2298,78,2016
2020-09-27,170,3,49,118,4562,2347,81,2134
2020-09-28,163,1,67,95,4725,2414,82,2229
2020-09-29,194,3,64,127,4919,2478,85,2356
2020-09-30,76,8,83,-15,4995,2561,93,2341
2020-10-01,154,3,74,77,5149,2635,96,2418
2020-10-02,94,3,108,-17,5243,2743,99,2401
2020-10-03,221,6,98,117,5464,2841,105,2518
2020-10-04,206,1,103,102,5670,2944,106,2620
2020-10-05,172,4,117,51,5842,3061,110,2671
2020-10-06,63,2,246,-185,5905,3307,112,2486
2020-10-07,156,8,95,53,6061,3402,120,2539
2020-10-08,159,4,102,53,6220,3504,124,2592
2020-10-09,239,4,128,107,6459,3632,128,2699
2020-10-10,193,4,112,77,6652,3744,132,2776
2020-10-11,270,3,163,104,6922,3907,135,2880
2020-10-12,146,0,96,50,7068,4003,135,2930
2020-10-13,137,2,78,57,7205,4081,137,2987
2020-10-14,289,1,98,190,7494,4179,138,3177
2020-10-15,278,4,100,174,7772,4279,142,3351
2020-10-16,396,4,119,273,8168,4398,146,3624
2020-10-17,360,2,203,155,8528,4601,148,3779
2020-10-18,222,1,85,136,8750,4686,149,3915
2020-10-19,188,12,135,41,8938,4821,161,3956
2020-10-20,143,2,83,58,9081,4904,163,4014
2020-10-21,221,4,215,2,9302,5119,167,4016
2020-10-22,164,2,93,69,9466,5212,169,4085
2020-10-23,212,6,428,-222,9678,5640,175,3863
2020-10-24,233,0,168,65,9911,5808,175,3928
2020-10-25,264,5,142,117,10175,5950,180,4045
2020-10-26,205,4,150,51,10380,6100,184,4096
2020-10-27,256,8,373,-125,10636,6473,192,3971
2020-10-28,217,2,156,59,10853,6629,194,4030
2020-10-29,266,7,428,-169,11119,7057,201,3861
2020-10-30,230,7,952,-729,11349,8009,208,3132
2020-10-31,196,4,204,-12,11545,8213,212,3120
2020-11-01,175,3,185,-13,11720,8398,215,3107
2020-11-02,152,4,211,-63,11872,8609,219,3044
2020-11-03,64,3,205,-144,11936,8814,222,2900
2020-11-04,135,4,517,-386,12071,9331,226,2514
2020-11-05,201,5,287,-91,12272,9618,231,2423
2020-11-06,189,5,233,-49,12461,9851,236,2374
2020-11-07,135,5,217,-87,12596,10068,241,2287
2020-11-08,150,4,187,-41,12746,10255,245,2246
2020-11-09,102,2,143,-43,12848,10398,247,2203
2020-11-10,90,4,241,-155,12938,10639,251,2048
2020-11-11,209,1,92,116,13147,10731,252,2164
2020-11-12,161,2,118,41,13308,10849,254,2205
2020-11-13,154,1,104,49,13462,10953,255,2254
2020-11-14,187,3,123,61,13649,11076,258,2315
2020-11-15,175,0,107,68,13824,11183,258,2383
2020-11-16,31,1,66,-36,13855,11249,259,2347
2020-11-17,83,8,29,46,13938,11278,267,2393
2020-11-18,177,5,113,59,14115,11391,272,2452
2020-11-19,153,2,390,-239,14268,11781,274,2213
2020-11-20,176,2,274,-100,14444,12055,276,2113
2020-11-21,205,9,267,-71,14649,12322,285,2042
2020-11-22,186,5,355,-174,14835,12677,290,1868
2020-11-23,29,4,124,-99,14864,12801,294,1769
2020-11-24,42,1,339,-298,14906,13140,295,1471
2020-11-25,219,5,261,-47,15125,13401,300,1424
2020-11-26,257,4,127,126,15382,13528,304,1550
2020-11-27,187,3,193,-9,15569,13721,307,1541
2020-11-28,141,4,177,-40,15710,13898,311,1501
2020-11-29,224,3,156,65,15934,14054,314,1566
2020-11-30,63,6,186,-129,15997,14240,320,1437
2020-12-01,40,1,90,-51,16037,14330,321,1386
2020-12-02,137,3,179,-45,16174,14509,324,1341
2020-12-03,153,3,122,28,16327,14631,327,1369
2020-12-04,170,5,164,1,16497,14795,332,1370
2020-12-05,132,1,124,7,16629,14919,333,1377
2020-12-06,113,4,154,-45,16742,15073,337,1332
2020-12-07,91,0,89,2,16833,15162,337,1334
2020-12-08,69,4,129,-64,16902,15291,341,1270
2020-12-09,103,5,127,-29,17005,15418,346,1241
2020-12-10,108,0,221,-113,17113,15639,346,1128
2020-12-11,46,0,196,-150,17159,15835,346,978
2020-12-12,68,0,31,37,17227,15866,346,1015
2020-12-13,90,2,199,-111,17317,16065,348,904
2020-12-14,41,1,46,-6,17358,16111,349,898
2020-12-15,31,0,115,-84,17389,16226,349,814
2020-12-16,137,3,127,7,17526,16353,352,821
2020-12-17,87,5,97,-15,17613,16450,357,806
2020-12-18,82,5,100,-23,17695,16550,362,783
2020-12-19,111,3,26,82,17806,16576,365,865
2020-12-20,99,7,89,3,17905,16665,372,868
2020-12-21,106,5,86,15,18011,16751,377,883
2020-12-22,37,2,89,-54,18048,16840,379,829
2020-12-23,130,5,31,94,18178,16871,384,923
2020-12-24,77,4,23,50,18255,16894,388,973
2020-12-25,84,3,11,70,18339,16905,391,1043
2020-12-26,60,5,11,44,18399,16916,396,1087
2020-12-27,54,1,103,-50,18453,17019,397,1037
2020-12-28,15,1,85,-71,18468,17104,398,966
2020-12-29,72,6,103,-37,18540,17207,404,929
2020-12-30,101,1,115,-15,18641,17322,405,914
2020-12-31,92,3,99,-10,18733,17421,408,904
2021-01-01,119,1,95,23,18852,17516,409,927
2021-01-02,30,2,95,-67,18882,17611,411,860
2021-01-03,48,2,101,-55,18930,17712,413,805
2021-01-04,22,2,119,-99,18952,17831,415,706
2021-01-05,59,2,117,-60,19011,17948,417,646
2021-01-06,148,4,97,47,19159,18045,421,693
2021-01-07,143,3,19,121,19302,18064,424,814
2021-01-08,141,0,21,120,19443,18085,424,934
2021-01-09,156,1,14,141,19599,18099,425,1075
2021-01-10,3,0,10,-7,19602,18109,425,1068
2021-01-11,0,3,18,-21,19602,18127,428,1047
2021-01-12,88,2,14,72,19690,18141,430,1119
2021-01-13,139,3,37,99,19829,18178,433,1218
2021-01-14,221,1,30,190,20050,18208,434,1408
2021-01-15,151,3,25,123,20201,18233,437,1531
2021-01-16,148,1,26,121,20349,18259,438,1652
2021-01-17,133,0,8,125,20482,18267,438,1777
2021-01-18,23,2,4,17,20505,18271,440,1794
2021-01-19,89,0,48,41,20594,18319,440,1835
2021-01-20,131,7,14,110,20725,18333,447,1945
2021-01-21,145,4,43,98,20870,18376,451,2043
2021-01-22,103,5,17,81,20973,18393,456,2124
2021-01-23,93,0,90,3,21066,18483,456,2127
2021-01-24,100,0,102,-2,21166,18585,456,2125
2021-01-25,35,3,69,-37,21201,18654,459,2088
2021-01-26,29,1,40,-12,21230,18694,460,2076
2021-01-27,81,0,45,36,21311,18739,460,2112
2021-01-28,86,0,98,-12,21397,18837,460,2100
2021-01-29,59,4,244,-189,21456,19081,464,1911
2021-01-30,65,1,64,0,21521,19145,465,1911
2021-01-31,71,2,121,-52,21592,19266,467,1859
2021-02-01,31,2,31,-2,21623,19297,469,1857
2021-02-02,33,6,159,-132,21656,19456,475,1725
2021-02-03,105,2,96,7,21761,19552,477,1732
2021-02-04,76,3,142,-69,21837,19694,480,1663
2021-02-05,44,0,79,-35,21881,19773,480,1628
2021-02-06,79,1,130,-52,21960,19903,481,1576
2021-02-07,104,0,88,16,22064,19991,481,1592
2021-02-08,31,1,124,-94,22095,20115,482,1498
2021-02-09,35,0,137,-102,22130,20252,482,1396
2021-02-10,107,1,46,60,22237,20298,483,1456
2021-02-11,69,5,76,-12,22306,20374,488,1444
2021-02-12,104,3,42,59,22410,20416,491,1503
2021-02-13,65,0,47,18,22475,20463,491,1521
2021-02-14,61,0,91,-30,22536,20554,491,1491
2021-02-15,13,3,37,-27,22549,20591,494,1464
2021-02-16,43,0,0,43,22592,20591,494,1507
2021-02-17,56,0,25,31,22648,20616,494,1538
2021-02-18,92,1,41,50,22740,20657,495,1588
2021-02-19,69,3,5,61,22809,20662,498,1649
2021-02-20,60,3,51,6,22869,20713,501,1655
2021-02-21,63,0,48,15,22932,20761,501,1670
2021-02-22,23,0,179,-156,22955,20940,501,1514
2021-02-23,51,0,140,-89,23006,21080,501,1425
2021-02-24,62,0,153,-91,23068,21233,501,1334
2021-02-25,63,0,105,-42,23131,21338,501,1292
2021-02-26,80,1,109,-30,23211,21447,502,1262
2021-02-27,68,0,80,-12,23279,21527,502,1250
2021-02-28,67,0,100,-33,23346,21627,502,1217
2021-03-01,19,3,141,-125,23365,21768,505,1092
2021-03-02,62,1,120,-59,23427,21888,506,1033
2021-03-03,90,1,140,-51,23517,22028,507,982
2021-03-04,70,2,66,2,23587,22094,509,984
2021-03-05,72,1,128,-57,23659,22222,510,927
2021-03-06,74,0,115,-41,23733,22337,510,886
2021-03-07,49,1,59,-11,23782,22396,511,875
2021-03-08,4,1,61,-58,23786,22457,512,817
2021-03-09,62,2,28,32,23848,22485,514,849
2021-03-10,85,1,81,3,23933,22566,515,852
2021-03-11,66,1,83,-18,23999,22649,516,834
2021-03-12,47,4,41,2,24046,22690,520,836
2021-03-13,53,1,44,8,24099,22734,521,844
2021-03-14,76,3,119,-46,24175,22853,524,798
2021-03-15,18,0,26,-8,24193,22879,524,790
2021-03-16,44,0,52,-8,24237,22931,524,782
2021-03-17,104,4,52,48,24341,22983,528,830
2021-03-18,86,0,70,16,24427,23053,528,846
2021-03-19,86,2,67,17,24513,23120,530,863
2021-03-20,57,1,128,-72,24570,23248,531,791
2021-03-21,68,2,49,17,24638,23297,533,808
2021-03-22,34,0,45,-11,24672,23342,533,797
2021-03-23,77,2,32,43,24749,23374,535,840
2021-03-24,75,0,85,-10,24824,23459,535,830
2021-03-25,84,0,97,-13,24908,23556,535,817
2021-03-26,94,0,37,57,25002,23593,535,874
2021-03-27,92,0,51,41,25094,23644,535,915
2021-03-28,83,2,108,-27,25177,23752,537,888
2021-03-29,35,0,34,1,25212,23786,537,889
2021-03-30,80,0,10,70,25292,23796,537,959
2021-03-31,104,1,46,57,25396,23842,538,1016
2021-04-01,108,1,60,47,25504,23902,539,1063
2021-04-02,123,1,44,78,25627,23946,540,1141
2021-04-03,68,1,67,0,25695,24013,541,1141
2021-04-04,47,0,29,18,25742,24042,541,1159
2021-04-05,43,4,91,-52,25785,24133,545,1107
2021-04-06,85,4,97,-16,25870,24230,549,1091
2021-04-07,102,0,102,0,25972,24332,549,1091
2021-04-08,172,7,151,14,26144,24483,556,1105
2021-04-09,104,2,52,50,26248,24535,558,1155
2021-04-10,127,5,43,79,26375,24578,563,1234
2021-04-11,80,1,125,-46,26455,24703,564,1188
2021-04-12,42,1,41,0,26497,24744,565,1188
2021-04-13,82,4,136,-58,26579,24880,569,1130
2021-04-14,129,2,130,-3,26708,25010,571,1127
2021-04-15,121,4,116,1,26829,25126,575,1128
2021-04-16,131,3,130,-2,26960,25256,578,1126
2021-04-17,164,6,107,51,27124,25363,584,1177
2021-04-18,160,3,74,83,27284,25437,587,1260
2021-04-19,71,2,42,27,27355,25479,589,1287
2021-04-20,138,6,115,17,27493,25594,595,1304
2021-04-21,412,5,84,323,27905,25678,600,1627
2021-04-22,240,2,69,169,28145,25747,602,1796
2021-04-23,185,1,181,3,28330,25928,603,1799
2021-04-24,236,6,208,22,28566,26136,609,1821
2021-04-25,201,2,64,135,28767,26200,611,1956
2021-04-26,74,6,48,20,28841,26248,617,1976
2021-04-27,176,4,194,-22,29017,26442,621,1954
2021-04-28,168,3,186,-21,29185,26628,624,1933
2021-04-29,211,5,203,3,29396,26831,629,1936
2021-04-30,135,2,107,26,29531,26938,631,1962
2021-05-01,132,8,262,-138,29663,27200,639,1824
2021-05-02,229,6,117,106,29892,27317,645,1930
2021-05-03,50,3,82,-35,29942,27399,648,1895
2021-05-04,115,4,182,-71,30057,27581,652,1824
2021-05-05,202,5,162,35,30259,27743,657,1859
2021-05-06,322,10,199,113,30581,27942,667,1972
2021-05-07,217,6,165,46,30798,28107,673,2018
2021-05-08,235,3,225,7,31033,28332,676,2025
2021-05-09,247,9,132,106,31280,28464,685,2131
2021-05-10,139,8,87,44,31419,28551,693,2175
2021-05-11,189,2,199,-12,31608,28750,695,2163
2021-05-12,376,6,151,219,31984,28901,701,2382
2021-05-13,76,0,181,-105,32060,29082,701,2277
2021-05-14,0,0,2,-2,32060,29084,701,2275
2021-05-15,0,0,8,-8,32060,29092,701,2267
2021-05-16,115,6,176,-67,32175,29268,707,2200
2021-05-17,103,10,112,-19,32278,29380,717,2181
2021-05-18,182,6,203,-27,32460,29583,723,2154
2021-05-19,245,5,285,-45,32705,29868,728,2109
2021-05-20,284,5,172,107,32989,30040,733,2216
2021-05-21,293,7,246,40,33282,30286,740,2256
2021-05-22,242,5,245,-8,33524,30531,745,2248
2021-05-23,309,9,139,161,33833,30670,754,2409
2021-05-24,126,1,154,-29,33959,30824,755,2380
2021-05-25,225,7,145,73,34184,30969,762,2453
2021-05-26,234,2,218,14,34418,31187,764,2467
2021-05-27,249,4,110,135,34667,31297,768,2602
2021-05-28,135,9,178,-52,34802,31475,777,2550
2021-05-29,294,7,324,-37,35096,31799,784,2513
2021-05-30,213,12,153,48,35309,31952,796,2561
2021-05-31,103,2,97,4,35412,32049,798,2565
2021-06-01,140,7,275,-142,35552,32324,805,2423
2021-06-02,177,0,92,85,35729,32416,805,2508
2021-06-03,144,2,228,-86,35873,32644,807,2422
2021-06-04,253,3,148,102,36126,32792,810,2524
2021-06-05,365,6,219,140,36491,33011,816,2664
2021-06-06,313,4,193,116,36804,33204,820,2780
2021-06-07,199,10,44,145,37003,33248,830,2925
2021-06-08,108,9,181,-82,37111,33429,839,2843
2021-06-09,213,4,136,73,37324,33565,843,2916
2021-06-10,279,6,165,108,37603,33730,849,3024
2021-06-11,223,9,286,-72,37826,34016,858,2952
2021-06-12,187,2,182,3,38013,34198,860,2955
2021-06-13,209,7,360,-158,38222,34558,867,2797
2021-06-14,89,4,135,-50,38311,34693,871,2747
2021-06-15,126,8,291,-173,38437,34984,879,2574
2021-06-16,175,4,193,-22,38612,35177,883,2552
2021-06-17,151,6,203,-58,38763,35380,889,2494
2021-06-18,201,6,221,-26,38964,35601,895,2468
2021-06-19,107,5,271,-169,39071,35872,900,2299
2021-06-20,107,4,166,-63,39178,36038,904,2236
2021-06-21,59,3,145,-89,39237,36183,907,2147
2021-06-22,155,6,134,15,39392,36317,913,2162
2021-06-23,219,6,143,70,39611,36460,919,2232
2021-06-24,165,3,101,61,39776,36561,922,2293
2021-06-25,251,3,143,105,40027,36704,925,2398
2021-06-26,207,4,287,-84,40234,36991,929,2314
2021-06-27,142,8,63,71,40376,37054,937,2385
2021-06-28,71,6,81,-16,40447,37135,943,2369
2021-06-29,148,6,130,12,40595,37265,949,2381
2021-06-30,362,5,173,184,40957,37438,954,2565
2021-07-01,431,6,70,355,41388,37508,960,2920
2021-07-02,356,3,291,62,41744,37799,963,2982
2021-07-03,409,7,336,66,42153,38135,970,3048
2021-07-04,356,5,96,255,42509,38231,975,3303
2021-07-05,63,7,102,-46,42572,38333,982,3257
2021-07-06,257,8,154,95,42829,38487,990,3352
2021-07-07,537,3,83,451,43366,38570,993,3803
2021-07-08,593,10,262,321,43959,38832,1003,4124
2021-07-09,578,10,214,354,44537,39046,1013,4478
2021-07-10,665,4,193,468,45202,39239,1017,4946
2021-07-11,280,13,240,27,45482,39479,1030,4973
2021-07-12,297,6,198,93,45779,39677,1036,5066
2021-07-13,373,9,216,148,46152,39893,1045,5214
2021-07-14,554,2,253,299,46706,40146,1047,5513
2021-07-15,541,5,282,254,47247,40428,1052,5767
2021-07-16,810,4,277,529,48057,40705,1056,6296
2021-07-17,519,10,235,274,48576,40940,1066,6570
2021-07-18,513,4,247,262,49089,41187,1070,6832
2021-07-19,587,10,302,275,49676,41489,1080,7107
2021-07-20,414,6,213,195,50090,41702,1086,7302
2021-07-21,437,8,247,182,50527,41949,1094,7484
2021-07-22,521,2,278,241,51048,42227,1096,7725
2021-07-23,602,11,123,468,51650,42350,1107,8193
2021-07-24,338,8,260,70,51988,42610,1115,8263
2021-07-25,590,3,224,363,52578,42834,1118,8626
2021-07-26,467,11,351,105,53045,43185,1129,8731
2021-07-27,723,15,390,318,53768,43575,1144,9049
2021-07-28,683,19,491,173,54451,44066,1163,9222
2021-07-29,848,19,564,265,55299,44630,1182,9487
2021-07-30,714,8,423,283,56013,45053,1190,9770
2021-07-31,716,16,342,358,56729,45395,1206,10128
2021-08-01,573,13,374,186,57302,45769,1219,10314
2021-08-02,779,11,320,448,58081,46089,1230,10762
2021-08-03,941,12,525,404,59022,46614,1242,11166
2021-08-04,741,9,532,200,59763,47146,1251,11366
2021-08-05,673,26,402,245,60436,47548,1277,11611
2021-08-06,747,19,548,180,61183,48096,1296,11791
2021-08-07,677,11,632,34,61860,48728,1307,11825
2021-08-08,621,22,529,70,62481,49257,1329,11895
2021-08-09,329,12,631,-314,62810,49888,1341,11581
2021-08-10,402,21,878,-497,63212,50766,1362,11084
2021-08-11,503,19,688,-204,63715,51454,1381,10880
2021-08-12,423,14,736,-327,64138,52190,1395,10553
2021-08-13,465,10,757,-302,64603,52947,1405,10251
2021-08-14,503,22,1039,-558,65106,53986,1427,9693
2021-08-15,461,13,951,-503,65567,54937,1440,9190
2021-08-16,130,20,837,-727,65697,55774,1460,8463
2021-08-17,219,7,587,-375,65916,56361,1467,8088
2021-08-18,340,9,530,-199,66256,56891,1476,7889
2021-08-19,238,13,543,-318,66494,57434,1489,7571
2021-08-20,302,12,524,-234,66796,57958,1501,7337
2021-08-21,426,11,580,-165,67222,58538,1512,7172
2021-08-22,267,3,1273,-1009,67489,59811,1515,6163
2021-08-23,67,16,529,-478,67556,60340,1531,5685
2021-08-24,313,10,352,-49,67869,60692,1541,5636
2021-08-25,297,13,392,-108,68166,61084,1554,5528
2021-08-26,401,10,647,-256,68567,61731,1564,5272
2021-08-27,251,6,456,-211,68818,62187,1570,5061
2021-08-28,228,12,338,-122,69046,62525,1582,4939
2021-08-29,165,6,460,-301,69211,62985,1588,4638
2021-08-30,30,8,270,-248,69241,63255,1596,4390
2021-08-31,191,5,246,-60,69432,63501,1601,4330
2021-09-01,156,7,284,-135,69588,63785,1608,4195
2021-09-02,121,7,197,-83,69709,63982,1615,4112
2021-09-03,149,7,459,-317,69858,64441,1622,3795
2021-09-04,98,4,295,-201,69956,64736,1626,3594
2021-09-05,93,1,169,-77,70049,64905,1627,3517
2021-09-06,35,9,162,-136,70084,65067,1636,3381
2021-09-07,105,4,281,-180,70189,65348,1640,3201
2021-09-08,102,6,372,-276,70291,65720,1646,2925
2021-09-09,97,3,203,-109,70388,65923,1649,2816
2021-09-10,102,9,186,-93,70490,66109,1658,2723
2021-09-11,102,5,225,-128,70592,66334,1663,2595
2021-09-12,77,0,167,-90,70669,66501,1663,2505
2021-09-13,13,9,257,-253,70682,66758,1672,2252
2021-09-14,80,2,308,-230,70762,67066,1674,2022
2021-09-15,66,3,196,-133,70828,67262,1677,1889
2021-09-16,69,2,245,-178,70897,67507,1679,1711
2021-09-17,90,3,71,16,70987,67578,1682,1727
2021-09-18,53,4,97,-48,71040,67675,1686,1679
2021-09-19,28,0,104,-76,71068,67779,1686,1603
2021-09-20,8,3,97,-92,71076,67876,1689,1511
2021-09-21,64,3,80,-19,71140,67956,1692,1492
2021-09-22,28,2,169,-143,71168,68125,1694,1349
2021-09-23,67,5,109,-47,71235,68234,1699,1302
2021-09-24,58,4,86,-32,71293,68320,1703,1270
2021-09-25,33,2,125,-94,71326,68445,1705,1176
2021-09-26,24,6,90,-72,71350,68535,1711,1104
2021-09-27,15,1,121,-107,71365,68656,1712,997
2021-09-28,31,2,240,-211,71396,68896,1714,786
2021-09-29,17,0,72,-55,71413,68968,1714,731
2021-09-30,38,0,57,-19,71451,69025,1714,712
2021-10-01,53,3,67,-17,71504,69092,1717,695
2021-10-02,27,2,74,-49,71531,69166,1719,646
2021-10-03,14,1,27,-14,71545,69193,1720,632
2021-10-04,5,0,93,-88,71550,69286,1720,544
2021-10-05,31,1,53,-23,71581,69339,1721,521
2021-10-06,30,1,31,-2,71611,69370,1722,519
2021-10-07,51,1,32,18,71662,69402,1723,537
2021-10-08,14,1,26,-13,71676,69428,1724,524
2021-10-09,11,0,47,-36,71687,69475,1724,488
2021-10-10,4,1,11,-8,71691,69486,1725,480
2021-10-11,1,3,49,-51,71692,69535,1728,429
2021-10-12,19,2,42,-25,71711,69577,1730,404
2021-10-13,16,0,24,-8,71727,69601,1730,396
2021-10-14,6,0,11,-5,71733,69612,1730,391
2021-10-15,5,0,17,-12,71738,69629,1730,379
2021-10-16,8,0,39,-31,71746,69668,1730,348
2021-10-17,12,0,24,-12,71758,69692,1730,336
2021-10-18,10,1,69,-60,71768,69761,1731,276
2021-10-19,13,0,20,-7,71781,69781,1731,269
2021-10-20,7,1,17,-11,71788,69798,1732,258
2021-10-21,4,0,15,-11,71792,69813,1732,247
2021-10-22,14,0,13,1,71806,69826,1732,248
2021-10-23,6,0,4,2,71812,69830,1732,250
2021-10-24,9,1,6,2,71821,69836,1733,252
2021-10-25,13,0,55,-42,71834,69891,1733,210
2021-10-26,8,0,9,-1,71842,69900,1733,209
2021-10-27,4,0,6,-2,71846,69906,1733,207
2021-10-28,2,1,14,-13,71848,69920,1734,194
2021-10-29,7,0,8,-1,71855,69928,1734,193
2021-10-30,7,0,6,1,71862,69934,1734,194
2021-10-31,2,0,6,-4,71864,69940,1734,190
2021-11-01,2,0,15,-13,71866,69955,1734,177
2021-11-02,4,1,12,-9,71870,69967,1735,168
2021-11-03,5,1,5,-1,71875,69972,1736,167
2021-11-04,1,0,21,-20,71876,69993,1736,147
2021-11-05,1,0,6,-5,71877,69999,1736,142
2021-11-06,6,1,12,-7,71883,70011,1737,135
2021-11-07,1,1,4,-4,71884,70015,1738,131
2021-11-08,5,0,3,2,71889,70018,1738,133
2021-11-09,1,1,4,-4,71890,70022,1739,129
2021-11-10,3,0,3,0,71893,70025,1739,129
2021-11-11,2,0,4,-2,71895,70029,1739,127
2021-11-12,2,0,26,-24,71897,70055,1739,103
2021-11-13,6,0,3,3,71903,70058,1739,106
2021-11-14,2,1,5,-4,71905,70063,1740,102
2021-11-15,0,0,4,-4,71905,70067,1740,98
2021-11-16,2,0,2,0,71907,70069,1740,98
2021-11-17,6,0,0,6,71913,70069,1740,104
2021-11-18,2,0,3,-1,71915,70072,1740,103
2021-11-19,0,1,1,-2,71915,70073,1741,101
2021-11-20,1,0,2,-1,71916,70075,1741,100
2021-11-21,0,0,6,-6,71916,70081,1741,94
2021-11-22,0,0,4,-4,71916,70085,1741,90
2021-11-23,1,0,4,-3,71917,70089,1741,87
2021-11-24,1,0,0,1,71918,70089,1741,88
2021-11-25,2,0,3,-1,71920,70092,1741,87
2021-11-26,5,0,5,0,71925,70097,1741,87
2021-11-27,0,0,2,-2,71925,70099,1741,85
2021-11-28,0,0,0,0,71925,70099,1741,85
2021-11-29,0,0,18,-18,71925,70117,1741,67
2021-11-30,1,0,0,1,71926,70117,1741,68
2021-12-01,1,0,2,-1,71927,70119,1741,67
2021-12-02,4,0,0,4,71931,70119,1741,71
2021-12-03,1,0,1,0,71932,70120,1741,71
2021-12-04,4,0,1,3,71936,70121,1741,74
2021-12-05,2,0,0,2,71938,70121,1741,76
2021-12-06,0,0,34,-34,71938,70155,1741,42
2021-12-07,0,0,1,-1,71938,70156,1741,41
2021-12-08,1,0,1,0,71939,70157,1741,41
2021-12-09,0,0,6,-6,71939,70163,1741,35
2021-12-10,2,0,1,1,71941,70164,1741,36
2021-12-11,2,0,3,-1,71943,70167,1741,35
2021-12-12,1,0,1,0,71944,70168,1741,35
2021-12-13,1,0,0,1,71945,70168,1741,36
2021-12-14,1,0,1,0,71946,70169,1741,36
2021-12-15,0,0,4,-4,71946,70173,1741,32
2021-12-16,0,0,6,-6,71946,70179,1741,26
2021-12-17,0,0,0,0,71946,70179,1741,26
2021-12-18,1,0,0,1,71947,70179,1741,27
2021-12-19,0,0,2,-2,71947,70181,1741,25
2021-12-20,0,0,1,-1,71947,70182,1741,24
2021-12-21,1,0,1,0,71948,70183,1741,24
2021-12-22,0,0,0,0,71948,70183,1741,24
2021-12-23,0,0,1,-1,71948,70184,1741,23
2021-12-24,0,0,0,0,71948,70184,1741,23
2021-12-25,1,0,1,0,71949,70185,1741,23
2021-12-26,0,0,0,0,71949,70185,1741,23
2021-12-27,0,0,0,0,71949,70185,1741,23
2021-12-28,0,0,0,0,71949,70185,1741,23
2021-12-29,0,0,0,0,71949,70185,1741,23
2021-12-30,1,1,0,0,71950,70185,1742,23
2021-12-31,1,0,10,-9,71951,70195,1742,14
2022-01-01,0,1,8,-9,71951,70203,1743,5
2022-01-02,0,0,0,0,71951,70203,1743,5
2022-01-03,0,0,0,0,71951,70203,1743,5
2022-01-04,0,0,0,0,71951,70203,1743,5
2022-01-05,1,0,0,1,71952,70203,1743,6
2022-01-06,0,0,0,0,71952,70203,1743,6
2022-01-07,0,0,0,0,71952,70203,1743,6
2022-01-08,0,0,0,0,71952,70203,1743,6
2022-01-09,1,0,1,0,71953,70204,1743,6
2022-01-10,0,0,0,0,71953,70204,1743,6
2022-01-11,1,0,0,1,71954,70204,1743,7
2022-01-12,0,0,0,0,71954,70204,1743,7
2022-01-13,3,0,0,3,71957,70204,1743,10
2022-01-14,0,0,0,0,71957,70204,1743,10
2022-01-15,0,0,0,0,71957,70204,1743,10
2022-01-16,1,0,0,1,71958,70204,1743,11
2022-01-17,0,1,1,-2,71958,70205,1744,9
2022-01-18,2,0,0,2,71960,70205,1744,11
2022-01-19,1,0,1,0,71961,70206,1744,11
2022-01-20,2,0,1,1,71963,70207,1744,12
2022-01-21,1,0,0,1,71964,70207,1744,13
2022-01-22,4,0,2,2,71968,70209,1744,15
2022-01-23,0,0,0,0,71968,70209,1744,15
2022-01-24,1,0,1,0,71969,70210,1744,15
2022-01-25,5,0,1,4,71974,70211,1744,19
2022-01-26,4,0,0,4,71978,70211,1744,23
2022-01-27,8,0,3,5,71986,70214,1744,28
2022-01-28,8,0,0,8,71994,70214,1744,36
2022-01-29,13,0,1,12,72007,70215,1744,48
2022-01-30,13,0,6,7,72020,70221,1744,55
2022-01-31,3,0,0,3,72023,70221,1744,58
2022-02-01,27,0,4,23,72050,70225,1744,81
2022-02-02,6,0,1,5,72056,70226,1744,86
2022-02-03,43,0,1,42,72099,70227,1744,128
2022-02-04,51,0,7,44,72150,70234,1744,172
2022-02-05,72,0,11,61,72222,70245,1744,233
2022-02-06,84,0,12,72,72306,70257,1744,305
2022-02-07,14,0,0,14,72320,70257,1744,319
2022-02-08,115,0,21,94,72435,70278,1744,413
2022-02-09,172,0,6,166,72607,70284,1744,579
2022-02-10,150,1,28,121,72757,70312,1745,700
2022-02-11,136,0,16,120,72893,70328,1745,820
2022-02-12,339,0,23,316,73232,70351,1745,1136
2022-02-13,249,0,48,201,73481,70399,1745,1337
2022-02-14,47,2,14,31,73528,70413,1747,1368
2022-02-15,438,1,81,356,73966,70494,1748,1724
2022-02-16,426,0,82,344,74392,70576,1748,2068
2022-02-17,416,1,98,317,74808,70674,1749,2385
2022-02-18,524,0,92,432,75332,70766,1749,2817
2022-02-19,472,2,42,428,75804,70808,1751,3245
2022-02-20,437,1,20,416,76241,70828,1752,3661
2022-02-21,72,2,234,-164,76313,71062,1754,3497
2022-02-22,609,2,251,356,76922,71313,1756,3853
2022-02-23,586,2,82,502,77508,71395,1758,4355
2022-02-24,542,6,255,281,78050,71650,1764,4636
2022-02-25,435,2,151,282,78485,71801,1766,4918
2022-02-26,409,2,274,133,78894,72075,1768,5051
2022-02-27,306,3,157,146,79200,72232,1771,5197
2022-02-28,105,4,112,-11,79305,72344,1775,5186
2022-03-01,99,2,152,-55,79404,72496,1777,5131
2022-03-02,417,6,364,47,79821,72860,1783,5178
2022-03-03,319,1,174,144,80140,73034,1784,5322
2022-03-04,121,1,317,-197,80261,73351,1785,5125
2022-03-05,277,3,209,65,80538,73560,1788,5190
2022-03-06,224,2,192,30,80762,73752,1790,5220
2022-03-07,74,4,289,-219,80836,74041,1794,5001
2022-03-08,254,6,464,-216,81090,74505,1800,4785
2022-03-09,228,7,311,-90,81318,74816,1807,4695
2022-03-10,147,5,132,10,81465,74948,1812,4705
2022-03-11,159,5,177,-23,81624,75125,1817,4682
2022-03-12,172,3,268,-99,81796,75393,1820,4583
2022-03-13,103,1,58,44,81899,75451,1821,4627
2022-03-14,49,3,255,-209,81948,75706,1824,4418
2022-03-15,123,12,139,-28,82071,75845,1836,4390
2022-03-16,110,5,231,-126,82181,76076,1841,4264
2022-03-17,76,7,254,-185,82257,76330,1848,4079
2022-03-18,72,1,264,-193,82329,76594,1849,3886
2022-03-19,77,3,103,-29,82406,76697,1852,3857
2022-03-20,29,1,80,-52,82435,76777,1853,3805
2022-03-21,20,0,221,-201,82455,76998,1853,3604
2022-03-22,66,2,250,-186,82521,77248,1855,3418
2022-03-23,55,6,623,-574,82576,77871,1861,2844
2022-03-24,49,1,30,18,82625,77901,1862,2862
2022-03-25,53,0,161,-108,82678,78062,1862,2754
2022-03-26,32,0,117,-85,82710,78179,1862,2669
2022-03-27,16,1,42,-27,82726,78221,1863,2642
2022-03-28,12,1,54,-43,82738,78275,1864,2599
2022-03-29,20,1,86,-67,82758,78361,1865,2532
2022-03-30,16,3,57,-44,82774,78418,1868,2488
2022-03-31,25,1,78,-54,82799,78496,1869,2434
2022-04-01,26,0,46,-20,82825,78542,1869,2414
2022-04-02,20,1,26,-7,82845,78568,1870,2407
2022-04-03,10,1,2,7,82855,78570,1871,2414
2022-04-04,6,2,68,-64,82861,78638,1873,2350
2022-04-05,13,4,134,-125,82874,78772,1877,2225
2022-04-06,15,0,115,-100,82889,78887,1877,2125
2022-04-07,15,0,28,-13,82904,78915,1877,2112
2022-04-08,7,0,21,-14,82911,78936,1877,2098
2022-04-09,17,0,34,-17,82928,78970,1877,2081
2022-04-10,7,0,3,4,82935,78973,1877,2085
2022-04-11,10,0,11,-1,82945,78984,1877,2084
2022-04-12,12,1,30,-19,82957,79014,1878,2065
2022-04-13,16,0,9,7,82973,79023,1878,2072
2022-04-14,11,0,21,-10,82984,79044,1878,2062
2022-04-15,4,1,20,-17,82988,79064,1879,2045
2022-04-16,2,0,39,-37,82990,79103,1879,2008
2022-04-17,9,1,117,-109,82999,79220,1880,1899
2022-04-18,7,1,293,-287,83006,79513,1881,1612
2022-04-19,7,0,74,-67,83013,79587,1881,1545
2022-04-20,3,0,750,-747,83016,80337,1881,798
2022-04-21,5,5,384,-384,83021,80721,1886,414
2022-04-22,3,0,3,0,83024,80724,1886,414
2022-04-23,5,1,110,-106,83029,80834,1887,308
2022-04-24,5,2,10,-7,83034,80844,1889,301
2022-04-25,6,3,193,-190,83040,81037,1892,111
2022-04-26,4,1,19,-16,83044,81056,1893,95
2022-04-27,6,0,7,-1,83050,81063,1893,94
2022-04-28,1,1,16,-16,83051,81079,1894,78
2022-04-29,6,0,2,4,83057,81081,1894,82
2022-04-30,1,0,2,-1,83058,81083,1894,81
2022-05-01,1,1,1,-1,83059,81084,1895,80
2022-05-02,0,0,0,0,83059,81084,1895,80
2022-05-03,0,0,1,-1,83059,81085,1895,79
2022-05-04,0,0,2,-2,83059,81087,1895,77
2022-05-05,0,0,6,-6,83059,81093,1895,71
2022-05-06,1,0,0,1,83060,81093,1895,72
2022-05-07,1,0,1,0,83061,81094,1895,72
2022-05-08,2,0,1,1,83063,81095,1895,73
2022-05-09,2,0,15,-13,83065,81110,1895,60
2022-05-10,2,0,8,-6,83067,81118,1895,54
2022-05-11,1,0,0,1,83068,81118,1895,55
2022-05-12,4,0,3,1,83072,81121,1895,56
2022-05-13,2,1,14,-13,83074,81135,1896,43
2022-05-14,1,0,0,1,83075,81135,1896,44
2022-05-15,2,0,0,2,83077,81135,1896,46
2022-05-16,2,0,0,2,83079,81135,1896,48
2022-05-17,0,0,0,0,83079,81135,1896,48
2022-05-18,0,0,3,-3,83079,81138,1896,45
2022-05-19,1,0,0,1,83080,81138,1896,46
2022-05-20,2,0,1,1,83082,81139,1896,47
2022-05-21,1,0,0,1,83083,81139,1896,48
2022-05-22,0,0,0,0,83083,81139,1896,48
2022-05-23,1,0,5,-4,83084,81144,1896,44
2022-05-24,2,0,1,1,83086,81145,1896,45
2022-05-25,0,0,1,-1,83086,81146,1896,44
2022-05-26,0,0,0,0,83086,81146,1896,44
2022-05-27,0,0,1,-1,83086,81147,1896,43
2022-05-28,1,0,1,0,83087,81148,1896,43
2022-05-29,0,0,2,-2,83087,81150,1896,41
2022-05-30,0,0,3,-3,83087,81153,1896,38
2022-05-31,2,0,5,-3,83089,81158,1896,35
2022-06-01,2,0,0,2,83091,81158,1896,37
2022-06-02,2,0,0,2,83093,81158,1896,39
2022-06-03,1,0,0,1,83094,81158,1896,40
2022-06-04,1,0,1,0,83095,81159,1896,40
2022-06-05,2,0,0,2,83097,81159,1896,42
2022-06-06,0,0,1,-1,83097,81160,1896,41
2022-06-07,0,0,0,0,83097,81160,1896,41
2022-06-08,0,1,2,-3,83097,81162,1897,38
2022-06-09,0,0,14,-14,83097,81176,1897,24
2022-06-10,0,0,1,-1,83097,81177,1897,23
2022-06-11,3,0,0,3,83100,81177,1897,26
2022-06-12,0,0,1,-1,83100,81178,1897,25
2022-06-13,1,0,1,0,83101,81179,1897,25
2022-06-14,0,0,1,-1,83101,81180,1897,24
2022-06-15,0,0,0,0,83101,81180,1897,24
2022-06-16,1,0,9,-8,83102,81189,1897,16
2022-06-17,0,0,0,0,83102,81189,1897,16
2022-06-18,0,0,0,0,83102,81189,1897,16
2022-06-19,0,0,0,0,83102,81189,1897,16
2022-06-20,0,0,0,0,83102,81189,1897,16
2022-06-21,1,0,0,1,83103,81189,1897,17
2022-06-22,1,0,0,1,83104,81189,1897,18
2022-06-23,1,0,0,1,83105,81189,1897,19
2022-06-24,1,0,0,1,83106,81189,1897,20
2022-06-25,1,0,2,-1,83107,81191,1897,19
2022-06-26,0,0,0,0,83107,81191,1897,19
2022-06-27,1,0,2,-1,83108,81193,1897,18
2022-06-28,2,0,0,2,83110,81193,1897,20
2022-06-29,0,0,1,-1,83110,81194,1897,19
2022-06-30,3,0,4,-1,83113,81198,1897,18
2022-07-01,1,0,0,1,83114,81198,1897,19
2022-07-02,1,0,2,-1,83115,81200,1897,18
2022-07-03,1,0,0,1,83116,81200,1897,19
2022-07-04,2,0,0,2,83118,81200,1897,21
2022-07-05,2,0,2,0,83120,81202,1897,21
2022-07-06,0,0,0,0,83120,81202,1897,21
2022-07-07,2,1,3,-2,83122,81205,1898,19
2022-07-08,6,0,1,5,83128,81206,1898,24
2022-07-09,2,0,0,2,83130,81206,1898,26
2022-07-10,0,0,0,0,83130,81206,1898,26
2022-07-11,0,0,0,0,83130,81206,1898,26
2022-07-12,2,0,0,2,83132,81206,1898,28
2022-07-13,1,0,1,0,83133,81207,1898,28
2022-07-14,3,0,0,3,83136,81207,1898,31
2022-07-15,1,0,3,-2,83137,81210,1898,29
2022-07-16,0,0,0,0,83137,81210,1898,29
2022-07-17,2,0,0,2,83139,81210,1898,31
2022-07-18,3,0,15,-12,83142,81225,1898,19
2022-07-19,3,0,0,3,83145,81225,1898,22
2022-07-20,1,0,0,1,83146,81225,1898,23
2022-07-21,2,0,0,2,83148,81225,1898,25
2022-07-22,4,0,1,3,83152,81226,1898,28
2022-07-23,6,0,4,2,83158,81230,1898,30
2022-07-24,1,0,0,1,83159,81230,1898,31
2022-07-25,2,0,4,-2,83161,81234,1898,29
2022-07-26,1,0,1,0,83162,81235,1898,29
2022-07-27,10,0,0,10,83172,81235,1898,39
2022-07-28,11,0,0,11,83183,81235,1898,50
2022-07-29,13,0,0,13,83196,81235,1898,63
2022-07-30,8,0,2,6,83204,81237,1898,69
2022-07-31,4,0,1,3,83208,81238,1898,72
2022-08-01,3,0,3,0,83211,81241,1898,72
2022-08-02,8,0,5,3,83219,81246,1898,75
2022-08-03,9,0,2,7,83228,81248,1898,82
2022-08-04,10,0,2,8,83238,81250,1898,90
2022-08-05,10,0,8,2,83248,81258,1898,92
2022-08-06,4,0,0,4,83252,81258,1898,96
2022-08-07,4,0,4,0,83256,81262,1898,96
2022-08-08,5,0,9,-4,83261,81271,1898,92
2022-08-09,17,0,9,8,83278,81280,1898,100
2022-08-10,16,0,2,14,83294,81282,1898,114
2022-08-11,23,0,3,20,83317,81285,1898,134
2022-08-12,20,0,10,10,83337,81295,1898,144
2022-08-13,10,0,1,9,83347,81296,1898,153
2022-08-14,8,1,3,4,83355,81299,1899,157
2022-08-15,4,1,21,-18,83359,81320,1900,139
2022-08-16,13,1,7,5,83372,81327,1901,144
2022-08-17,18,0,2,16,83390,81329,1901,160
2022-08-18,4,0,16,-12,83394,81345,1901,148
2022-08-19,32,0,11,21,83426,81356,1901,169
2022-08-20,18,0,3,15,83444,81359,1901,184
2022-08-21,14,0,2,12,83458,81361,1901,196
2022-08-22,11,1,15,-5,83469,81376,1902,191
2022-08-23,24,0,14,10,83493,81390,1902,201
2022-08-24,18,1,11,6,83511,81401,1903,207
2022-08-25,8,0,15,-7,83519,81416,1903,200
2022-08-26,18,0,2,16,83537,81418,1903,216
2022-08-27,16,0,3,13,83553,81421,1903,229
2022-08-28,14,0,0,14,83567,81421,1903,243
2022-08-29,9,0,42,-33,83576,81463,1903,210
2022-08-30,7,0,30,-23,83583,81493,1903,187
2022-08-31,22,3,12,7,83605,81505,1906,194
2022-09-01,14,0,14,0,83619,81519,1906,194
2022-09-02,6,1,15,-10,83625,81534,1907,184
2022-09-03,15,0,3,12,83640,81537,1907,196
2022-09-04,9,0,2,7,83649,81539,1907,203
2022-09-05,6,1,14,-9,83655,81553,1908,194
2022-09-06,15,2,10,3,83670,81563,1910,197
2022-09-07,6,0,20,-14,83676,81583,1910,183
2022-09-08,10,1,17,-8,83686,81600,1911,175
2022-09-09,12,0,7,5,83698,81607,1911,180
2022-09-10,3,0,2,1,83701,81609,1911,181
2022-09-11,9,0,1,8,83710,81610,1911,189
2022-09-12,6,0,47,-41,83716,81657,1911,148
2022-09-13,30,1,11,18,83746,81668,1912,166
2022-09-14,6,1,11,-6,83752,81679,1913,160
2022-09-15,10,0,12,-2,83762,81691,1913,158
2022-09-16,13,2,8,3,83775,81699,1915,161
2022-09-17,11,0,1,10,83786,81700,1915,171
2022-09-18,3,0,0,3,83789,81700,1915,174
2022-09-19,8,0,29,-21,83797,81729,1915,153
2022-09-20,10,1,2,7,83807,81731,1916,160
2022-09-21,3,1,10,-8,83810,81741,1917,152
2022-09-22,6,0,4,2,83816,81745,1917,154
2022-09-23,3,0,15,-12,83819,81760,1917,142
2022-09-24,7,0,1,6,83826,81761,1917,148
2022-09-25,6,0,0,6,83832,81761,1917,154
2022-09-26,2,1,5,-4,83834,81766,1918,150
2022-09-27,13,0,13,0,83847,81779,1918,150
2022-09-28,7,0,0,7,83854,81779,1918,157
2022-09-29,2,0,2,0,83856,81781,1918,157
2022-09-30,10,0,1,9,83866,81782,1918,166
