tanggal,KASUS,MENINGGAL,SEMBUH,DIRAWAT_OR_ISOLASI,AKUMULASI_KASUS,AKUMULASI_SEMBUH,AKUMULASI_MENINGGAL,AKUMULASI_DIRAWAT_OR_ISOLASI
2020-03-26,3,0,0,3,3,0,0,3
2020-03-27,2,0,0,2,5,0,0,5
2020-03-28,0,0,0,0,5,0,0,5
2020-03-29,0,0,0,0,5,0,0,5
2020-03-30,3,0,0,3,8,0,0,8
2020-03-31,0,0,0,0,8,0,0,8
2020-04-01,0,0,0,0,8,0,0,8
2020-04-02,0,0,0,0,8,0,0,8
2020-04-03,0,0,0,0,8,0,0,8
2020-04-04,0,0,0,0,8,0,0,8
2020-04-05,0,0,0,0,8,0,0,8
2020-04-06,10,0,0,10,18,0,0,18
2020-04-07,0,0,0,0,18,0,0,18
2020-04-08,0,0,0,0,18,0,0,18
2020-04-09,0,0,0,0,18,0,0,18
2020-04-10,13,3,5,5,31,5,3,23
2020-04-11,0,0,0,0,31,5,3,23
2020-04-12,13,0,1,12,44,6,3,35
2020-04-13,1,0,0,1,45,6,3,36
2020-04-14,3,1,0,2,48,6,4,38
2020-04-15,7,0,1,6,55,7,4,44
2020-04-16,0,0,0,0,55,7,4,44
2020-04-17,7,2,3,2,62,10,6,46
2020-04-18,9,1,2,6,71,12,7,52
2020-04-19,1,0,0,1,72,12,7,53
2020-04-20,2,0,1,1,74,13,7,54
2020-04-21,2,1,0,1,76,13,8,55
2020-04-22,5,1,0,4,81,13,9,59
2020-04-23,5,0,3,2,86,16,9,61
2020-04-24,10,1,1,8,96,17,10,69
2020-04-25,1,1,4,-4,97,21,11,65
2020-04-26,5,0,0,5,102,21,11,70
2020-04-27,19,3,4,12,121,25,14,82
2020-04-28,23,0,0,23,144,25,14,105
2020-04-29,1,1,0,0,145,25,15,105
2020-04-30,3,0,1,2,148,26,15,107
2020-05-01,24,0,5,19,172,31,15,126
2020-05-02,10,1,0,9,182,31,16,135
2020-05-03,13,0,5,8,195,36,16,143
2020-05-04,8,0,2,6,203,38,16,149
2020-05-05,18,0,1,17,221,39,16,166
2020-05-06,17,1,0,16,238,39,17,182
2020-05-07,14,1,3,10,252,42,18,192
2020-05-08,18,0,7,11,270,49,18,203
2020-05-09,16,0,7,9,286,56,18,212
2020-05-10,13,0,2,11,299,58,18,223
2020-05-11,0,0,11,-11,299,69,18,212
2020-05-12,20,1,3,16,319,72,19,228
2020-05-13,20,1,13,6,339,85,20,234
2020-05-14,32,2,3,27,371,88,22,261
2020-05-15,22,0,3,19,393,91,22,280
2020-05-16,3,1,3,-1,396,94,23,279
2020-05-17,12,0,3,9,408,97,23,288
2020-05-18,1,0,12,-11,409,109,23,277
2020-05-19,11,0,10,1,420,119,23,278
2020-05-20,8,1,28,-21,428,147,24,257
2020-05-21,8,0,7,1,436,154,24,258
2020-05-22,2,0,5,-3,438,159,24,255
2020-05-23,5,1,20,-16,443,179,25,239
2020-05-24,35,0,5,30,478,184,25,269
2020-05-25,0,0,5,-5,478,189,25,264
2020-05-26,32,0,22,10,510,211,25,274
2020-05-27,27,1,28,-2,537,239,26,272
2020-05-28,4,0,8,-4,541,247,26,268
2020-05-29,0,0,6,-6,541,253,26,262
2020-05-30,11,0,6,5,552,259,26,267
2020-05-31,15,0,9,6,567,268,26,273
2020-06-01,0,0,2,-2,567,270,26,271
2020-06-02,7,0,5,2,574,275,26,273
2020-06-03,9,0,5,4,583,280,26,277
2020-06-04,11,0,35,-24,594,315,26,253
2020-06-05,13,1,21,-9,607,336,27,244
2020-06-06,11,0,3,8,618,339,27,252
2020-06-07,8,0,4,4,626,343,27,256
2020-06-08,0,0,11,-11,626,354,27,245
2020-06-09,19,2,10,7,645,364,29,252
2020-06-10,14,0,28,-14,659,392,29,238
2020-06-11,2,0,3,-1,661,395,29,237
2020-06-12,10,0,15,-5,671,410,29,232
2020-06-13,3,0,4,-1,674,414,29,231
2020-06-14,7,1,12,-6,681,426,30,225
2020-06-15,0,0,0,0,681,426,30,225
2020-06-16,6,0,36,-30,687,462,30,195
2020-06-17,4,0,6,-2,691,468,30,193
2020-06-18,5,0,17,-12,696,485,30,181
2020-06-19,4,0,11,-7,700,496,30,174
2020-06-20,3,0,4,-1,703,500,30,173
2020-06-21,4,0,6,-2,707,506,30,171
2020-06-22,0,0,2,-2,707,508,30,169
2020-06-23,5,0,19,-14,712,527,30,155
2020-06-24,3,0,15,-12,715,542,30,143
2020-06-25,2,0,22,-20,717,564,30,123
2020-06-26,3,1,10,-8,720,574,31,115
2020-06-27,2,0,10,-8,722,584,31,107
2020-06-28,3,0,6,-3,725,590,31,104
2020-06-29,0,0,1,-1,725,591,31,103
2020-06-30,1,0,12,-11,726,603,31,92
2020-07-01,16,0,7,9,742,610,31,101
2020-07-02,8,0,11,-3,750,621,31,98
2020-07-03,10,0,4,6,760,625,31,104
2020-07-04,2,0,2,0,762,627,31,104
2020-07-05,13,0,1,12,775,628,31,116
2020-07-06,0,0,2,-2,775,630,31,114
2020-07-07,5,0,10,-5,780,640,31,109
2020-07-08,0,1,10,-11,780,650,32,98
2020-07-09,5,0,8,-3,785,658,32,95
2020-07-10,6,0,6,0,791,664,32,95
2020-07-11,3,0,5,-2,794,669,32,93
2020-07-12,6,0,5,1,800,674,32,94
2020-07-13,0,0,0,0,800,674,32,94
2020-07-14,3,0,11,-8,803,685,32,86
2020-07-15,2,0,5,-3,805,690,32,83
2020-07-16,1,0,3,-2,806,693,32,81
2020-07-17,7,0,2,5,813,695,32,86
2020-07-18,4,0,5,-1,817,700,32,85
2020-07-19,9,1,4,4,826,704,33,89
2020-07-20,2,0,0,2,828,704,33,91
2020-07-21,8,0,7,1,836,711,33,92
2020-07-22,10,0,1,9,846,712,33,101
2020-07-23,3,0,3,0,849,715,33,101
2020-07-24,3,0,6,-3,852,721,33,98
2020-07-25,12,0,13,-1,864,734,33,97
2020-07-26,5,0,6,-1,869,740,33,96
2020-07-27,0,0,3,-3,869,743,33,93
2020-07-28,5,0,4,1,874,747,33,94
2020-07-29,17,0,7,10,891,754,33,104
2020-07-30,16,0,8,8,907,762,33,112
2020-07-31,41,1,2,38,948,764,34,150
2020-08-01,0,0,0,0,948,764,34,150
2020-08-02,9,0,8,1,957,772,34,151
2020-08-03,17,0,2,15,974,774,34,166
2020-08-04,13,0,3,10,987,777,34,176
2020-08-05,19,0,3,16,1006,780,34,192
2020-08-06,32,0,12,20,1038,792,34,212
2020-08-07,41,0,10,31,1079,802,34,243
2020-08-08,23,0,5,18,1102,807,34,261
2020-08-09,38,0,3,35,1140,810,34,296
2020-08-10,36,0,9,27,1176,819,34,323
2020-08-11,13,0,9,4,1189,828,34,327
2020-08-12,27,2,11,14,1216,839,36,341
2020-08-13,42,1,20,21,1258,859,37,362
2020-08-14,42,1,15,26,1300,874,38,388
2020-08-15,37,0,19,18,1337,893,38,406
2020-08-16,13,2,8,3,1350,901,40,409
2020-08-17,26,1,18,7,1376,919,41,416
2020-08-18,37,2,4,31,1413,923,43,447
2020-08-19,26,2,20,4,1439,943,45,451
2020-08-20,44,0,19,25,1483,962,45,476
2020-08-21,45,0,42,3,1528,1004,45,479
2020-08-22,37,3,7,27,1565,1011,48,506
2020-08-23,68,1,37,30,1633,1048,49,536
2020-08-24,26,0,12,14,1659,1060,49,550
2020-08-25,77,1,20,56,1736,1080,50,606
2020-08-26,87,1,8,78,1823,1088,51,684
2020-08-27,41,2,55,-16,1864,1143,53,668
2020-08-28,26,2,11,13,1890,1154,55,681
2020-08-29,88,0,8,80,1978,1162,55,761
2020-08-30,90,1,39,50,2068,1201,56,811
2020-08-31,89,0,27,62,2157,1228,56,873
2020-09-01,83,0,19,64,2240,1247,56,937
2020-09-02,88,0,66,22,2328,1313,56,959
2020-09-03,44,0,21,23,2372,1334,56,982
2020-09-04,65,3,70,-8,2437,1404,59,974
2020-09-05,70,0,30,40,2507,1434,59,1014
2020-09-06,244,1,23,220,2751,1457,60,1234
2020-09-07,44,1,57,-14,2795,1514,61,1220
2020-09-08,115,0,53,62,2910,1567,61,1282
2020-09-09,110,2,65,43,3020,1632,63,1325
2020-09-10,104,0,61,43,3124,1693,63,1368
2020-09-11,37,0,50,-13,3161,1743,63,1355
2020-09-12,103,4,5,94,3264,1748,67,1449
2020-09-13,123,3,23,97,3387,1771,70,1546
2020-09-14,118,4,41,73,3505,1812,74,1619
2020-09-15,128,5,86,37,3633,1898,79,1656
2020-09-16,116,5,59,52,3749,1957,84,1708
2020-09-17,119,2,36,81,3868,1993,86,1789
2020-09-18,134,2,63,69,4002,2056,88,1858
2020-09-19,159,2,130,27,4161,2186,90,1885
2020-09-20,106,3,37,66,4267,2223,93,1951
2020-09-21,181,1,88,92,4448,2311,94,2043
2020-09-22,202,2,91,109,4650,2402,96,2152
2020-09-23,204,2,105,97,4854,2507,98,2249
2020-09-24,302,2,144,156,5156,2651,100,2405
2020-09-25,208,4,89,115,5364,2740,104,2520
2020-09-26,140,1,117,22,5504,2857,105,2542
2020-09-27,216,3,68,145,5720,2925,108,2687
2020-09-28,206,2,80,124,5926,3005,110,2811
2020-09-29,254,6,85,163,6180,3090,116,2974
2020-09-30,101,11,105,-15,6281,3195,127,2959
2020-10-01,192,4,107,81,6473,3302,131,3040
2020-10-02,114,5,133,-24,6587,3435,136,3016
2020-10-03,285,7,114,164,6872,3549,143,3180
2020-10-04,255,4,132,119,7127,3681,147,3299
2020-10-05,216,4,156,56,7343,3837,151,3355
2020-10-06,85,3,300,-218,7428,4137,154,3137
2020-10-07,194,9,119,66,7622,4256,163,3203
2020-10-08,201,5,142,54,7823,4398,168,3257
2020-10-09,295,4,167,124,8118,4565,172,3381
2020-10-10,244,5,134,105,8362,4699,177,3486
2020-10-11,341,4,207,130,8703,4906,181,3616
2020-10-12,176,0,112,64,8879,5018,181,3680
2020-10-13,173,3,91,79,9052,5109,184,3759
2020-10-14,351,1,125,225,9403,5234,185,3984
2020-10-15,346,4,131,211,9749,5365,189,4195
2020-10-16,500,4,148,348,10249,5513,193,4543
2020-10-17,435,3,257,175,10684,5770,196,4718
2020-10-18,277,2,107,168,10961,5877,198,4886
2020-10-19,242,13,170,59,11203,6047,211,4945
2020-10-20,170,3,110,57,11373,6157,214,5002
2020-10-21,279,7,268,4,11652,6425,221,5006
2020-10-22,222,3,114,105,11874,6539,224,5111
2020-10-23,257,7,523,-273,12131,7062,231,4838
2020-10-24,296,0,203,93,12427,7265,231,4931
2020-10-25,356,6,173,177,12783,7438,237,5108
2020-10-26,271,4,185,82,13054,7623,241,5190
2020-10-27,312,9,481,-178,13366,8104,250,5012
2020-10-28,266,4,199,63,13632,8303,254,5075
2020-10-29,345,9,553,-217,13977,8856,263,4858
2020-10-30,301,7,1176,-882,14278,10032,270,3976
2020-10-31,252,5,261,-14,14530,10293,275,3962
2020-11-01,223,6,244,-27,14753,10537,281,3935
2020-11-02,178,5,252,-79,14931,10789,286,3856
2020-11-03,78,4,252,-178,15009,11041,290,3678
2020-11-04,170,5,663,-498,15179,11704,295,3180
2020-11-05,240,5,373,-138,15419,12077,300,3042
2020-11-06,234,6,291,-63,15653,12368,306,2979
2020-11-07,167,8,267,-108,15820,12635,314,2871
2020-11-08,197,6,240,-49,16017,12875,320,2822
2020-11-09,126,2,184,-60,16143,13059,322,2762
2020-11-10,112,4,298,-190,16255,13357,326,2572
2020-11-11,254,2,119,133,16509,13476,328,2705
2020-11-12,200,4,144,52,16709,13620,332,2757
2020-11-13,189,2,125,62,16898,13745,334,2819
2020-11-14,244,3,147,94,17142,13892,337,2913
2020-11-15,213,0,138,75,17355,14030,337,2988
2020-11-16,38,3,80,-45,17393,14110,340,2943
2020-11-17,105,11,37,57,17498,14147,351,3000
2020-11-18,210,6,147,57,17708,14294,357,3057
2020-11-19,195,2,501,-308,17903,14795,359,2749
2020-11-20,218,4,319,-105,18121,15114,363,2644
2020-11-21,243,11,324,-92,18364,15438,374,2552
2020-11-22,229,7,443,-221,18593,15881,381,2331
2020-11-23,33,4,161,-132,18626,16042,385,2199
2020-11-24,58,1,431,-374,18684,16473,386,1825
2020-11-25,260,6,332,-78,18944,16805,392,1747
2020-11-26,307,5,147,155,19251,16952,397,1902
2020-11-27,239,3,250,-14,19490,17202,400,1888
2020-11-28,186,4,210,-28,19676,17412,404,1860
2020-11-29,273,3,192,78,19949,17604,407,1938
2020-11-30,92,7,216,-131,20041,17820,414,1807
2020-12-01,57,1,118,-62,20098,17938,415,1745
2020-12-02,175,5,216,-46,20273,18154,420,1699
2020-12-03,191,4,151,36,20464,18305,424,1735
2020-12-04,209,5,211,-7,20673,18516,429,1728
2020-12-05,161,1,151,9,20834,18667,430,1737
2020-12-06,139,5,201,-67,20973,18868,435,1670
2020-12-07,114,0,113,1,21087,18981,435,1671
2020-12-08,88,5,164,-81,21175,19145,440,1590
2020-12-09,125,5,159,-39,21300,19304,445,1551
2020-12-10,140,0,278,-138,21440,19582,445,1413
2020-12-11,63,1,253,-191,21503,19835,446,1222
2020-12-12,85,0,39,46,21588,19874,446,1268
2020-12-13,116,2,245,-131,21704,20119,448,1137
2020-12-14,54,2,51,1,21758,20170,450,1138
2020-12-15,39,0,143,-104,21797,20313,450,1034
2020-12-16,175,4,154,17,21972,20467,454,1051
2020-12-17,114,6,128,-20,22086,20595,460,1031
2020-12-18,109,7,127,-25,22195,20722,467,1006
2020-12-19,136,6,34,96,22331,20756,473,1102
2020-12-20,127,7,113,7,22458,20869,480,1109
2020-12-21,122,6,102,14,22580,20971,486,1123
2020-12-22,48,2,107,-61,22628,21078,488,1062
2020-12-23,160,5,39,116,22788,21117,493,1178
2020-12-24,100,6,29,65,22888,21146,499,1243
2020-12-25,100,5,20,75,22988,21166,504,1318
2020-12-26,75,5,11,59,23063,21177,509,1377
2020-12-27,60,4,126,-70,23123,21303,513,1307
2020-12-28,16,1,115,-100,23139,21418,514,1207
2020-12-29,83,6,129,-52,23222,21547,520,1155
2020-12-30,125,1,143,-19,23347,21690,521,1136
2020-12-31,117,4,125,-12,23464,21815,525,1124
2021-01-01,147,1,115,31,23611,21930,526,1155
2021-01-02,38,2,125,-89,23649,22055,528,1066
2021-01-03,61,3,116,-58,23710,22171,531,1008
2021-01-04,24,3,141,-120,23734,22312,534,888
2021-01-05,72,2,141,-71,23806,22453,536,817
2021-01-06,178,4,123,51,23984,22576,540,868
2021-01-07,171,4,23,144,24155,22599,544,1012
2021-01-08,167,0,23,144,24322,22622,544,1156
2021-01-09,182,1,19,162,24504,22641,545,1318
2021-01-10,5,0,12,-7,24509,22653,545,1311
2021-01-11,0,3,24,-27,24509,22677,548,1284
2021-01-12,111,4,19,88,24620,22696,552,1372
2021-01-13,170,4,43,123,24790,22739,556,1495
2021-01-14,269,1,40,228,25059,22779,557,1723
2021-01-15,191,5,33,153,25250,22812,562,1876
2021-01-16,182,3,29,150,25432,22841,565,2026
2021-01-17,168,0,14,154,25600,22855,565,2180
2021-01-18,35,2,4,29,25635,22859,567,2209
2021-01-19,108,0,59,49,25743,22918,567,2258
2021-01-20,167,7,17,143,25910,22935,574,2401
2021-01-21,181,4,49,128,26091,22984,578,2529
2021-01-22,127,7,22,98,26218,23006,585,2627
2021-01-23,111,0,114,-3,26329,23120,585,2624
2021-01-24,123,0,122,1,26452,23242,585,2625
2021-01-25,44,3,80,-39,26496,23322,588,2586
2021-01-26,31,3,52,-24,26527,23374,591,2562
2021-01-27,100,1,53,46,26627,23427,592,2608
2021-01-28,110,1,133,-24,26737,23560,593,2584
2021-01-29,71,6,311,-246,26808,23871,599,2338
2021-01-30,84,1,77,6,26892,23948,600,2344
2021-01-31,87,2,144,-59,26979,24092,602,2285
2021-02-01,44,2,39,3,27023,24131,604,2288
2021-02-02,37,7,183,-153,27060,24314,611,2135
2021-02-03,129,3,118,8,27189,24432,614,2143
2021-02-04,97,3,176,-82,27286,24608,617,2061
2021-02-05,58,1,106,-49,27344,24714,618,2012
2021-02-06,95,1,161,-67,27439,24875,619,1945
2021-02-07,129,0,111,18,27568,24986,619,1963
2021-02-08,42,1,154,-113,27610,25140,620,1850
2021-02-09,51,0,171,-120,27661,25311,620,1730
2021-02-10,141,1,59,81,27802,25370,621,1811
2021-02-11,85,5,91,-11,27887,25461,626,1800
2021-02-12,123,3,52,68,28010,25513,629,1868
2021-02-13,81,1,61,19,28091,25574,630,1887
2021-02-14,77,0,116,-39,28168,25690,630,1848
2021-02-15,14,4,46,-36,28182,25736,634,1812
2021-02-16,54,0,0,54,28236,25736,634,1866
2021-02-17,71,0,27,44,28307,25763,634,1910
2021-02-18,112,1,49,62,28419,25812,635,1972
2021-02-19,90,3,6,81,28509,25818,638,2053
2021-02-20,81,3,60,18,28590,25878,641,2071
2021-02-21,71,0,55,16,28661,25933,641,2087
2021-02-22,29,0,227,-198,28690,26160,641,1889
2021-02-23,60,1,184,-125,28750,26344,642,1764
2021-02-24,87,0,189,-102,28837,26533,642,1662
2021-02-25,83,0,133,-50,28920,26666,642,1612
2021-02-26,97,1,137,-41,29017,26803,643,1571
2021-02-27,81,0,95,-14,29098,26898,643,1557
2021-02-28,84,0,129,-45,29182,27027,643,1512
2021-03-01,22,4,164,-146,29204,27191,647,1366
2021-03-02,71,1,149,-79,29275,27340,648,1287
2021-03-03,105,2,184,-81,29380,27524,650,1206
2021-03-04,87,2,75,10,29467,27599,652,1216
2021-03-05,87,1,165,-79,29554,27764,653,1137
2021-03-06,92,0,141,-49,29646,27905,653,1088
2021-03-07,60,1,69,-10,29706,27974,654,1078
2021-03-08,8,1,75,-68,29714,28049,655,1010
2021-03-09,83,2,33,48,29797,28082,657,1058
2021-03-10,101,1,101,-1,29898,28183,658,1057
2021-03-11,87,1,104,-18,29985,28287,659,1039
2021-03-12,57,4,48,5,30042,28335,663,1044
2021-03-13,68,2,50,16,30110,28385,665,1060
2021-03-14,93,3,145,-55,30203,28530,668,1005
2021-03-15,22,0,33,-11,30225,28563,668,994
2021-03-16,55,0,64,-9,30280,28627,668,985
2021-03-17,135,4,66,65,30415,28693,672,1050
2021-03-18,105,0,91,14,30520,28784,672,1064
2021-03-19,109,2,80,27,30629,28864,674,1091
2021-03-20,77,1,172,-96,30706,29036,675,995
2021-03-21,87,2,60,25,30793,29096,677,1020
2021-03-22,41,0,59,-18,30834,29155,677,1002
2021-03-23,90,2,41,47,30924,29196,679,1049
2021-03-24,89,0,105,-16,31013,29301,679,1033
2021-03-25,111,0,123,-12,31124,29424,679,1021
2021-03-26,115,0,46,69,31239,29470,679,1090
2021-03-27,110,1,64,45,31349,29534,680,1135
2021-03-28,106,2,128,-24,31455,29662,682,1111
2021-03-29,41,1,37,3,31496,29699,683,1114
2021-03-30,106,0,13,93,31602,29712,683,1207
2021-03-31,126,1,56,69,31728,29768,684,1276
2021-04-01,134,1,76,57,31862,29844,685,1333
2021-04-02,150,4,55,91,32012,29899,689,1424
2021-04-03,86,1,92,-7,32098,29991,690,1417
2021-04-04,57,0,37,20,32155,30028,690,1437
2021-04-05,51,4,110,-63,32206,30138,694,1374
2021-04-06,105,4,115,-14,32311,30253,698,1360
2021-04-07,129,0,121,8,32440,30374,698,1368
2021-04-08,215,10,193,12,32655,30567,708,1380
2021-04-09,145,2,67,76,32800,30634,710,1456
2021-04-10,155,5,54,96,32955,30688,715,1552
2021-04-11,114,1,153,-40,33069,30841,716,1512
2021-04-12,57,2,50,5,33126,30891,718,1517
2021-04-13,101,4,162,-65,33227,31053,722,1452
2021-04-14,174,3,168,3,33401,31221,725,1455
2021-04-15,158,5,153,0,33559,31374,730,1455
2021-04-16,168,4,162,2,33727,31536,734,1457
2021-04-17,206,7,140,59,33933,31676,741,1516
2021-04-18,204,3,99,102,34137,31775,744,1618
2021-04-19,89,3,59,27,34226,31834,747,1645
2021-04-20,176,6,146,24,34402,31980,753,1669
2021-04-21,514,8,106,400,34916,32086,761,2069
2021-04-22,286,2,100,184,35202,32186,763,2253
2021-04-23,232,2,230,0,35434,32416,765,2253
2021-04-24,295,6,259,30,35729,32675,771,2283
2021-04-25,234,2,77,155,35963,32752,773,2438
2021-04-26,93,6,56,31,36056,32808,779,2469
2021-04-27,212,4,247,-39,36268,33055,783,2430
2021-04-28,220,4,231,-15,36488,33286,787,2415
2021-04-29,281,6,247,28,36769,33533,793,2443
2021-04-30,162,2,140,20,36931,33673,795,2463
2021-05-01,179,8,333,-162,37110,34006,803,2301
2021-05-02,270,6,137,127,37380,34143,809,2428
2021-05-03,58,5,98,-45,37438,34241,814,2383
2021-05-04,144,5,223,-84,37582,34464,819,2299
2021-05-05,263,5,208,50,37845,34672,824,2349
2021-05-06,416,10,257,149,38261,34929,834,2498
2021-05-07,283,7,204,72,38544,35133,841,2570
2021-05-08,300,3,276,21,38844,35409,844,2591
2021-05-09,322,11,171,140,39166,35580,855,2731
2021-05-10,177,11,103,63,39343,35683,866,2794
2021-05-11,231,3,268,-40,39574,35951,869,2754
2021-05-12,443,9,184,250,40017,36135,878,3004
2021-05-13,94,0,228,-134,40111,36363,878,2870
2021-05-14,0,0,2,-2,40111,36365,878,2868
2021-05-15,0,0,10,-10,40111,36375,878,2858
2021-05-16,141,6,230,-95,40252,36605,884,2763
2021-05-17,127,10,146,-29,40379,36751,894,2734
2021-05-18,230,7,244,-21,40609,36995,901,2713
2021-05-19,295,5,358,-68,40904,37353,906,2645
2021-05-20,349,7,223,119,41253,37576,913,2764
2021-05-21,362,10,314,38,41615,37890,923,2802
2021-05-22,301,8,304,-11,41916,38194,931,2791
2021-05-23,381,9,181,191,42297,38375,940,2982
2021-05-24,154,1,194,-41,42451,38569,941,2941
2021-05-25,271,8,184,79,42722,38753,949,3020
2021-05-26,290,3,268,19,43012,39021,952,3039
2021-05-27,313,4,137,172,43325,39158,956,3211
2021-05-28,172,11,217,-56,43497,39375,967,3155
2021-05-29,361,10,401,-50,43858,39776,977,3105
2021-05-30,269,15,188,66,44127,39964,992,3171
2021-05-31,131,2,123,6,44258,40087,994,3177
2021-06-01,185,9,333,-157,44443,40420,1003,3020
2021-06-02,224,1,118,105,44667,40538,1004,3125
2021-06-03,177,6,280,-109,44844,40818,1010,3016
2021-06-04,306,3,184,119,45150,41002,1013,3135
2021-06-05,467,8,276,183,45617,41278,1021,3318
2021-06-06,388,4,240,144,46005,41518,1025,3462
2021-06-07,239,14,52,173,46244,41570,1039,3635
2021-06-08,141,9,229,-97,46385,41799,1048,3538
2021-06-09,259,7,168,84,46644,41967,1055,3622
2021-06-10,353,6,199,148,46997,42166,1061,3770
2021-06-11,278,10,366,-98,47275,42532,1071,3672
2021-06-12,232,3,221,8,47507,42753,1074,3680
2021-06-13,267,8,454,-195,47774,43207,1082,3485
2021-06-14,111,7,170,-66,47885,43377,1089,3419
2021-06-15,154,9,369,-224,48039,43746,1098,3195
2021-06-16,214,4,233,-23,48253,43979,1102,3172
2021-06-17,188,6,250,-68,48441,44229,1108,3104
2021-06-18,241,7,264,-30,48682,44493,1115,3074
2021-06-19,135,5,330,-200,48817,44823,1120,2874
2021-06-20,131,5,207,-81,48948,45030,1125,2793
2021-06-21,70,4,188,-122,49018,45218,1129,2671
2021-06-22,188,7,158,23,49206,45376,1136,2694
2021-06-23,294,7,181,106,49500,45557,1143,2800
2021-06-24,206,4,133,69,49706,45690,1147,2869
2021-06-25,322,4,178,140,50028,45868,1151,3009
2021-06-26,257,4,358,-105,50285,46226,1155,2904
2021-06-27,172,8,75,89,50457,46301,1163,2993
2021-06-28,89,10,99,-20,50546,46400,1173,2973
2021-06-29,188,7,182,-1,50734,46582,1180,2972
2021-06-30,452,7,206,239,51186,46788,1187,3211
2021-07-01,549,7,95,447,51735,46883,1194,3658
2021-07-02,455,7,355,93,52190,47238,1201,3751
2021-07-03,501,7,417,77,52691,47655,1208,3828
2021-07-04,435,8,129,298,53126,47784,1216,4126
2021-07-05,81,11,126,-56,53207,47910,1227,4070
2021-07-06,304,9,208,87,53511,48118,1236,4157
2021-07-07,676,3,109,564,54187,48227,1239,4721
2021-07-08,770,10,314,446,54957,48541,1249,5167
2021-07-09,718,11,274,433,55675,48815,1260,5600
2021-07-10,847,5,242,600,56522,49057,1265,6200
2021-07-11,344,19,286,39,56866,49343,1284,6239
2021-07-12,365,10,258,97,57231,49601,1294,6336
2021-07-13,489,11,274,204,57720,49875,1305,6540
2021-07-14,667,3,330,334,58387,50205,1308,6874
2021-07-15,678,5,354,319,59065,50559,1313,7193
2021-07-16,1006,8,340,658,60071,50899,1321,7851
2021-07-17,637,11,290,336,60708,51189,1332,8187
2021-07-18,642,4,317,321,61350,51506,1336,8508
2021-07-19,740,10,373,357,62090,51879,1346,8865
2021-07-20,524,7,251,266,62614,52130,1353,9131
2021-07-21,540,9,304,227,63154,52434,1362,9358
2021-07-22,617,3,350,264,63771,52784,1365,9622
2021-07-23,753,13,158,582,64524,52942,1378,10204
2021-07-24,431,11,335,85,64955,53277,1389,10289
2021-07-25,752,3,274,475,65707,53551,1392,10764
2021-07-26,614,16,440,158,66321,53991,1408,10922
2021-07-27,894,17,494,383,67215,54485,1425,11305
2021-07-28,863,22,614,227,68078,55099,1447,11532
2021-07-29,1036,22,696,318,69114,55795,1469,11850
2021-07-30,873,8,529,336,69987,56324,1477,12186
2021-07-31,886,21,439,426,70873,56763,1498,12612
2021-08-01,718,19,456,243,71591,57219,1517,12855
2021-08-02,982,12,410,560,72573,57629,1529,13415
2021-08-03,1157,16,653,488,73730,58282,1545,13903
2021-08-04,942,16,662,264,74672,58944,1561,14167
2021-08-05,857,33,490,334,75529,59434,1594,14501
2021-08-06,925,25,683,217,76454,60117,1619,14718
2021-08-07,831,17,784,30,77285,60901,1636,14748
2021-08-08,778,25,663,90,78063,61564,1661,14838
2021-08-09,390,13,780,-403,78453,62344,1674,14435
2021-08-10,501,24,1083,-606,78954,63427,1698,13829
2021-08-11,630,22,856,-248,79584,64283,1720,13581
2021-08-12,542,18,915,-391,80126,65198,1738,13190
2021-08-13,590,16,959,-385,80716,66157,1754,12805
2021-08-14,609,26,1300,-717,81325,67457,1780,12088
2021-08-15,562,16,1184,-638,81887,68641,1796,11450
2021-08-16,151,26,1019,-894,82038,69660,1822,10556
2021-08-17,269,7,747,-485,82307,70407,1829,10071
2021-08-18,432,12,657,-237,82739,71064,1841,9834
2021-08-19,291,14,679,-402,83030,71743,1855,9432
2021-08-20,389,17,682,-310,83419,72425,1872,9122
2021-08-21,532,11,734,-213,83951,73159,1883,8909
2021-08-22,330,4,1608,-1282,84281,74767,1887,7627
2021-08-23,80,19,650,-589,84361,75417,1906,7038
2021-08-24,391,11,424,-44,84752,75841,1917,6994
2021-08-25,380,14,492,-126,85132,76333,1931,6868
2021-08-26,483,11,767,-295,85615,77100,1942,6573
2021-08-27,316,6,566,-256,85931,77666,1948,6317
2021-08-28,294,13,420,-139,86225,78086,1961,6178
2021-08-29,215,10,563,-358,86440,78649,1971,5820
2021-08-30,35,8,324,-297,86475,78973,1979,5523
2021-08-31,239,6,308,-75,86714,79281,1985,5448
2021-09-01,201,7,333,-139,86915,79614,1992,5309
2021-09-02,146,15,255,-124,87061,79869,2007,5185
2021-09-03,186,8,603,-425,87247,80472,2015,4760
2021-09-04,127,4,376,-253,87374,80848,2019,4507
2021-09-05,120,1,209,-90,87494,81057,2020,4417
2021-09-06,42,10,194,-162,87536,81251,2030,4255
2021-09-07,135,4,344,-213,87671,81595,2034,4042
2021-09-08,132,6,480,-354,87803,82075,2040,3688
2021-09-09,132,3,277,-148,87935,82352,2043,3540
2021-09-10,126,9,231,-114,88061,82583,2052,3426
2021-09-11,129,7,267,-145,88190,82850,2059,3281
2021-09-12,95,0,217,-122,88285,83067,2059,3159
2021-09-13,18,9,326,-317,88303,83393,2068,2842
2021-09-14,98,3,385,-290,88401,83778,2071,2552
2021-09-15,84,4,245,-165,88485,84023,2075,2387
2021-09-16,88,3,296,-211,88573,84319,2078,2176
2021-09-17,119,3,86,30,88692,84405,2081,2206
2021-09-18,63,4,126,-67,88755,84531,2085,2139
2021-09-19,32,0,124,-92,88787,84655,2085,2047
2021-09-20,10,3,125,-118,88797,84780,2088,1929
2021-09-21,84,4,93,-13,88881,84873,2092,1916
2021-09-22,32,3,223,-194,88913,85096,2095,1722
2021-09-23,87,5,140,-58,89000,85236,2100,1664
2021-09-24,69,4,108,-43,89069,85344,2104,1621
2021-09-25,44,4,158,-118,89113,85502,2108,1503
2021-09-26,30,7,123,-100,89143,85625,2115,1403
2021-09-27,15,1,159,-145,89158,85784,2116,1258
2021-09-28,45,2,297,-254,89203,86081,2118,1004
2021-09-29,23,1,86,-64,89226,86167,2119,940
2021-09-30,50,1,76,-27,89276,86243,2120,913
2021-10-01,66,3,92,-29,89342,86335,2123,884
2021-10-02,33,3,83,-53,89375,86418,2126,831
2021-10-03,17,1,31,-15,89392,86449,2127,816
2021-10-04,6,0,121,-115,89398,86570,2127,701
2021-10-05,36,1,75,-40,89434,86645,2128,661
2021-10-06,36,1,39,-4,89470,86684,2129,657
2021-10-07,57,1,43,13,89527,86727,2130,670
2021-10-08,16,1,29,-14,89543,86756,2131,656
2021-10-09,14,1,56,-43,89557,86812,2132,613
2021-10-10,4,1,16,-13,89561,86828,2133,600
2021-10-11,1,5,63,-67,89562,86891,2138,533
2021-10-12,25,2,54,-31,89587,86945,2140,502
2021-10-13,19,0,28,-9,89606,86973,2140,493
2021-10-14,7,0,16,-9,89613,86989,2140,484
2021-10-15,10,0,23,-13,89623,87012,2140,471
2021-10-16,8,0,48,-40,89631,87060,2140,431
2021-10-17,12,0,32,-20,89643,87092,2140,411
2021-10-18,11,1,87,-77,89654,87179,2141,334
2021-10-19,17,0,23,-6,89671,87202,2141,328
2021-10-20,11,1,19,-9,89682,87221,2142,319
2021-10-21,4,0,16,-12,89686,87237,2142,307
2021-10-22,16,0,15,1,89702,87252,2142,308
2021-10-23,9,0,4,5,89711,87256,2142,313
2021-10-24,9,1,8,0,89720,87264,2143,313
2021-10-25,17,1,61,-45,89737,87325,2144,268
2021-10-26,9,0,11,-2,89746,87336,2144,266
2021-10-27,4,0,8,-4,89750,87344,2144,262
2021-10-28,2,1,23,-22,89752,87367,2145,240
2021-10-29,8,0,11,-3,89760,87378,2145,237
2021-10-30,8,0,7,1,89768,87385,2145,238
2021-10-31,3,0,6,-3,89771,87391,2145,235
2021-11-01,2,0,18,-16,89773,87409,2145,219
2021-11-02,5,1,14,-10,89778,87423,2146,209
2021-11-03,6,1,6,-1,89784,87429,2147,208
2021-11-04,1,0,28,-27,89785,87457,2147,181
2021-11-05,1,0,6,-5,89786,87463,2147,176
2021-11-06,7,1,14,-8,89793,87477,2148,168
2021-11-07,1,1,4,-4,89794,87481,2149,164
2021-11-08,5,0,4,1,89799,87485,2149,165
2021-11-09,1,1,4,-4,89800,87489,2150,161
2021-11-10,4,0,5,-1,89804,87494,2150,160
2021-11-11,3,0,5,-2,89807,87499,2150,158
2021-11-12,2,0,29,-27,89809,87528,2150,131
2021-11-13,7,0,3,4,89816,87531,2150,135
2021-11-14,3,1,7,-5,89819,87538,2151,130
2021-11-15,0,0,4,-4,89819,87542,2151,126
2021-11-16,2,0,2,0,89821,87544,2151,126
2021-11-17,7,0,0,7,89828,87544,2151,133
2021-11-18,2,0,4,-2,89830,87548,2151,131
2021-11-19,0,1,3,-4,89830,87551,2152,127
2021-11-20,1,0,5,-4,89831,87556,2152,123
2021-11-21,0,0,6,-6,89831,87562,2152,117
2021-11-22,0,0,4,-4,89831,87566,2152,113
2021-11-23,1,0,4,-3,89832,87570,2152,110
2021-11-24,2,0,0,2,89834,87570,2152,112
2021-11-25,2,0,3,-1,89836,87573,2152,111
2021-11-26,6,0,7,-1,89842,87580,2152,110
2021-11-27,0,0,2,-2,89842,87582,2152,108
2021-11-28,0,0,0,0,89842,87582,2152,108
2021-11-29,0,0,21,-21,89842,87603,2152,87
2021-11-30,2,0,0,2,89844,87603,2152,89
2021-12-01,1,0,3,-2,89845,87606,2152,87
2021-12-02,4,0,0,4,89849,87606,2152,91
2021-12-03,1,0,1,0,89850,87607,2152,91
2021-12-04,4,0,1,3,89854,87608,2152,94
2021-12-05,2,0,0,2,89856,87608,2152,96
2021-12-06,0,0,49,-49,89856,87657,2152,47
2021-12-07,0,0,1,-1,89856,87658,2152,46
2021-12-08,2,0,1,1,89858,87659,2152,47
2021-12-09,0,0,8,-8,89858,87667,2152,39
2021-12-10,2,0,2,0,89860,87669,2152,39
2021-12-11,2,0,3,-1,89862,87672,2152,38
2021-12-12,1,0,1,0,89863,87673,2152,38
2021-12-13,1,0,0,1,89864,87673,2152,39
2021-12-14,1,0,1,0,89865,87674,2152,39
2021-12-15,0,0,4,-4,89865,87678,2152,35
2021-12-16,1,0,7,-6,89866,87685,2152,29
2021-12-17,0,0,0,0,89866,87685,2152,29
2021-12-18,2,0,0,2,89868,87685,2152,31
2021-12-19,0,0,2,-2,89868,87687,2152,29
2021-12-20,0,0,1,-1,89868,87688,2152,28
2021-12-21,1,0,1,0,89869,87689,2152,28
2021-12-22,0,0,0,0,89869,87689,2152,28
2021-12-23,0,0,2,-2,89869,87691,2152,26
2021-12-24,0,0,0,0,89869,87691,2152,26
2021-12-25,1,0,1,0,89870,87692,2152,26
2021-12-26,0,0,0,0,89870,87692,2152,26
2021-12-27,0,0,0,0,89870,87692,2152,26
2021-12-28,0,0,0,0,89870,87692,2152,26
2021-12-29,0,0,0,0,89870,87692,2152,26
2021-12-30,2,1,0,1,89872,87692,2153,27
2021-12-31,1,0,11,-10,89873,87703,2153,17
2022-01-01,0,1,9,-10,89873,87712,2154,7
2022-01-02,0,0,0,0,89873,87712,2154,7
2022-01-03,0,0,0,0,89873,87712,2154,7
2022-01-04,0,0,0,0,89873,87712,2154,7
2022-01-05,1,0,0,1,89874,87712,2154,8
2022-01-06,0,0,0,0,89874,87712,2154,8
2022-01-07,0,0,0,0,89874,87712,2154,8
2022-01-08,0,0,0,0,89874,87712,2154,8
2022-01-09,2,0,1,1,89876,87713,2154,9
2022-01-10,0,0,0,0,89876,87713,2154,9
2022-01-11,1,0,0,1,89877,87713,2154,10
2022-01-12,1,0,0,1,89878,87713,2154,11
2022-01-13,3,0,0,3,89881,87713,2154,14
2022-01-14,0,0,0,0,89881,87713,2154,14
2022-01-15,0,0,0,0,89881,87713,2154,14
2022-01-16,2,0,0,2,89883,87713,2154,16
2022-01-17,0,1,1,-2,89883,87714,2155,14
2022-01-18,2,0,2,0,89885,87716,2155,14
2022-01-19,2,0,1,1,89887,87717,2155,15
2022-01-20,2,0,2,0,89889,87719,2155,15
2022-01-21,1,0,0,1,89890,87719,2155,16
2022-01-22,4,0,2,2,89894,87721,2155,18
2022-01-23,1,0,0,1,89895,87721,2155,19
2022-01-24,1,0,1,0,89896,87722,2155,19
2022-01-25,6,0,1,5,89902,87723,2155,24
2022-01-26,6,0,1,5,89908,87724,2155,29
2022-01-27,10,0,3,7,89918,87727,2155,36
2022-01-28,9,0,0,9,89927,87727,2155,45
2022-01-29,17,0,1,16,89944,87728,2155,61
2022-01-30,18,0,8,10,89962,87736,2155,71
2022-01-31,4,0,0,4,89966,87736,2155,75
2022-02-01,34,0,5,29,90000,87741,2155,104
2022-02-02,10,0,1,9,90010,87742,2155,113
2022-02-03,55,0,1,54,90065,87743,2155,167
2022-02-04,67,0,9,58,90132,87752,2155,225
2022-02-05,87,0,16,71,90219,87768,2155,296
2022-02-06,97,0,15,82,90316,87783,2155,378
2022-02-07,17,0,0,17,90333,87783,2155,395
2022-02-08,133,0,28,105,90466,87811,2155,500
2022-02-09,221,0,6,215,90687,87817,2155,715
2022-02-10,194,1,43,150,90881,87860,2156,865
2022-02-11,171,0,21,150,91052,87881,2156,1015
2022-02-12,400,0,31,369,91452,87912,2156,1384
2022-02-13,308,0,59,249,91760,87971,2156,1633
2022-02-14,58,2,17,39,91818,87988,2158,1672
2022-02-15,540,1,96,443,92358,88084,2159,2115
2022-02-16,560,0,106,454,92918,88190,2159,2569
2022-02-17,521,2,127,392,93439,88317,2161,2961
2022-02-18,654,0,105,549,94093,88422,2161,3510
2022-02-19,594,4,50,540,94687,88472,2165,4050
2022-02-20,567,3,27,537,95254,88499,2168,4587
2022-02-21,92,2,282,-192,95346,88781,2170,4395
2022-02-22,754,2,310,442,96100,89091,2172,4837
2022-02-23,717,4,98,615,96817,89189,2176,5452
2022-02-24,652,6,325,321,97469,89514,2182,5773
2022-02-25,537,2,192,343,98006,89706,2184,6116
2022-02-26,514,4,359,151,98520,90065,2188,6267
2022-02-27,393,3,205,185,98913,90270,2191,6452
2022-02-28,133,5,136,-8,99046,90406,2196,6444
2022-03-01,132,3,189,-60,99178,90595,2199,6384
2022-03-02,515,10,437,68,99693,91032,2209,6452
2022-03-03,404,2,212,190,100097,91244,2211,6642
2022-03-04,144,4,398,-258,100241,91642,2215,6384
2022-03-05,360,5,271,84,100601,91913,2220,6468
2022-03-06,282,3,232,47,100883,92145,2223,6515
2022-03-07,101,5,339,-243,100984,92484,2228,6272
2022-03-08,317,6,583,-272,101301,93067,2234,6000
2022-03-09,282,10,393,-121,101583,93460,2244,5879
2022-03-10,187,6,168,13,101770,93628,2250,5892
2022-03-11,195,6,213,-24,101965,93841,2256,5868
2022-03-12,216,3,338,-125,102181,94179,2259,5743
2022-03-13,126,1,69,56,102307,94248,2260,5799
2022-03-14,65,4,328,-267,102372,94576,2264,5532
2022-03-15,155,14,183,-42,102527,94759,2278,5490
2022-03-16,139,8,285,-154,102666,95044,2286,5336
2022-03-17,95,7,307,-219,102761,95351,2293,5117
2022-03-18,96,1,329,-234,102857,95680,2294,4883
2022-03-19,101,3,122,-24,102958,95802,2297,4859
2022-03-20,43,1,97,-55,103001,95899,2298,4804
2022-03-21,25,1,285,-261,103026,96184,2299,4543
2022-03-22,75,3,323,-251,103101,96507,2302,4292
2022-03-23,80,7,779,-706,103181,97286,2309,3586
2022-03-24,55,2,41,12,103236,97327,2311,3598
2022-03-25,66,1,214,-149,103302,97541,2312,3449
2022-03-26,41,0,144,-103,103343,97685,2312,3346
2022-03-27,28,2,55,-29,103371,97740,2314,3317
2022-03-28,20,1,64,-45,103391,97804,2315,3272
2022-03-29,23,1,97,-75,103414,97901,2316,3197
2022-03-30,20,3,85,-68,103434,97986,2319,3129
2022-03-31,33,1,101,-69,103467,98087,2320,3060
2022-04-01,31,0,56,-25,103498,98143,2320,3035
2022-04-02,26,1,32,-7,103524,98175,2321,3028
2022-04-03,13,1,3,9,103537,98178,2322,3037
2022-04-04,10,2,82,-74,103547,98260,2324,2963
2022-04-05,17,4,164,-151,103564,98424,2328,2812
2022-04-06,20,0,136,-116,103584,98560,2328,2696
2022-04-07,19,0,0,19,103603,98560,2328,2715
2022-04-08,9,0,1,8,103612,98561,2328,2723
