key_as_string,key,doc_count,jumlah_meninggal,jumlah_sembuh,jumlah_positif,jumlah_dirawat,jumlah_positif_kum,jumlah_sembuh_kum,jumlah_meninggal_kum,jumlah_dirawat_kum
2020-03-02T00:00:00.000Z,1583107200000,1,0,0,2,2,2,0,0,2
2020-03-03T00:00:00.000Z,1583193600000,1,0,0,0,0,2,0,0,2
2020-03-04T00:00:00.000Z,1583280000000,1,0,0,0,0,2,0,0,2
2020-03-05T00:00:00.000Z,1583366400000,1,0,0,0,0,2,0,0,2
2020-03-06T00:00:00.000Z,1583452800000,1,0,0,2,2,4,0,0,4
2020-03-07T00:00:00.000Z,1583539200000,1,0,0,0,0,4,0,0,4
2020-03-08T00:00:00.000Z,1583625600000,1,0,0,2,2,6,0,0,6
2020-03-09T00:00:00.000Z,1583712000000,1,0,0,13,13,19,0,0,19
2020-03-10T00:00:00.000Z,1583798400000,1,0,2,8,6,27,2,0,25
2020-03-11T00:00:00.000Z,1583884800000,1,1,0,7,6,34,2,1,31
2020-03-12T00:00:00.000Z,1583971200000,1,0,0,0,0,34,2,1,31
2020-03-13T00:00:00.000Z,1584057600000,1,3,0,35,32,69,2,4,63
2020-03-14T00:00:00.000Z,1584144000000,1,1,6,27,20,96,8,5,83
2020-03-15T00:00:00.000Z,1584230400000,1,0,0,21,21,117,8,5,104
2020-03-16T00:00:00.000Z,1584316800000,1,0,0,17,17,134,8,5,121
2020-03-17T00:00:00.000Z,1584403200000,1,0,1,38,37,172,9,5,158
2020-03-18T00:00:00.000Z,1584489600000,1,14,2,55,39,227,11,19,197
2020-03-19T00:00:00.000Z,1584576000000,1,6,4,82,72,309,15,25,269
2020-03-20T00:00:00.000Z,1584662400000,1,7,2,60,51,369,17,32,320
2020-03-21T00:00:00.000Z,1584748800000,1,6,3,81,72,450,20,38,392
2020-03-22T00:00:00.000Z,1584835200000,1,10,9,64,45,514,29,48,437
2020-03-23T00:00:00.000Z,1584921600000,1,1,1,65,63,579,30,49,500
2020-03-24T00:00:00.000Z,1585008000000,1,6,0,106,100,685,30,55,600
2020-03-25T00:00:00.000Z,1585094400000,1,3,1,105,101,790,31,58,701
2020-03-26T00:00:00.000Z,1585180800000,1,20,4,103,79,893,35,78,780
2020-03-27T00:00:00.000Z,1585267200000,1,9,11,153,133,1046,46,87,913
2020-03-28T00:00:00.000Z,1585353600000,1,15,13,109,81,1155,59,102,994
2020-03-29T00:00:00.000Z,1585440000000,1,12,5,130,113,1285,64,114,1107
2020-03-30T00:00:00.000Z,1585526400000,1,8,11,129,110,1414,75,122,1217
2020-03-31T00:00:00.000Z,1585612800000,1,14,6,114,94,1528,81,136,1311
2020-04-01T00:00:00.000Z,1585699200000,1,21,22,149,106,1677,103,157,1417
2020-04-02T00:00:00.000Z,1585785600000,1,13,9,113,91,1790,112,170,1508
2020-04-03T00:00:00.000Z,1585872000000,1,11,22,196,163,1986,134,181,1671
2020-04-04T00:00:00.000Z,1585958400000,1,10,16,106,80,2092,150,191,1751
2020-04-05T00:00:00.000Z,1586044800000,1,7,14,181,160,2273,164,198,1911
2020-04-06T00:00:00.000Z,1586131200000,1,11,28,218,179,2491,192,209,2090
2020-04-07T00:00:00.000Z,1586217600000,1,12,12,247,223,2738,204,221,2313
2020-04-08T00:00:00.000Z,1586304000000,1,19,18,218,181,2956,222,240,2494
2020-04-09T00:00:00.000Z,1586390400000,1,40,30,337,267,3293,252,280,2761
2020-04-10T00:00:00.000Z,1586476800000,1,26,30,219,163,3512,282,306,2924
2020-04-11T00:00:00.000Z,1586563200000,1,21,4,330,305,3842,286,327,3229
2020-04-12T00:00:00.000Z,1586649600000,1,46,73,399,280,4241,359,373,3509
2020-04-13T00:00:00.000Z,1586736000000,1,26,21,316,269,4557,380,399,3778
2020-04-14T00:00:00.000Z,1586822400000,1,60,46,282,176,4839,426,459,3954
2020-04-15T00:00:00.000Z,1586908800000,1,10,20,297,267,5136,446,469,4221
2020-04-16T00:00:00.000Z,1586995200000,1,27,102,380,251,5516,548,496,4472
2020-04-17T00:00:00.000Z,1587081600000,1,24,59,407,324,5923,607,520,4796
2020-04-18T00:00:00.000Z,1587168000000,1,15,24,325,286,6248,631,535,5082
2020-04-19T00:00:00.000Z,1587254400000,1,47,55,327,225,6575,686,582,5307
2020-04-20T00:00:00.000Z,1587340800000,1,8,61,185,116,6760,747,590,5423
2020-04-21T00:00:00.000Z,1587427200000,1,26,95,375,254,7135,842,616,5677
2020-04-22T00:00:00.000Z,1587513600000,1,19,71,283,193,7418,913,635,5870
2020-04-23T00:00:00.000Z,1587600000000,1,12,47,357,298,7775,960,647,6168
2020-04-24T00:00:00.000Z,1587686400000,1,42,42,436,352,8211,1002,689,6520
2020-04-25T00:00:00.000Z,1587772800000,1,31,40,396,325,8607,1042,720,6845
2020-04-26T00:00:00.000Z,1587859200000,1,23,65,275,187,8882,1107,743,7032
2020-04-27T00:00:00.000Z,1587945600000,1,22,44,214,148,9096,1151,765,7180
2020-04-28T00:00:00.000Z,1588032000000,1,8,103,415,304,9511,1254,773,7484
2020-04-29T00:00:00.000Z,1588118400000,1,11,137,260,112,9771,1391,784,7596
2020-04-30T00:00:00.000Z,1588204800000,1,8,131,347,208,10118,1522,792,7804
2020-05-01T00:00:00.000Z,1588291200000,1,8,69,433,356,10551,1591,800,8160
2020-05-02T00:00:00.000Z,1588377600000,1,31,74,292,187,10843,1665,831,8347
2020-05-03T00:00:00.000Z,1588464000000,1,14,211,349,124,11192,1876,845,8471
2020-05-04T00:00:00.000Z,1588550400000,1,19,78,395,298,11587,1954,864,8769
2020-05-05T00:00:00.000Z,1588636800000,1,8,243,484,233,12071,2197,872,9002
2020-05-06T00:00:00.000Z,1588723200000,1,23,120,367,224,12438,2317,895,9226
2020-05-07T00:00:00.000Z,1588809600000,1,35,64,338,239,12776,2381,930,9465
2020-05-08T00:00:00.000Z,1588896000000,1,13,113,336,210,13112,2494,943,9675
2020-05-09T00:00:00.000Z,1588982400000,1,16,113,533,404,13645,2607,959,10079
2020-05-10T00:00:00.000Z,1589068800000,1,14,91,387,282,14032,2698,973,10361
2020-05-11T00:00:00.000Z,1589155200000,1,18,183,233,32,14265,2881,991,10393
2020-05-12T00:00:00.000Z,1589241600000,1,16,182,484,286,14749,3063,1007,10679
2020-05-13T00:00:00.000Z,1589328000000,1,21,224,689,444,15438,3287,1028,11123
2020-05-14T00:00:00.000Z,1589414400000,1,15,231,568,322,16006,3518,1043,11445
2020-05-15T00:00:00.000Z,1589500800000,1,33,285,490,172,16496,3803,1076,11617
2020-05-16T00:00:00.000Z,1589587200000,1,13,108,529,408,17025,3911,1089,12025
2020-05-17T00:00:00.000Z,1589673600000,1,59,218,489,212,17514,4129,1148,12237
2020-05-18T00:00:00.000Z,1589760000000,1,43,195,496,258,18010,4324,1191,12495
2020-05-19T00:00:00.000Z,1589846400000,1,30,143,486,313,18496,4467,1221,12808
2020-05-20T00:00:00.000Z,1589932800000,1,21,108,693,564,19189,4575,1242,13372
2020-05-21T00:00:00.000Z,1590019200000,1,36,263,973,674,20162,4838,1278,14046
2020-05-22T00:00:00.000Z,1590105600000,1,48,219,634,367,20796,5057,1326,14413
2020-05-23T00:00:00.000Z,1590192000000,1,25,192,949,732,21745,5249,1351,15145
2020-05-24T00:00:00.000Z,1590278400000,1,21,153,526,352,22271,5402,1372,15497
2020-05-25T00:00:00.000Z,1590364800000,1,19,240,479,220,22750,5642,1391,15717
2020-05-26T00:00:00.000Z,1590451200000,1,27,235,415,153,23165,5877,1418,15870
2020-05-27T00:00:00.000Z,1590537600000,1,55,180,686,451,23851,6057,1473,16321
2020-05-28T00:00:00.000Z,1590624000000,1,23,183,687,481,24538,6240,1496,16802
2020-05-29T00:00:00.000Z,1590710400000,1,24,252,678,402,25216,6492,1520,17204
2020-05-30T00:00:00.000Z,1590796800000,1,53,523,557,-19,25773,7015,1573,17185
2020-05-31T00:00:00.000Z,1590883200000,1,40,293,700,367,26473,7308,1613,17552
2020-06-01T00:00:00.000Z,1590969600000,1,28,329,467,110,26940,7637,1641,17662
2020-06-02T00:00:00.000Z,1591056000000,1,22,298,609,289,27549,7935,1663,17951
2020-06-03T00:00:00.000Z,1591142400000,1,35,471,684,178,28233,8406,1698,18129
2020-06-04T00:00:00.000Z,1591228800000,1,23,486,585,76,28818,8892,1721,18205
2020-06-05T00:00:00.000Z,1591315200000,1,49,551,703,103,29521,9443,1770,18308
2020-06-06T00:00:00.000Z,1591401600000,1,31,464,993,498,30514,9907,1801,18806
2020-06-07T00:00:00.000Z,1591488000000,1,50,591,672,31,31186,10498,1851,18837
2020-06-08T00:00:00.000Z,1591574400000,1,32,406,847,409,32033,10904,1883,19246
2020-06-09T00:00:00.000Z,1591660800000,1,40,510,1042,492,33075,11414,1923,19738
2020-06-10T00:00:00.000Z,1591747200000,1,36,715,1241,490,34316,12129,1959,20228
2020-06-11T00:00:00.000Z,1591833600000,1,41,507,979,431,35295,12636,2000,20659
2020-06-12T00:00:00.000Z,1591920000000,1,48,577,1111,486,36406,13213,2048,21145
2020-06-13T00:00:00.000Z,1592006400000,1,43,563,1014,408,37420,13776,2091,21553
2020-06-14T00:00:00.000Z,1592092800000,1,43,755,857,59,38277,14531,2134,21612
2020-06-15T00:00:00.000Z,1592179200000,1,64,592,1017,361,39294,15123,2198,21973
2020-06-16T00:00:00.000Z,1592265600000,1,33,580,1106,493,40400,15703,2231,22466
2020-06-17T00:00:00.000Z,1592352000000,1,45,540,1031,446,41431,16243,2276,22912
2020-06-18T00:00:00.000Z,1592438400000,1,63,555,1331,713,42762,16798,2339,23625
2020-06-19T00:00:00.000Z,1592524800000,1,34,551,1041,456,43803,17349,2373,24081
2020-06-20T00:00:00.000Z,1592611200000,1,56,534,1226,636,45029,17883,2429,24717
2020-06-21T00:00:00.000Z,1592697600000,1,36,521,862,305,45891,18404,2465,25022
2020-06-22T00:00:00.000Z,1592784000000,1,35,331,954,588,46845,18735,2500,25610
2020-06-23T00:00:00.000Z,1592870400000,1,35,506,1051,510,47896,19241,2535,26120
2020-06-24T00:00:00.000Z,1592956800000,1,38,417,1113,658,49009,19658,2573,26778
2020-06-25T00:00:00.000Z,1593043200000,1,47,791,1178,340,50187,20449,2620,27118
2020-06-26T00:00:00.000Z,1593129600000,1,63,884,1240,293,51427,21333,2683,27411
2020-06-27T00:00:00.000Z,1593216000000,1,37,576,1385,772,52812,21909,2720,28183
2020-06-28T00:00:00.000Z,1593302400000,1,34,1027,1198,137,54010,22936,2754,28320
2020-06-29T00:00:00.000Z,1593388800000,1,51,864,1082,167,55092,23800,2805,28487
2020-06-30T00:00:00.000Z,1593475200000,1,71,1006,1293,216,56385,24806,2876,28703
2020-07-01T00:00:00.000Z,1593561600000,1,58,789,1385,538,57770,25595,2934,29241
2020-07-02T00:00:00.000Z,1593648000000,1,53,1072,1624,499,59394,26667,2987,29740
2020-07-03T00:00:00.000Z,1593734400000,1,49,901,1301,351,60695,27568,3036,30091
2020-07-04T00:00:00.000Z,1593820800000,1,53,651,1447,743,62142,28219,3089,30834
2020-07-05T00:00:00.000Z,1593907200000,1,82,886,1607,639,63749,29105,3171,31473
2020-07-06T00:00:00.000Z,1593993600000,1,70,814,1209,325,64958,29919,3241,31798
2020-07-07T00:00:00.000Z,1594080000000,1,68,866,1268,334,66226,30785,3309,32132
2020-07-08T00:00:00.000Z,1594166400000,1,50,800,1853,1003,68079,31585,3359,33135
2020-07-09T00:00:00.000Z,1594252800000,1,58,1066,2657,1533,70736,32651,3417,34668
2020-07-10T00:00:00.000Z,1594339200000,1,52,878,1611,681,72347,33529,3469,35349
2020-07-11T00:00:00.000Z,1594425600000,1,66,1190,1671,415,74018,34719,3535,35764
2020-07-12T00:00:00.000Z,1594512000000,1,71,919,1681,691,75699,35638,3606,36455
2020-07-13T00:00:00.000Z,1594598400000,1,50,1051,1282,181,76981,36689,3656,36636
2020-07-14T00:00:00.000Z,1594684800000,1,54,947,1591,590,78572,37636,3710,37226
2020-07-15T00:00:00.000Z,1594771200000,1,87,1414,1522,21,80094,39050,3797,37247
2020-07-16T00:00:00.000Z,1594857600000,1,76,1295,1574,203,81668,40345,3873,37450
2020-07-17T00:00:00.000Z,1594944000000,1,84,1489,1462,-111,83130,41834,3957,37339
2020-07-18T00:00:00.000Z,1595030400000,1,59,1434,1752,259,84882,43268,4016,37598
2020-07-19T00:00:00.000Z,1595116800000,1,127,2133,1639,-621,86521,45401,4143,36977
2020-07-20T00:00:00.000Z,1595203200000,1,96,1576,1693,21,88214,46977,4239,36998
2020-07-21T00:00:00.000Z,1595289600000,1,81,1489,1655,85,89869,48466,4320,37083
2020-07-22T00:00:00.000Z,1595376000000,1,139,1789,1882,-46,91751,50255,4459,37037
2020-07-23T00:00:00.000Z,1595462400000,1,117,1909,1906,-120,93657,52164,4576,36917
2020-07-24T00:00:00.000Z,1595548800000,1,89,1781,1761,-109,95418,53945,4665,36808
2020-07-25T00:00:00.000Z,1595635200000,1,49,1409,1868,410,97286,55354,4714,37218
2020-07-26T00:00:00.000Z,1595721600000,1,67,1301,1492,124,98778,56655,4781,37342
2020-07-27T00:00:00.000Z,1595808000000,1,57,1518,1525,-50,100303,58173,4838,37292
2020-07-28T00:00:00.000Z,1595894400000,1,63,2366,1748,-681,102051,60539,4901,36611
2020-07-29T00:00:00.000Z,1595980800000,1,74,1599,2381,708,104432,62138,4975,37319
2020-07-30T00:00:00.000Z,1596067200000,1,83,2154,1904,-333,106336,64292,5058,36986
2020-07-31T00:00:00.000Z,1596153600000,1,73,1615,2040,352,108376,65907,5131,37338
2020-08-01T00:00:00.000Z,1596240000000,1,62,2012,1560,-514,109936,67919,5193,36824
2020-08-02T00:00:00.000Z,1596326400000,1,43,1056,1519,420,111455,68975,5236,37244
2020-08-03T00:00:00.000Z,1596412800000,1,66,1262,1679,351,113134,70237,5302,37595
2020-08-04T00:00:00.000Z,1596499200000,1,86,1813,1922,23,115056,72050,5388,37618
2020-08-05T00:00:00.000Z,1596585600000,1,64,1839,1815,-88,116871,73889,5452,37530
2020-08-06T00:00:00.000Z,1596672000000,1,69,1756,1882,57,118753,75645,5521,37587
2020-08-07T00:00:00.000Z,1596758400000,1,72,1912,2473,489,121226,77557,5593,38076
2020-08-08T00:00:00.000Z,1596844800000,1,65,1749,2277,463,123503,79306,5658,38539
2020-08-09T00:00:00.000Z,1596931200000,1,65,1646,1893,182,125396,80952,5723,38721
2020-08-10T00:00:00.000Z,1597017600000,1,42,1284,1687,361,127083,82236,5765,39082
2020-08-11T00:00:00.000Z,1597104000000,1,59,1474,1693,160,128776,83710,5824,39242
2020-08-12T00:00:00.000Z,1597190400000,1,79,2088,1942,-225,130718,85798,5903,39017
2020-08-13T00:00:00.000Z,1597276800000,1,65,1760,2098,273,132816,87558,5968,39290
2020-08-14T00:00:00.000Z,1597363200000,1,53,2060,2307,194,135123,89618,6021,39484
2020-08-15T00:00:00.000Z,1597449600000,1,50,1703,2345,592,137468,91321,6071,40076
2020-08-16T00:00:00.000Z,1597536000000,1,79,1782,2081,220,139549,93103,6150,40296
2020-08-17T00:00:00.000Z,1597622400000,1,57,1355,1821,409,141370,94458,6207,40705
2020-08-18T00:00:00.000Z,1597708800000,1,70,1848,1673,-245,143043,96306,6277,40460
2020-08-19T00:00:00.000Z,1597795200000,1,69,2351,1902,-518,144945,98657,6346,39942
2020-08-20T00:00:00.000Z,1597881600000,1,72,2017,2266,177,147211,100674,6418,40119
2020-08-21T00:00:00.000Z,1597968000000,1,82,2317,2197,-202,149408,102991,6500,39917
2020-08-22T00:00:00.000Z,1598054400000,1,94,2207,2090,-211,151498,105198,6594,39706
2020-08-23T00:00:00.000Z,1598140800000,1,86,2302,2037,-351,153535,107500,6680,39355
2020-08-24T00:00:00.000Z,1598227200000,1,79,3560,1877,-1762,155412,111060,6759,37593
2020-08-25T00:00:00.000Z,1598313600000,1,99,1807,2447,541,157859,112867,6858,38134
2020-08-26T00:00:00.000Z,1598400000000,1,86,2542,2306,-322,160165,115409,6944,37812
2020-08-27T00:00:00.000Z,1598486400000,1,120,3166,2719,-567,162884,118575,7064,37245
2020-08-28T00:00:00.000Z,1598572800000,1,105,2325,3003,573,165887,120900,7169,37818
2020-08-29T00:00:00.000Z,1598659200000,1,92,1902,3308,1314,169195,122802,7261,39132
2020-08-30T00:00:00.000Z,1598745600000,1,82,1383,2858,1393,172053,124185,7343,40525
2020-08-31T00:00:00.000Z,1598832000000,1,74,1774,2743,895,174796,125959,7417,41420
2020-09-01T00:00:00.000Z,1598918400000,2,88,2098,2775,589,177571,128057,7505,42009
2020-09-02T00:00:00.000Z,1599004800000,1,111,1914,3075,1050,180646,129971,7616,43059
2020-09-03T00:00:00.000Z,1599091200000,1,134,2084,3622,1404,184268,132055,7750,44463
2020-09-04T00:00:00.000Z,1599177600000,1,82,2126,3269,1061,187537,134181,7832,45524
2020-09-05T00:00:00.000Z,1599264000000,1,108,2220,3128,800,190665,136401,7940,46324
2020-09-06T00:00:00.000Z,1599350400000,1,85,2174,3444,1185,194109,138575,8025,47509
2020-09-07T00:00:00.000Z,1599436800000,1,105,2077,2880,698,196989,140652,8130,48207
2020-09-08T00:00:00.000Z,1599523200000,1,100,2306,3046,640,200035,142958,8230,48847
2020-09-09T00:00:00.000Z,1599609600000,1,106,2242,3307,959,203342,145200,8336,49806
2020-09-10T00:00:00.000Z,1599696000000,1,120,2310,3861,1431,207203,147510,8456,51237
2020-09-11T00:00:00.000Z,1599782400000,1,88,2707,3737,942,210940,150217,8544,52179
2020-09-12T00:00:00.000Z,1599868800000,1,106,2241,3806,1459,214746,152458,8650,53638
2020-09-13T00:00:00.000Z,1599955200000,1,73,2552,3636,1011,218382,155010,8723,54649
2020-09-14T00:00:00.000Z,1600041600000,1,118,3395,3141,-372,221523,158405,8841,54277
2020-09-15T00:00:00.000Z,1600128000000,1,124,2660,3507,723,225030,161065,8965,55000
2020-09-16T00:00:00.000Z,1600214400000,1,135,3036,3963,792,228993,164101,9100,55792
2020-09-17T00:00:00.000Z,1600300800000,1,122,2585,3635,928,232628,166686,9222,56720
2020-09-18T00:00:00.000Z,1600387200000,1,114,4088,3891,-311,236519,170774,9336,56409
2020-09-19T00:00:00.000Z,1600473600000,1,112,3576,4168,480,240687,174350,9448,56889
2020-09-20T00:00:00.000Z,1600560000000,1,105,2977,3989,907,244676,177327,9553,57796
2020-09-21T00:00:00.000Z,1600646400000,1,124,3470,4176,582,248852,180797,9677,58378
2020-09-22T00:00:00.000Z,1600732800000,1,160,3501,4071,410,252923,184298,9837,58788
2020-09-23T00:00:00.000Z,1600819200000,1,140,3660,4465,665,257388,187958,9977,59453
2020-09-24T00:00:00.000Z,1600905600000,1,128,3895,4634,611,262022,191853,10105,60064
2020-09-25T00:00:00.000Z,1600992000000,1,113,4343,4823,367,266845,196196,10218,60431
2020-09-26T00:00:00.000Z,1601078400000,1,90,3207,4494,1197,271339,199403,10308,61628
2020-09-27T00:00:00.000Z,1601164800000,1,78,3611,3874,185,275213,203014,10386,61813
2020-09-28T00:00:00.000Z,1601251200000,1,87,3856,3509,-434,278722,206870,10473,61379
2020-09-29T00:00:00.000Z,1601337600000,1,128,3567,4002,307,282724,210437,10601,61686
2020-09-30T00:00:00.000Z,1601424000000,1,139,4510,4284,-365,287008,214947,10740,61321
2020-10-01T00:00:00.000Z,1601510400000,1,116,3540,4174,518,291182,218487,10856,61839
2020-10-02T00:00:00.000Z,1601596800000,1,116,2853,4317,1348,295499,221340,10972,63187
2020-10-03T00:00:00.000Z,1601683200000,1,83,3712,4007,212,299506,225052,11055,63399
2020-10-04T00:00:00.000Z,1601769600000,1,96,3401,3992,495,303498,228453,11151,63894
2020-10-05T00:00:00.000Z,1601856000000,1,102,4140,3622,-620,307120,232593,11253,63274
2020-10-06T00:00:00.000Z,1601942400000,1,121,3844,4056,91,311176,236437,11374,63365
2020-10-07T00:00:00.000Z,1602028800000,1,98,3854,4538,586,315714,240291,11472,63951
2020-10-08T00:00:00.000Z,1602115200000,1,108,3769,4850,973,320564,244060,11580,64924
2020-10-09T00:00:00.000Z,1602201600000,1,97,3607,4094,390,324658,247667,11677,65314
2020-10-10T00:00:00.000Z,1602288000000,1,88,3814,4294,392,328952,251481,11765,65706
2020-10-11T00:00:00.000Z,1602374400000,1,79,3546,4497,872,333449,255027,11844,66578
2020-10-12T00:00:00.000Z,1602460800000,1,91,3492,3267,-316,336716,258519,11935,66262
2020-10-13T00:00:00.000Z,1602547200000,1,92,4777,3906,-963,340622,263296,12027,65299
2020-10-14T00:00:00.000Z,1602633600000,1,129,4555,4127,-557,344749,267851,12156,64742
2020-10-15T00:00:00.000Z,1602720000000,1,112,5810,4411,-1511,349160,273661,12268,63231
2020-10-16T00:00:00.000Z,1602806400000,1,79,3883,4301,339,353461,277544,12347,63570
2020-10-17T00:00:00.000Z,1602892800000,1,84,4048,4301,169,357762,281592,12431,63739
2020-10-18T00:00:00.000Z,1602979200000,1,80,3732,4105,293,361867,285324,12511,64032
2020-10-19T00:00:00.000Z,1603065600000,1,106,3919,3373,-652,365240,289243,12617,63380
2020-10-20T00:00:00.000Z,1603152000000,1,117,4410,3602,-925,368842,293653,12734,62455
2020-10-21T00:00:00.000Z,1603238400000,1,123,3856,4267,288,373109,297509,12857,62743
2020-10-22T00:00:00.000Z,1603324800000,1,102,3497,4432,833,377541,301006,12959,63576
2020-10-23T00:00:00.000Z,1603411200000,1,118,4094,4369,157,381910,305100,13077,63733
2020-10-24T00:00:00.000Z,1603497600000,1,128,4119,4070,-177,385980,309219,13205,63556
2020-10-25T00:00:00.000Z,1603584000000,1,94,4545,3732,-907,389712,313764,13299,62649
2020-10-26T00:00:00.000Z,1603670400000,1,112,3908,3222,-798,392934,317672,13411,61851
2020-10-27T00:00:00.000Z,1603756800000,1,101,4576,3520,-1157,396454,322248,13512,60694
2020-10-28T00:00:00.000Z,1603843200000,1,100,3545,4029,384,400483,325793,13612,61078
2020-10-29T00:00:00.000Z,1603929600000,1,89,3985,3565,-509,404048,329778,13701,60569
2020-10-30T00:00:00.000Z,1604016000000,1,81,4517,2897,-1701,406945,334295,13782,58868
2020-10-31T00:00:00.000Z,1604102400000,1,87,3506,3143,-450,410088,337801,13869,58418
2020-11-01T00:00:00.000Z,1604188800000,1,74,4141,2696,-1519,412784,341942,13943,56899
2020-11-02T00:00:00.000Z,1604275200000,1,101,3624,2618,-1107,415402,345566,14044,55792
2020-11-03T00:00:00.000Z,1604361600000,1,102,3931,2973,-1060,418375,349497,14146,54732
2020-11-04T00:00:00.000Z,1604448000000,1,113,3785,3356,-542,421731,353282,14259,54190
2020-11-05T00:00:00.000Z,1604534400000,1,89,3860,4065,116,425796,357142,14348,54306
2020-11-06T00:00:00.000Z,1604620800000,1,94,3563,3778,121,429574,360705,14442,54427
2020-11-07T00:00:00.000Z,1604707200000,1,98,3712,4262,452,433836,364417,14540,54879
2020-11-08T00:00:00.000Z,1604793600000,1,74,3881,3880,-75,437716,368298,14614,54804
2020-11-09T00:00:00.000Z,1604880000000,1,75,3968,2853,-1190,440569,372266,14689,53614
2020-11-10T00:00:00.000Z,1604966400000,1,72,3475,3779,232,444348,375741,14761,53846
2020-11-11T00:00:00.000Z,1605052800000,1,75,3241,3770,454,448118,378982,14836,54300
2020-11-12T00:00:00.000Z,1605139200000,1,97,3102,4173,974,452291,382084,14933,55274
2020-11-13T00:00:00.000Z,1605225600000,1,104,3010,5444,2330,457735,385094,15037,57604
2020-11-14T00:00:00.000Z,1605312000000,1,111,3000,5272,2161,463007,388094,15148,59765
2020-11-15T00:00:00.000Z,1605398400000,1,63,3897,4106,146,467113,391991,15211,59911
2020-11-16T00:00:00.000Z,1605484800000,1,85,3452,3535,-2,470648,395443,15296,59909
2020-11-17T00:00:00.000Z,1605571200000,1,97,3193,3807,517,474455,398636,15393,60426
2020-11-18T00:00:00.000Z,1605657600000,1,110,3711,4265,444,478720,402347,15503,60870
2020-11-19T00:00:00.000Z,1605744000000,1,97,4265,4798,436,483518,406612,15600,61306
2020-11-20T00:00:00.000Z,1605830400000,1,78,3940,4792,774,488310,410552,15678,62080
2020-11-21T00:00:00.000Z,1605916800000,1,96,3403,4998,1499,493308,413955,15774,63579
2020-11-22T00:00:00.000Z,1606003200000,1,110,4233,4360,17,497668,418188,15884,63596
2020-11-23T00:00:00.000Z,1606089600000,1,118,4198,4442,126,502110,422386,16002,63722
2020-11-24T00:00:00.000Z,1606176000000,1,109,2927,4192,1156,506302,425313,16111,64878
2020-11-25T00:00:00.000Z,1606262400000,1,114,4494,5534,926,511836,429807,16225,65804
2020-11-26T00:00:00.000Z,1606348800000,1,127,3842,4917,948,516753,433649,16352,66752
2020-11-27T00:00:00.000Z,1606435200000,1,169,3807,5828,1852,522581,437456,16521,68604
2020-11-28T00:00:00.000Z,1606521600000,1,125,4527,5418,766,527999,441983,16646,69370
2020-11-29T00:00:00.000Z,1606608000000,1,169,3810,6267,2288,534266,445793,16815,71658
2020-11-30T00:00:00.000Z,1606694400000,1,130,4725,4617,-238,538883,450518,16945,71420
2020-12-01T00:00:00.000Z,1606780800000,1,136,4361,5092,595,543975,454879,17081,72015
2020-12-02T00:00:00.000Z,1606867200000,1,118,4001,5533,1414,549508,458880,17199,73429
2020-12-03T00:00:00.000Z,1606953600000,1,156,3673,8369,4540,557877,462553,17355,77969
2020-12-04T00:00:00.000Z,1607040000000,1,124,3625,5803,2054,563680,466178,17479,80023
2020-12-05T00:00:00.000Z,1607126400000,1,110,4271,6027,1646,569707,470449,17589,81669
2020-12-06T00:00:00.000Z,1607212800000,1,151,4322,6089,1616,575796,474771,17740,83285
2020-12-07T00:00:00.000Z,1607299200000,1,127,4431,5754,1196,581550,479202,17867,84481
2020-12-08T00:00:00.000Z,1607385600000,1,133,4295,5292,864,586842,483497,18000,85345
2020-12-09T00:00:00.000Z,1607472000000,1,171,3948,6058,1939,592900,487445,18171,87284
2020-12-10T00:00:00.000Z,1607558400000,1,165,4530,6033,1338,598933,491975,18336,88622
2020-12-11T00:00:00.000Z,1607644800000,1,175,4911,6310,1224,605243,496886,18511,89846
2020-12-12T00:00:00.000Z,1607731200000,1,142,4490,6388,1756,611631,501376,18653,91602
2020-12-13T00:00:00.000Z,1607817600000,1,166,4460,6189,1563,617820,505836,18819,93165
2020-12-14T00:00:00.000Z,1607904000000,1,137,5121,5489,231,623309,510957,18956,93396
2020-12-15T00:00:00.000Z,1607990400000,1,155,5699,6120,266,629429,516656,19111,93662
2020-12-16T00:00:00.000Z,1608076800000,1,137,5328,6725,1260,636154,521984,19248,94922
2020-12-17T00:00:00.000Z,1608163200000,1,142,4995,7354,2217,643508,526979,19390,97139
2020-12-18T00:00:00.000Z,1608249600000,1,124,5016,6689,1549,650197,531995,19514,98688
2020-12-19T00:00:00.000Z,1608336000000,1,145,4265,7751,3341,657948,536260,19659,102029
2020-12-20T00:00:00.000Z,1608422400000,1,221,5551,6982,1210,664930,541811,19880,103239
2020-12-21T00:00:00.000Z,1608508800000,1,205,5073,6848,1570,671778,546884,20085,104809
2020-12-22T00:00:00.000Z,1608595200000,1,172,5838,6347,337,678125,552722,20257,105146
2020-12-23T00:00:00.000Z,1608681600000,1,151,5981,7514,1382,685639,558703,20408,106528
2020-12-24T00:00:00.000Z,1608768000000,1,181,5277,7199,1741,692838,563980,20589,108269
2020-12-25T00:00:00.000Z,1608854400000,1,258,6324,7259,677,700097,570304,20847,108946
2020-12-26T00:00:00.000Z,1608940800000,1,147,6389,6740,204,706837,576693,20994,109150
2020-12-27T00:00:00.000Z,1609027200000,1,243,6983,6528,-698,713365,583676,21237,108452
2020-12-28T00:00:00.000Z,1609113600000,1,215,6302,5854,-663,719219,589978,21452,107789
2020-12-29T00:00:00.000Z,1609200000000,1,251,6805,7903,847,727122,596783,21703,108636
2020-12-30T00:00:00.000Z,1609286400000,1,241,6958,8002,803,735124,603741,21944,109439
2020-12-31T00:00:00.000Z,1609372800000,1,194,7356,8074,524,743198,611097,22138,109963
2021-01-01T00:00:00.000Z,1609459200000,1,191,6839,8072,1042,751270,617936,22329,111005
2021-01-02T00:00:00.000Z,1609545600000,1,226,7582,7203,-605,758473,625518,22555,110400
2021-01-03T00:00:00.000Z,1609632000000,1,179,6419,6877,279,765350,631937,22734,110679
2021-01-04T00:00:00.000Z,1609718400000,1,177,7166,6753,-590,772103,639103,22911,110089
2021-01-05T00:00:00.000Z,1609804800000,1,198,6643,7445,604,779548,645746,23109,110693
2021-01-06T00:00:00.000Z,1609891200000,1,187,6767,8854,1900,788402,652513,23296,112593
2021-01-07T00:00:00.000Z,1609977600000,1,224,6924,9321,2173,797723,659437,23520,114766
2021-01-08T00:00:00.000Z,1610064000000,1,233,7446,10617,2938,808340,666883,23753,117704
2021-01-09T00:00:00.000Z,1610150400000,1,194,6628,10046,3224,818386,673511,23947,120928
2021-01-10T00:00:00.000Z,1610236800000,1,182,7513,9640,1945,828026,681024,24129,122873
2021-01-11T00:00:00.000Z,1610323200000,1,214,7715,8692,763,836718,688739,24343,123636
2021-01-12T00:00:00.000Z,1610409600000,1,302,7068,10047,2677,846765,695807,24645,126313
2021-01-13T00:00:00.000Z,1610496000000,1,306,7657,11278,3315,858043,703464,24951,129628
2021-01-14T00:00:00.000Z,1610582400000,1,295,7741,11557,3521,869600,711205,25246,133149
2021-01-15T00:00:00.000Z,1610668800000,1,238,7491,12818,5089,882418,718696,25484,138238
2021-01-16T00:00:00.000Z,1610755200000,1,283,8662,14224,5279,896642,727358,25767,143517
2021-01-17T00:00:00.000Z,1610841600000,1,220,9102,11287,1965,907929,736460,25987,145482
2021-01-18T00:00:00.000Z,1610928000000,1,295,9475,9086,-684,917015,745935,26282,144798
2021-01-19T00:00:00.000Z,1611014400000,1,308,8013,10365,2044,927380,753948,26590,146842
2021-01-20T00:00:00.000Z,1611100800000,1,267,9755,12568,2546,939948,763703,26857,149388
2021-01-21T00:00:00.000Z,1611187200000,1,346,9087,11703,2270,951651,772790,27203,151658
2021-01-22T00:00:00.000Z,1611273600000,1,250,8357,13632,5025,965283,781147,27453,156683
2021-01-23T00:00:00.000Z,1611360000000,1,211,9912,12191,2068,977474,791059,27664,158751
2021-01-24T00:00:00.000Z,1611446400000,1,171,7751,11788,3866,989262,798810,27835,162617
2021-01-25T00:00:00.000Z,1611532800000,1,297,10678,9994,-981,999256,809488,28132,161636
2021-01-26T00:00:00.000Z,1611619200000,1,336,10868,13094,1890,1012350,820356,28468,163526
2021-01-27T00:00:00.000Z,1611705600000,1,387,10974,11948,587,1024298,831330,28855,164113
2021-01-28T00:00:00.000Z,1611792000000,1,476,10792,13695,2427,1037993,842122,29331,166540
2021-01-29T00:00:00.000Z,1611878400000,1,187,10138,13802,3477,1051795,852260,29518,170017
2021-01-30T00:00:00.000Z,1611964800000,1,210,10242,14518,4066,1066313,862502,29728,174083
2021-01-31T00:00:00.000Z,1612051200000,1,270,10719,12001,1012,1078314,873221,29998,175095
2021-02-01T00:00:00.000Z,1612137600000,1,279,10461,10994,254,1089308,883682,30277,175349
2021-02-02T00:00:00.000Z,1612224000000,1,304,12848,10379,-2773,1099687,896530,30581,172576
2021-02-03T00:00:00.000Z,1612310400000,1,189,9135,11984,2660,1111671,905665,30770,175236
2021-02-04T00:00:00.000Z,1612396800000,1,231,11641,11434,-438,1123105,917306,31001,174798
2021-02-05T00:00:00.000Z,1612483200000,1,201,9674,11749,1874,1134854,926980,31202,176672
2021-02-06T00:00:00.000Z,1612569600000,1,191,12204,12156,-239,1147010,939184,31393,176433
2021-02-07T00:00:00.000Z,1612656000000,1,163,10806,10827,-142,1157837,949990,31556,176291
2021-02-08T00:00:00.000Z,1612742400000,1,207,13038,8242,-5003,1166079,963028,31763,171288
2021-02-09T00:00:00.000Z,1612828800000,1,213,10424,8700,-1937,1174779,973452,31976,169351
2021-02-10T00:00:00.000Z,1612915200000,1,191,9520,8776,-935,1183555,982972,32167,168416
2021-02-11T00:00:00.000Z,1613001600000,1,214,10145,8435,-1924,1191990,993117,32381,166492
2021-02-12T00:00:00.000Z,1613088000000,1,275,11000,9869,-1406,1201859,1004117,32656,165086
2021-02-13T00:00:00.000Z,1613174400000,1,280,11919,8844,-3355,1210703,1016036,32936,161731
2021-02-14T00:00:00.000Z,1613260800000,1,247,9237,6765,-2719,1217468,1025273,33183,159012
2021-02-15T00:00:00.000Z,1613347200000,1,184,6792,6462,-514,1223930,1032065,33367,158498
2021-02-16T00:00:00.000Z,1613433600000,1,229,7609,10029,2191,1233959,1039674,33596,160689
2021-02-17T00:00:00.000Z,1613520000000,1,192,8002,9687,1493,1243646,1047676,33788,162182
2021-02-18T00:00:00.000Z,1613606400000,1,181,10546,9039,-1688,1252685,1058222,33969,160494
2021-02-19T00:00:00.000Z,1613692800000,1,183,10783,10614,-352,1263299,1069005,34152,160142
2021-02-20T00:00:00.000Z,1613779200000,1,164,9835,8054,-1945,1271353,1078840,34316,158197
2021-02-21T00:00:00.000Z,1613865600000,1,173,8236,7300,-1109,1278653,1087076,34489,157088
2021-02-22T00:00:00.000Z,1613952000000,1,202,9918,10180,60,1288833,1096994,34691,157148
2021-02-23T00:00:00.000Z,1614038400000,1,323,7996,9775,1456,1298608,1104990,35014,158604
2021-02-24T00:00:00.000Z,1614124800000,1,240,7735,7533,-442,1306141,1112725,35254,158162
2021-02-25T00:00:00.000Z,1614211200000,1,264,8686,8493,-457,1314634,1121411,35518,157705
2021-02-26T00:00:00.000Z,1614297600000,1,268,7261,8232,703,1322866,1128672,35786,158408
2021-02-27T00:00:00.000Z,1614384000000,1,195,7382,6208,-1369,1329074,1136054,35981,157039
2021-02-28T00:00:00.000Z,1614470400000,1,185,6649,5560,-1274,1334634,1142703,36166,155765
2021-03-01T00:00:00.000Z,1614556800000,1,159,9212,6680,-2691,1341314,1151915,36325,153074
2021-03-02T00:00:00.000Z,1614643200000,1,193,8948,5712,-3429,1347026,1160863,36518,149645
2021-03-03T00:00:00.000Z,1614729600000,1,203,9053,6808,-2448,1353834,1169916,36721,147197
2021-03-04T00:00:00.000Z,1614816000000,1,176,6440,7264,648,1361098,1176356,36897,147845
2021-03-05T00:00:00.000Z,1614902400000,1,129,6331,6971,511,1368069,1182687,37026,148356
2021-03-06T00:00:00.000Z,1614988800000,1,128,6823,5767,-1184,1373836,1189510,37154,147172
2021-03-07T00:00:00.000Z,1615075200000,1,112,5146,5826,568,1379662,1194656,37266,147740
2021-03-08T00:00:00.000Z,1615161600000,1,281,8725,6894,-2112,1386556,1203381,37547,145628
2021-03-09T00:00:00.000Z,1615248000000,1,210,7496,6389,-1317,1392945,1210877,37757,144311
2021-03-10T00:00:00.000Z,1615334400000,1,175,5556,5633,-98,1398578,1216433,37932,144213
2021-03-11T00:00:00.000Z,1615420800000,1,117,8170,5144,-3143,1403722,1224603,38049,141070
2021-03-12T00:00:00.000Z,1615507200000,1,180,6851,6412,-619,1410134,1231454,38229,140451
2021-03-13T00:00:00.000Z,1615593600000,1,100,6016,4607,-1509,1414741,1237470,38329,138942
2021-03-14T00:00:00.000Z,1615680000000,1,97,5647,4714,-1030,1419455,1243117,38426,137912
2021-03-15T00:00:00.000Z,1615766400000,1,147,6830,5589,-1388,1425044,1249947,38573,136524
2021-03-16T00:00:00.000Z,1615852800000,1,180,7716,5414,-2482,1430458,1257663,38753,134042
2021-03-17T00:00:00.000Z,1615939200000,1,162,9010,6825,-2347,1437283,1266673,38915,131695
2021-03-18T00:00:00.000Z,1616025600000,1,227,6285,6570,58,1443853,1272958,39142,131753
2021-03-19T00:00:00.000Z,1616112000000,1,197,6007,6279,75,1450132,1278965,39339,131828
2021-03-20T00:00:00.000Z,1616198400000,1,108,5760,5656,-212,1455788,1284725,39447,131616
2021-03-21T00:00:00.000Z,1616284800000,1,103,6065,4396,-1772,1460184,1290790,39550,129844
2021-03-22T00:00:00.000Z,1616371200000,1,161,7177,5744,-1594,1465928,1297967,39711,128250
2021-03-23T00:00:00.000Z,1616457600000,1,154,6954,5297,-1811,1471225,1304921,39865,126439
2021-03-24T00:00:00.000Z,1616544000000,1,118,7622,5227,-2513,1476452,1312543,39983,123926
2021-03-25T00:00:00.000Z,1616630400000,1,98,4656,6107,1353,1482559,1317199,40081,125279
2021-03-26T00:00:00.000Z,1616716800000,1,85,5679,4982,-782,1487541,1322878,40166,124497
2021-03-27T00:00:00.000Z,1616803200000,1,198,4243,4461,20,1492002,1327121,40364,124517
2021-03-28T00:00:00.000Z,1616889600000,1,85,4279,4083,-281,1496085,1331400,40449,124236
2021-03-29T00:00:00.000Z,1616976000000,1,132,5418,5008,-542,1501093,1336818,40581,123694
2021-03-30T00:00:00.000Z,1617062400000,1,173,5877,4682,-1368,1505775,1342695,40754,122326
2021-03-31T00:00:00.000Z,1617148800000,1,104,5635,5937,198,1511712,1348330,40858,122524
2021-04-01T00:00:00.000Z,1617235200000,1,196,7248,6142,-1302,1517854,1355578,41054,121222
2021-04-02T00:00:00.000Z,1617321600000,1,97,5439,5325,-211,1523179,1361017,41151,121011
2021-04-03T00:00:00.000Z,1617408000000,1,91,5197,4345,-943,1527524,1366214,41242,120068
2021-04-04T00:00:00.000Z,1617494400000,1,427,9663,6731,-3359,1534255,1375877,41669,116709
2021-04-05T00:00:00.000Z,1617580800000,1,146,5800,3712,-2234,1537967,1381677,41815,114475
2021-04-06T00:00:00.000Z,1617667200000,1,162,4296,4549,91,1542516,1385973,41977,114566
2021-04-07T00:00:00.000Z,1617753600000,1,87,5769,4860,-996,1547376,1391742,42064,113570
2021-04-08T00:00:00.000Z,1617840000000,1,163,7640,5504,-2299,1552880,1399382,42227,111271
2021-04-09T00:00:00.000Z,1617926400000,1,121,6277,5265,-1133,1558145,1405659,42348,110138
2021-04-10T00:00:00.000Z,1618012800000,1,95,3629,4723,999,1562868,1409288,42443,111137
2021-04-11T00:00:00.000Z,1618099200000,1,87,5219,4127,-1179,1566995,1414507,42530,109958
2021-04-12T00:00:00.000Z,1618185600000,1,126,5289,4829,-586,1571824,1419796,42656,109372
2021-04-13T00:00:00.000Z,1618272000000,1,126,6349,5702,-773,1577526,1426145,42782,108599
2021-04-14T00:00:00.000Z,1618358400000,1,124,5747,5656,-215,1583182,1431892,42906,108384
2021-04-15T00:00:00.000Z,1618444800000,1,167,6362,6177,-352,1589359,1438254,43073,108032
2021-04-16T00:00:00.000Z,1618531200000,1,123,5975,5363,-735,1594722,1444229,43196,107297
2021-04-17T00:00:00.000Z,1618617600000,1,132,5963,5041,-1054,1599763,1450192,43328,106243
2021-04-18T00:00:00.000Z,1618704000000,1,96,4873,4585,-384,1604348,1455065,43424,105859
2021-04-19T00:00:00.000Z,1618790400000,1,143,6349,4952,-1540,1609300,1461414,43567,104319
2021-04-20T00:00:00.000Z,1618876800000,1,210,6728,5549,-1389,1614849,1468142,43777,102930
2021-04-21T00:00:00.000Z,1618963200000,1,230,7314,5720,-1824,1620569,1475456,44007,101106
2021-04-22T00:00:00.000Z,1619049600000,1,165,5993,6243,85,1626812,1481449,44172,101191
2021-04-23T00:00:00.000Z,1619136000000,1,174,5920,5436,-658,1632248,1487369,44346,100533
2021-04-24T00:00:00.000Z,1619222400000,1,154,4953,4544,-563,1636792,1492322,44500,99970
2021-04-25T00:00:00.000Z,1619308800000,1,94,3804,4402,504,1641194,1496126,44594,100474
2021-04-26T00:00:00.000Z,1619395200000,1,177,5589,5944,178,1647138,1501715,44771,100652
2021-04-27T00:00:00.000Z,1619481600000,1,168,4884,4656,-396,1651794,1506599,44939,100256
2021-04-28T00:00:00.000Z,1619568000000,1,177,4818,5241,246,1657035,1511417,45116,100502
2021-04-29T00:00:00.000Z,1619654400000,1,218,6015,5833,-400,1662868,1517432,45334,100102
2021-04-30T00:00:00.000Z,1619740800000,1,187,5202,5500,111,1668368,1522634,45521,100213
2021-05-01T00:00:00.000Z,1619827200000,1,131,4344,4512,37,1672880,1526978,45652,100250
2021-05-02T00:00:00.000Z,1619913600000,1,144,3740,4394,510,1677274,1530718,45796,100760
2021-05-03T00:00:00.000Z,1620000000000,1,153,4773,4730,-196,1682004,1535491,45949,100564
2021-05-04T00:00:00.000Z,1620086400000,1,188,5658,4369,-1477,1686373,1541149,46137,99087
2021-05-05T00:00:00.000Z,1620172800000,1,212,5943,5285,-870,1691658,1547092,46349,98217
2021-05-06T00:00:00.000Z,1620259200000,1,147,5440,5647,60,1697305,1552532,46496,98277
2021-05-07T00:00:00.000Z,1620345600000,1,167,5891,6327,269,1703632,1558423,46663,98546
2021-05-08T00:00:00.000Z,1620432000000,1,179,5494,6130,457,1709762,1563917,46842,99003
2021-05-09T00:00:00.000Z,1620518400000,1,170,4360,3922,-608,1713684,1568277,47012,98395
2021-05-10T00:00:00.000Z,1620604800000,1,206,6338,4891,-1653,1718575,1574615,47218,96742
2021-05-11T00:00:00.000Z,1620691200000,1,247,5592,5021,-818,1723596,1580207,47465,95924
2021-05-12T00:00:00.000Z,1620777600000,1,152,4671,4608,-215,1728204,1584878,47617,95709
2021-05-13T00:00:00.000Z,1620864000000,1,99,4201,3448,-852,1731652,1589079,47716,94857
2021-05-14T00:00:00.000Z,1620950400000,1,107,3807,2633,-1281,1734285,1592886,47823,93576
2021-05-15T00:00:00.000Z,1621036800000,1,144,4181,2385,-1940,1736670,1597067,47967,91636
2021-05-16T00:00:00.000Z,1621123200000,1,126,3790,3080,-836,1739750,1600857,48093,90800
2021-05-17T00:00:00.000Z,1621209600000,1,212,5754,4295,-1671,1744045,1606611,48305,89129
2021-05-18T00:00:00.000Z,1621296000000,1,172,5628,4185,-1615,1748230,1612239,48477,87514
2021-05-19T00:00:00.000Z,1621382400000,1,192,4364,4871,315,1753101,1616603,48669,87829
2021-05-20T00:00:00.000Z,1621468800000,1,218,4969,5797,610,1758898,1621572,48887,88439
2021-05-21T00:00:00.000Z,1621555200000,1,186,4570,5746,990,1764644,1626142,49073,89429
2021-05-22T00:00:00.000Z,1621641600000,1,132,3353,5296,1811,1769940,1629495,49205,91240
2021-05-23T00:00:00.000Z,1621728000000,1,123,3550,5280,1607,1775220,1633045,49328,92847
2021-05-24T00:00:00.000Z,1621814400000,1,127,5234,5907,546,1781127,1638279,49455,93393
2021-05-25T00:00:00.000Z,1621900800000,1,172,3795,5060,1093,1786187,1642074,49627,94486
2021-05-26T00:00:00.000Z,1621987200000,1,144,3189,5034,1701,1791221,1645263,49771,96187
2021-05-27T00:00:00.000Z,1622073600000,1,136,3924,6278,2218,1797499,1649187,49907,98405
2021-05-28T00:00:00.000Z,1622160000000,1,193,5370,5862,299,1803361,1654557,50100,98704
2021-05-29T00:00:00.000Z,1622246400000,1,162,5417,6565,986,1809926,1659974,50262,99690
2021-05-30T00:00:00.000Z,1622332800000,1,142,4024,6115,1949,1816041,1663998,50404,101639
2021-05-31T00:00:00.000Z,1622419200000,1,174,5121,5662,367,1821703,1669119,50578,102006
2021-06-01T00:00:00.000Z,1622505600000,1,145,5360,4824,-681,1826527,1674479,50723,101325
2021-06-02T00:00:00.000Z,1622592000000,1,185,6022,5246,-961,1831773,1680501,50908,100364
2021-06-03T00:00:00.000Z,1622678400000,1,187,11092,5353,-5926,1837126,1691593,51095,94438
2021-06-04T00:00:00.000Z,1622764800000,1,201,5950,6486,335,1843612,1697543,51296,94773
2021-06-05T00:00:00.000Z,1622851200000,1,153,4241,6594,2200,1850206,1701784,51449,96973
2021-06-06T00:00:00.000Z,1622937600000,1,163,4187,5832,1482,1856038,1705971,51612,98455
2021-06-07T00:00:00.000Z,1623024000000,1,191,5594,6993,1208,1863031,1711565,51803,99663
2021-06-08T00:00:00.000Z,1623110400000,1,189,5805,6294,300,1869325,1717370,51992,99963
2021-06-09T00:00:00.000Z,1623196800000,1,170,5883,7725,1672,1877050,1723253,52162,101635
2021-06-10T00:00:00.000Z,1623283200000,1,211,5661,8892,3020,1885942,1728914,52373,104655
2021-06-11T00:00:00.000Z,1623369600000,1,193,6230,8083,1660,1894025,1735144,52566,106315
2021-06-12T00:00:00.000Z,1623456000000,1,164,5292,7465,2009,1901490,1740436,52730,108324
2021-06-13T00:00:00.000Z,1623542400000,1,149,4655,9868,5064,1911358,1745091,52879,113388
2021-06-14T00:00:00.000Z,1623628800000,1,237,6143,8189,1809,1919547,1751234,53116,115197
2021-06-15T00:00:00.000Z,1623715200000,1,164,6407,8161,1590,1927708,1757641,53280,116787
2021-06-16T00:00:00.000Z,1623801600000,1,196,6229,9944,3519,1937652,1763870,53476,120306
2021-06-17T00:00:00.000Z,1623888000000,1,277,7350,12624,4997,1950276,1771220,53753,125303
2021-06-18T00:00:00.000Z,1623974400000,1,290,7907,12990,4793,1963266,1779127,54043,130096
2021-06-19T00:00:00.000Z,1624060800000,1,248,7016,12906,5642,1976172,1786143,54291,135738
2021-06-20T00:00:00.000Z,1624147200000,1,371,6385,13737,6981,1989909,1792528,54662,142719
2021-06-21T00:00:00.000Z,1624233600000,1,294,9233,14536,5009,2004445,1801761,54956,147728
2021-06-22T00:00:00.000Z,1624320000000,1,335,8375,13668,4958,2018113,1810136,55291,152686
2021-06-23T00:00:00.000Z,1624406400000,1,303,7167,15308,7838,2033421,1817303,55594,160524
2021-06-24T00:00:00.000Z,1624492800000,1,355,9201,20574,11018,2053995,1826504,55949,171542
2021-06-25T00:00:00.000Z,1624579200000,1,422,8557,18872,9893,2072867,1835061,56371,181435
2021-06-26T00:00:00.000Z,1624665600000,1,358,7396,21095,13341,2093962,1842457,56729,194776
2021-06-27T00:00:00.000Z,1624752000000,1,409,8024,21342,12909,2115304,1850481,57138,207685
2021-06-28T00:00:00.000Z,1624838400000,1,423,9480,20694,10791,2135998,1859961,57561,218476
2021-06-29T00:00:00.000Z,1624924800000,1,463,9645,20467,10359,2156465,1869606,58024,228835
2021-06-30T00:00:00.000Z,1625011200000,1,467,10807,21807,10533,2178272,1880413,58491,239368
2021-07-01T00:00:00.000Z,1625097600000,1,504,9874,24836,14458,2203108,1890287,58995,253826
2021-07-02T00:00:00.000Z,1625184000000,1,539,11578,25830,13713,2228938,1901865,59534,267539
2021-07-03T00:00:00.000Z,1625270400000,1,493,13282,27913,14138,2256851,1915147,60027,281677
2021-07-04T00:00:00.000Z,1625356800000,1,555,13127,27233,13551,2284084,1928274,60582,295228
2021-07-05T00:00:00.000Z,1625443200000,1,558,14416,29745,14771,2313829,1942690,61140,309999
2021-07-06T00:00:00.000Z,1625529600000,1,728,15863,31189,14598,2345018,1958553,61868,324597
2021-07-07T00:00:00.000Z,1625616000000,1,1040,14835,34379,18504,2379397,1973388,62908,343101
2021-07-08T00:00:00.000Z,1625702400000,1,852,21185,38391,16354,2417788,1994573,63760,359455
2021-07-09T00:00:00.000Z,1625788800000,1,871,28975,38124,8278,2455912,2023548,64631,367733
2021-07-10T00:00:00.000Z,1625875200000,1,826,28561,35094,5707,2491006,2052109,65457,373440
2021-07-11T00:00:00.000Z,1625961600000,1,1007,32615,36197,2575,2527203,2084724,66464,376015
2021-07-12T00:00:00.000Z,1626048000000,1,891,34754,40427,4782,2567630,2119478,67355,380797
2021-07-13T00:00:00.000Z,1626134400000,1,864,20123,47899,26912,2615529,2139601,68219,407709
2021-07-14T00:00:00.000Z,1626220800000,1,991,17762,54517,35764,2670046,2157363,69210,443473
2021-07-15T00:00:00.000Z,1626307200000,1,982,19049,56757,36726,2726803,2176412,70192,480199
2021-07-16T00:00:00.000Z,1626393600000,1,1205,28079,54000,24716,2780803,2204491,71397,504915
2021-07-17T00:00:00.000Z,1626480000000,1,1092,27903,51952,22957,2832755,2232394,72489,527872
2021-07-18T00:00:00.000Z,1626566400000,1,1093,29264,44721,14364,2877476,2261658,73582,542236
2021-07-19T00:00:00.000Z,1626652800000,1,1338,32217,34257,702,2911733,2293875,74920,542938
2021-07-20T00:00:00.000Z,1626739200000,1,1280,29791,38325,7254,2950058,2323666,76200,550192
2021-07-21T00:00:00.000Z,1626825600000,1,1383,32887,33772,-498,2983830,2356553,77583,549694
2021-07-22T00:00:00.000Z,1626912000000,1,1449,36370,49509,11690,3033339,2392923,79032,561384
2021-07-23T00:00:00.000Z,1626998400000,1,1566,38988,49071,8517,3082410,2431911,80598,569901
2021-07-24T00:00:00.000Z,1627084800000,1,1415,39767,45416,4234,3127826,2471678,82013,574135
2021-07-25T00:00:00.000Z,1627171200000,1,1266,37640,38679,-227,3166505,2509318,83279,573908
2021-07-26T00:00:00.000Z,1627257600000,1,1487,40374,28228,-13633,3194733,2549692,84766,560275
2021-07-27T00:00:00.000Z,1627344000000,1,2069,47128,45203,-3994,3239936,2596820,86835,556281
2021-07-28T00:00:00.000Z,1627430400000,1,1824,43856,47791,2111,3287727,2640676,88659,558392
2021-07-29T00:00:00.000Z,1627516800000,1,1893,45494,43479,-3908,3331206,2686170,90552,554484
2021-07-30T00:00:00.000Z,1627603200000,1,1759,44550,41168,-5141,3372374,2730720,92311,549343
2021-07-31T00:00:00.000Z,1627689600000,1,1808,39372,37284,-3896,3409658,2770092,94119,545447
2021-08-01T00:00:00.000Z,1627776000000,1,1604,39446,30738,-10312,3440396,2809538,95723,535135
2021-08-02T00:00:00.000Z,1627862400000,1,1568,32807,22404,-11971,3462800,2842345,97291,523164
2021-08-03T00:00:00.000Z,1627948800000,1,1598,31324,33900,978,3496700,2873669,98889,524142
2021-08-04T00:00:00.000Z,1628035200000,1,1747,34251,35867,-131,3532567,2907920,100636,524011
2021-08-05T00:00:00.000Z,1628121600000,1,1739,39726,35764,-5701,3568331,2947646,102375,518310
2021-08-06T00:00:00.000Z,1628208000000,1,1635,48832,39532,-10935,3607863,2996478,104010,507375
2021-08-07T00:00:00.000Z,1628294400000,1,1588,39716,31753,-9551,3639616,3036194,105598,497824
2021-08-08T00:00:00.000Z,1628380800000,1,1498,48508,26415,-23591,3666031,3084702,107096,474233
2021-08-09T00:00:00.000Z,1628467200000,1,1475,44959,20709,-25725,3686740,3129661,108571,448508
2021-08-10T00:00:00.000Z,1628553600000,1,2048,41486,32081,-11453,3718821,3171147,110619,437055
2021-08-11T00:00:00.000Z,1628640000000,1,1579,39931,30625,-10885,3749446,3211078,112198,426170
2021-08-12T00:00:00.000Z,1628726400000,1,1466,36637,24709,-13394,3774155,3247715,113664,412776
2021-08-13T00:00:00.000Z,1628812800000,1,1432,42003,30788,-12647,3804943,3289718,115096,400129
2021-08-14T00:00:00.000Z,1628899200000,1,1270,31880,28598,-4552,3833541,3321598,116366,395577
2021-08-15T00:00:00.000Z,1628985600000,1,1222,30361,20813,-10770,3854354,3351959,117588,384807
2021-08-16T00:00:00.000Z,1629072000000,1,1245,29925,17384,-13786,3871738,3381884,118833,371021
2021-08-17T00:00:00.000Z,1629158400000,1,1180,32225,20741,-12664,3892479,3414109,120013,358357
2021-08-18T00:00:00.000Z,1629244800000,1,1128,29794,15768,-15154,3908247,3443903,121141,343203
2021-08-19T00:00:00.000Z,1629331200000,1,1492,29012,22053,-8451,3930300,3472915,122633,334752
2021-08-20T00:00:00.000Z,1629417600000,1,1348,26122,20004,-7466,3950304,3499037,123981,327286
2021-08-21T00:00:00.000Z,1629504000000,1,1361,23011,16744,-7628,3967048,3522048,125342,319658
2021-08-22T00:00:00.000Z,1629590400000,1,1030,24276,12408,-12898,3979456,3546324,126372,306760
2021-08-23T00:00:00.000Z,1629676800000,1,842,24758,9604,-15996,3989060,3571082,127214,290764
2021-08-24T00:00:00.000Z,1629763200000,1,1038,35082,19106,-17014,4008166,3606164,128252,273750
2021-08-25T00:00:00.000Z,1629849600000,1,1041,33703,18671,-16073,4026837,3639867,129293,257677
2021-08-26T00:00:00.000Z,1629936000000,1,889,30099,16899,-14089,4043736,3669966,130182,243588
2021-08-27T00:00:00.000Z,1630022400000,1,599,19290,12618,-7271,4056354,3689256,130781,236317
2021-08-28T00:00:00.000Z,1630108800000,1,591,18594,10050,-9135,4066404,3707850,131372,227182
2021-08-29T00:00:00.000Z,1630195200000,1,551,16468,7427,-9592,4073831,3724318,131923,217590
2021-08-30T00:00:00.000Z,1630281600000,1,568,19398,5436,-14530,4079267,3743716,132491,203060
2021-08-31T00:00:00.000Z,1630368000000,1,532,16781,10534,-6779,4089801,3760497,133023,196281
2021-09-01T00:00:00.000Z,1630454400000,1,653,16394,10337,-6710,4100138,3776891,133676,189571
2021-09-02T00:00:00.000Z,1630540800000,1,680,21208,8955,-12933,4109093,3798099,134356,176638
2021-09-03T00:00:00.000Z,1630627200000,1,574,15544,7797,-8321,4116890,3813643,134930,168317
2021-09-04T00:00:00.000Z,1630713600000,1,539,13806,6727,-7618,4123617,3827449,135469,160699
2021-09-05T00:00:00.000Z,1630800000000,1,392,10191,5403,-5180,4129020,3837640,135861,155519
2021-09-06T00:00:00.000Z,1630886400000,1,612,13049,4413,-9248,4133433,3850689,136473,146271
2021-09-07T00:00:00.000Z,1630972800000,1,683,14159,7201,-7641,4140634,3864848,137156,138630
2021-09-08T00:00:00.000Z,1631059200000,1,626,11912,6731,-5807,4147365,3876760,137782,132823
2021-09-09T00:00:00.000Z,1631145600000,1,334,10650,5990,-4994,4153355,3887410,138116,127829
2021-09-10T00:00:00.000Z,1631232000000,1,315,14356,5376,-9295,4158731,3901766,138431,118534
2021-09-11T00:00:00.000Z,1631318400000,1,270,7586,5001,-2855,4163732,3909352,138701,115679
2021-09-12T00:00:00.000Z,1631404800000,2,188,9401,3779,-5810,4167511,3918753,138889,109869
2021-09-13T00:00:00.000Z,1631491200000,1,276,12474,2577,-10173,4170088,3931227,139165,99696
2021-09-14T00:00:00.000Z,1631577600000,1,250,11246,4128,-7368,4174216,3942473,139415,92328
2021-09-15T00:00:00.000Z,1631664000000,1,267,11046,3948,-7365,4178164,3953519,139682,84963
2021-09-16T00:00:00.000Z,1631750400000,1,237,14633,3145,-11725,4181309,3968152,139919,73238
2021-09-17T00:00:00.000Z,1631836800000,1,219,7912,3835,-4296,4185144,3976064,140138,68942
2021-09-18T00:00:00.000Z,1631923200000,1,185,7076,3385,-3876,4188529,3983140,140323,65066
2021-09-19T00:00:00.000Z,1632009600000,1,145,6186,2234,-4097,4190763,3989326,140468,60969
2021-09-20T00:00:00.000Z,1632096000000,1,166,6799,1932,-5033,4192695,3996125,140634,55936
2021-09-21T00:00:00.000Z,1632182400000,1,171,6581,3263,-3489,4195958,4002706,140805,52447
2021-09-22T00:00:00.000Z,1632268800000,1,149,5356,2720,-2785,4198678,4008062,140954,49662
2021-09-23T00:00:00.000Z,1632355200000,1,160,4386,2881,-1665,4201559,4012448,141114,47997
2021-09-24T00:00:00.000Z,1632441600000,1,144,4607,2557,-2194,4204116,4017055,141258,45803
2021-09-25T00:00:00.000Z,1632528000000,1,123,3746,2137,-1732,4206253,4020801,141381,44071
2021-09-26T00:00:00.000Z,1632614400000,1,86,2976,1760,-1302,4208013,4023777,141467,42769
2021-09-27T00:00:00.000Z,1632700800000,1,118,3771,1390,-2499,4209403,4027548,141585,40270
2021-09-28T00:00:00.000Z,1632787200000,1,124,3551,2057,-1618,4211460,4031099,141709,38652
2021-09-29T00:00:00.000Z,1632873600000,1,117,3077,1954,-1240,4213414,4034176,141826,37412
2021-09-30T00:00:00.000Z,1632960000000,1,113,2848,1690,-1271,4215104,4037024,141939,36141
2021-10-01T00:00:00.000Z,1633046400000,1,87,2811,1624,-1274,4216728,4039835,142026,34867
2021-10-02T00:00:00.000Z,1633132800000,1,89,2380,1414,-1055,4218142,4042215,142115,33812
2021-10-03T00:00:00.000Z,1633219200000,1,58,2020,1142,-936,4219284,4044235,142173,32876
2021-10-04T00:00:00.000Z,1633305600000,1,88,2656,922,-1822,4220206,4046891,142261,31054
2021-10-05T00:00:00.000Z,1633392000000,1,77,2558,1404,-1231,4221610,4049449,142338,29823
2021-10-06T00:00:00.000Z,1633478400000,1,75,2851,1484,-1442,4223094,4052300,142413,28381
2021-10-07T00:00:00.000Z,1633564800000,1,81,1946,1393,-634,4224487,4054246,142494,27747
2021-10-08T00:00:00.000Z,1633651200000,1,66,3514,1384,-2196,4225871,4057760,142560,25551
2021-10-09T00:00:00.000Z,1633737600000,1,52,1507,1167,-392,4227038,4059267,142612,25159
2021-10-10T00:00:00.000Z,1633824000000,1,39,1584,894,-729,4227932,4060851,142651,24430
2021-10-11T00:00:00.000Z,1633910400000,1,65,2444,620,-1889,4228552,4063295,142716,22541
2021-10-12T00:00:00.000Z,1633996800000,1,47,2130,1261,-916,4229813,4065425,142763,21625
2021-10-13T00:00:00.000Z,1634083200000,1,48,2259,1233,-1074,4231046,4067684,142811,20551
2021-10-14T00:00:00.000Z,1634169600000,1,37,1715,1053,-699,4232099,4069399,142848,19852
2021-10-15T00:00:00.000Z,1634256000000,1,41,1408,915,-534,4233014,4070807,142889,19318
2021-10-16T00:00:00.000Z,1634342400000,1,44,1525,997,-572,4234011,4072332,142933,18746
2021-10-17T00:00:00.000Z,1634428800000,1,19,1086,747,-358,4234758,4073418,142952,18388
2021-10-18T00:00:00.000Z,1634515200000,1,47,1593,626,-1014,4235384,4075011,142999,17374
2021-10-19T00:00:00.000Z,1634601600000,1,50,1530,903,-677,4236287,4076541,143049,16697
2021-10-20T00:00:00.000Z,1634688000000,1,28,1207,914,-321,4237201,4077748,143077,16376
2021-10-21T00:00:00.000Z,1634774400000,1,43,1372,633,-782,4237834,4079120,143120,15594
2021-10-22T00:00:00.000Z,1634860800000,1,33,1231,760,-504,4238594,4080351,143153,15090
2021-10-23T00:00:00.000Z,1634947200000,1,23,1066,802,-287,4239396,4081417,143176,14803
2021-10-24T00:00:00.000Z,1635033600000,1,29,1037,623,-443,4240019,4082454,143205,14360
2021-10-25T00:00:00.000Z,1635120000000,1,30,1236,460,-806,4240479,4083690,143235,13554
2021-10-26T00:00:00.000Z,1635206400000,1,35,1141,611,-565,4241090,4084831,143270,12989
2021-10-27T00:00:00.000Z,1635292800000,1,29,944,719,-254,4241809,4085775,143299,12735
2021-10-28T00:00:00.000Z,1635379200000,1,34,984,723,-295,4242532,4086759,143333,12440
2021-10-29T00:00:00.000Z,1635465600000,1,28,681,683,-26,4243215,4087440,143361,12414
2021-10-30T00:00:00.000Z,1635552000000,1,27,698,620,-105,4243835,4088138,143388,12309
2021-10-31T00:00:00.000Z,1635638400000,1,17,497,523,9,4244358,4088635,143405,12318
2021-11-01T00:00:00.000Z,1635724800000,1,18,784,403,-399,4244761,4089419,143423,11919
2021-11-02T00:00:00.000Z,1635811200000,1,34,868,612,-290,4245373,4090287,143457,11629
2021-11-03T00:00:00.000Z,1635897600000,1,24,814,801,-37,4246174,4091101,143481,11592
2021-11-04T00:00:00.000Z,1635984000000,1,19,837,628,-228,4246802,4091938,143500,11364
2021-11-05T00:00:00.000Z,1636070400000,1,19,648,518,-149,4247320,4092586,143519,11215
2021-11-06T00:00:00.000Z,1636156800000,1,15,622,401,-236,4247721,4093208,143534,10979
2021-11-07T00:00:00.000Z,1636243200000,1,11,587,444,-154,4248165,4093795,143545,10825
2021-11-08T00:00:00.000Z,1636329600000,1,12,1283,244,-1051,4248409,4095078,143557,9774
2021-11-09T00:00:00.000Z,1636416000000,1,21,585,434,-172,4248843,4095663,143578,9602
2021-11-10T00:00:00.000Z,1636502400000,1,14,531,480,-65,4249323,4096194,143592,9537
2021-11-11T00:00:00.000Z,1636588800000,1,16,470,435,-51,4249758,4096664,143608,9486
2021-11-12T00:00:00.000Z,1636675200000,1,20,560,399,-181,4250157,4097224,143628,9305
2021-11-13T00:00:00.000Z,1636761600000,1,16,451,359,-108,4250516,4097675,143644,9197
2021-11-14T00:00:00.000Z,1636848000000,1,15,503,339,-179,4250855,4098178,143659,9018
2021-11-15T00:00:00.000Z,1636934400000,1,11,706,221,-496,4251076,4098884,143670,8522
2021-11-16T00:00:00.000Z,1637020800000,1,15,515,347,-183,4251423,4099399,143685,8339
2021-11-17T00:00:00.000Z,1637107200000,1,13,458,522,51,4251945,4099857,143698,8390
2021-11-18T00:00:00.000Z,1637193600000,1,11,464,400,-75,4252345,4100321,143709,8315
2021-11-19T00:00:00.000Z,1637280000000,1,5,516,360,-161,4252705,4100837,143714,8154
2021-11-20T00:00:00.000Z,1637366400000,1,14,379,393,0,4253098,4101216,143728,8154
2021-11-21T00:00:00.000Z,1637452800000,1,11,331,314,-28,4253412,4101547,143739,8126
2021-11-22T00:00:00.000Z,1637539200000,1,5,342,186,-161,4253598,4101889,143744,7965
2021-11-23T00:00:00.000Z,1637625600000,1,9,434,394,-49,4253992,4102323,143753,7916
2021-11-24T00:00:00.000Z,1637712000000,1,13,377,451,61,4254443,4102700,143766,7977
2021-11-25T00:00:00.000Z,1637798400000,1,16,293,372,63,4254815,4102993,143782,8040
2021-11-26T00:00:00.000Z,1637884800000,1,14,386,453,53,4255268,4103379,143796,8093
2021-11-27T00:00:00.000Z,1637971200000,1,11,260,404,133,4255672,4103639,143807,8226
2021-11-28T00:00:00.000Z,1638057600000,1,1,275,264,-12,4255936,4103914,143808,8214
2021-11-29T00:00:00.000Z,1638144000000,1,11,419,176,-254,4256112,4104333,143819,7960
2021-11-30T00:00:00.000Z,1638230400000,1,11,324,297,-38,4256409,4104657,143830,7922
2021-12-01T00:00:00.000Z,1638316800000,1,10,307,278,-39,4256687,4104964,143840,7883
2021-12-02T00:00:00.000Z,1638403200000,1,10,388,311,-87,4256998,4105352,143850,7796
2021-12-03T00:00:00.000Z,1638489600000,1,8,328,245,-91,4257243,4105680,143858,7705
2021-12-04T00:00:00.000Z,1638576000000,1,5,314,246,-73,4257489,4105994,143863,7632
2021-12-05T00:00:00.000Z,1638662400000,1,4,298,196,-106,4257685,4106292,143867,7526
2021-12-06T00:00:00.000Z,1638748800000,1,9,2005,130,-1884,4257815,4108297,143876,5642
2021-12-07T00:00:00.000Z,1638835200000,1,17,420,261,-176,4258076,4108717,143893,5466
2021-12-08T00:00:00.000Z,1638921600000,1,16,351,264,-103,4258340,4109068,143909,5363
2021-12-09T00:00:00.000Z,1639008000000,1,9,296,220,-85,4258560,4109364,143918,5278
2021-12-10T00:00:00.000Z,1639094400000,1,5,311,192,-124,4258752,4109675,143923,5154
2021-12-11T00:00:00.000Z,1639180800000,1,6,190,228,32,4258980,4109865,143929,5186
2021-12-12T00:00:00.000Z,1639267200000,1,7,184,163,-28,4259143,4110049,143936,5158
2021-12-13T00:00:00.000Z,1639353600000,1,12,278,106,-184,4259249,4110327,143948,4974
2021-12-14T00:00:00.000Z,1639440000000,1,12,247,190,-69,4259439,4110574,143960,4905
2021-12-15T00:00:00.000Z,1639526400000,1,9,237,205,-41,4259644,4110811,143969,4864
2021-12-16T00:00:00.000Z,1639612800000,1,10,234,213,-31,4259857,4111045,143979,4833
2021-12-17T00:00:00.000Z,1639699200000,1,7,205,291,79,4260148,4111250,143986,4912
2021-12-18T00:00:00.000Z,1639785600000,1,12,214,232,6,4260380,4111464,143998,4918
2021-12-19T00:00:00.000Z,1639872000000,1,4,155,164,5,4260544,4111619,144002,4923
2021-12-20T00:00:00.000Z,1639958400000,1,11,216,133,-94,4260677,4111835,144013,4829
2021-12-21T00:00:00.000Z,1640044800000,1,11,205,216,0,4260893,4112040,144024,4829
2021-12-22T00:00:00.000Z,1640131200000,1,10,252,179,-83,4261072,4112292,144034,4746
2021-12-23T00:00:00.000Z,1640217600000,1,8,232,136,-104,4261208,4112524,144042,4642
2021-12-24T00:00:00.000Z,1640304000000,1,5,182,204,17,4261412,4112706,144047,4659
2021-12-25T00:00:00.000Z,1640390400000,1,6,195,255,54,4261667,4112901,144053,4713
2021-12-26T00:00:00.000Z,1640476800000,1,2,148,92,-58,4261759,4113049,144055,4655
2021-12-27T00:00:00.000Z,1640563200000,1,8,271,120,-159,4261879,4113320,144063,4496
2021-12-28T00:00:00.000Z,1640649600000,1,8,152,278,118,4262157,4113472,144071,4614
2021-12-29T00:00:00.000Z,1640736000000,1,10,270,194,-86,4262351,4113742,144081,4528
2021-12-30T00:00:00.000Z,1640822400000,1,7,399,189,-217,4262540,4114141,144088,4311
2021-12-31T00:00:00.000Z,1640908800000,1,6,193,180,-19,4262720,4114334,144094,4292
2022-01-01T00:00:00.000Z,1640995200000,1,2,165,274,107,4262994,4114499,144096,4399
2022-01-02T00:00:00.000Z,1641081600000,1,1,190,174,-17,4263168,4114689,144097,4382
2022-01-03T00:00:00.000Z,1641168000000,1,5,112,265,148,4263433,4114801,144102,4530
2022-01-04T00:00:00.000Z,1641254400000,1,3,168,299,128,4263732,4114969,144105,4658
2022-01-05T00:00:00.000Z,1641340800000,1,4,180,404,220,4264136,4115149,144109,4878
2022-01-06T00:00:00.000Z,1641427200000,1,7,209,533,317,4264669,4115358,144116,5195
2022-01-07T00:00:00.000Z,1641513600000,1,5,214,518,299,4265187,4115572,144121,5494
2022-01-08T00:00:00.000Z,1641600000000,1,6,175,479,298,4265666,4115747,144127,5792
2022-01-09T00:00:00.000Z,1641686400000,1,2,211,529,316,4266195,4115958,144129,6108
2022-01-10T00:00:00.000Z,1641772800000,1,7,244,454,203,4266649,4116202,144136,6311
2022-01-11T00:00:00.000Z,1641859200000,1,8,446,802,348,4267451,4116648,144144,6659
2022-01-12T00:00:00.000Z,1641945600000,1,6,314,646,326,4268097,4116962,144150,6985
2022-01-13T00:00:00.000Z,1642032000000,1,5,385,793,403,4268890,4117347,144155,7388
2022-01-14T00:00:00.000Z,1642118400000,1,8,353,850,489,4269740,4117700,144163,7877
2022-01-15T00:00:00.000Z,1642204800000,1,4,464,1054,586,4270794,4118164,144167,8463
2022-01-16T00:00:00.000Z,1642291200000,1,3,710,855,142,4271649,4118874,144170,8605
2022-01-17T00:00:00.000Z,1642377600000,1,4,598,772,170,4272421,4119472,144174,8775
2022-01-18T00:00:00.000Z,1642464000000,1,9,564,1362,789,4273783,4120036,144183,9564
2022-01-19T00:00:00.000Z,1642550400000,1,9,504,1745,1232,4275528,4120540,144192,10796
2022-01-20T00:00:00.000Z,1642636800000,1,7,577,2116,1532,4277644,4121117,144199,12328
2022-01-21T00:00:00.000Z,1642723200000,1,2,811,2604,1791,4280248,4121928,144201,14119
2022-01-22T00:00:00.000Z,1642809600000,1,5,627,3205,2573,4283453,4122555,144206,16692
2022-01-23T00:00:00.000Z,1642896000000,1,14,712,2925,2199,4286378,4123267,144220,18891
2022-01-24T00:00:00.000Z,1642982400000,1,7,944,2927,1976,4289305,4124211,144227,20867
2022-01-25T00:00:00.000Z,1643068800000,1,20,869,4878,3989,4294183,4125080,144247,24856
2022-01-26T00:00:00.000Z,1643155200000,1,7,2582,7010,4421,4301193,4127662,144254,29277
2022-01-27T00:00:00.000Z,1643241600000,1,7,1643,8077,6427,4309270,4129305,144261,35704
2022-01-28T00:00:00.000Z,1643328000000,1,7,2028,9905,7870,4319175,4131333,144268,43574
2022-01-29T00:00:00.000Z,1643414400000,1,17,2590,11588,8981,4330763,4133923,144285,52555
2022-01-30T00:00:00.000Z,1643500800000,1,18,3241,12422,9163,4343185,4137164,144303,61718
2022-01-31T00:00:00.000Z,1643587200000,1,17,3290,10185,6878,4353370,4140454,144320,68596
2022-02-01T00:00:00.000Z,1643673600000,1,28,3240,16021,12753,4369391,4143694,144348,81349
2022-02-02T00:00:00.000Z,1643760000000,1,25,5110,17895,12760,4387286,4148804,144373,94109
2022-02-03T00:00:00.000Z,1643846400000,1,38,5993,27197,21166,4414483,4154797,144411,115275
2022-02-04T00:00:00.000Z,1643932800000,1,42,7190,32211,24979,4446694,4161987,144453,140254
2022-02-05T00:00:00.000Z,1644019200000,1,44,10471,33729,23214,4480423,4172458,144497,163468
2022-02-06T00:00:00.000Z,1644105600000,1,57,10569,36057,25431,4516480,4183027,144554,188899
2022-02-07T00:00:00.000Z,1644192000000,1,82,8577,26121,17462,4542601,4191604,144636,206361
2022-02-08T00:00:00.000Z,1644278400000,1,83,10708,37492,26701,4580093,4202312,144719,233062
2022-02-09T00:00:00.000Z,1644364800000,1,65,14016,46843,32762,4626936,4216328,144784,265824
2022-02-10T00:00:00.000Z,1644451200000,1,74,18182,40618,22362,4667554,4234510,144858,288186
2022-02-11T00:00:00.000Z,1644537600000,1,100,15767,40489,24622,4708043,4250277,144958,312808
2022-02-12T00:00:00.000Z,1644624000000,1,107,32570,55209,22532,4763252,4282847,145065,335340
2022-02-13T00:00:00.000Z,1644710400000,1,111,26916,44526,17499,4807778,4309763,145176,352839
2022-02-14T00:00:00.000Z,1644796800000,1,145,13338,36501,23018,4844279,4323101,145321,375857
2022-02-15T00:00:00.000Z,1644883200000,1,134,26747,57049,30168,4901328,4349848,145455,406025
2022-02-16T00:00:00.000Z,1644969600000,1,167,25386,64718,39165,4966046,4375234,145622,445190
2022-02-17T00:00:00.000Z,1645056000000,1,206,39072,63956,24678,5030002,4414306,145828,469868
2022-02-18T00:00:00.000Z,1645142400000,1,216,32904,59635,26515,5089637,4447210,146044,496383
2022-02-19T00:00:00.000Z,1645228800000,1,158,34699,59384,24527,5149021,4481909,146202,520910
2022-02-20T00:00:00.000Z,1645315200000,1,163,32873,48484,15448,5197505,4514782,146365,536358
2022-02-21T00:00:00.000Z,1645401600000,1,176,39929,34418,-5687,5231923,4554711,146541,530671
2022-02-22T00:00:00.000Z,1645488000000,1,257,38474,57491,18760,5289414,4593185,146798,549431
2022-02-23T00:00:00.000Z,1645574400000,1,227,39170,61488,22091,5350902,4632355,147025,571522
2022-02-24T00:00:00.000Z,1645660800000,1,317,42518,57426,14591,5408328,4674873,147342,586113
2022-02-25T00:00:00.000Z,1645747200000,1,244,61361,49447,-12158,5457775,4736234,147586,573955
2022-02-26T00:00:00.000Z,1645833600000,1,258,41805,46643,4580,5504418,4778039,147844,578535
2022-02-27T00:00:00.000Z,1645920000000,1,229,39384,34976,-4637,5539394,4817423,148073,573898
2022-02-28T00:00:00.000Z,1646006400000,1,262,43992,25054,-19200,5564448,4861415,148335,554698
2022-03-01T00:00:00.000Z,1646092800000,2,325,39887,24728,-15484,5589176,4901302,148660,539214
2022-03-02T00:00:00.000Z,1646179200000,1,376,42935,40920,-2391,5630096,4944237,149036,536823
2022-03-03T00:00:00.000Z,1646265600000,1,232,42154,37259,-5127,5667355,4986391,149268,531696
2022-03-04T00:00:00.000Z,1646352000000,1,328,40462,26347,-14443,5693702,5026853,149596,517253
2022-03-05T00:00:00.000Z,1646438400000,1,322,46669,30156,-16835,5723858,5073522,149918,500418
2022-03-06T00:00:00.000Z,1646524800000,1,254,49080,24867,-24467,5748725,5122602,150172,475951
2022-03-07T00:00:00.000Z,1646611200000,1,258,48800,21380,-27678,5770105,5171402,150430,448273
2022-03-08T00:00:00.000Z,1646697600000,1,401,55128,30148,-25381,5800253,5226530,150831,422892
2022-03-09T00:00:00.000Z,1646784000000,1,304,31705,26336,-5673,5826589,5258235,151135,417219
2022-03-10T00:00:00.000Z,1646870400000,1,278,38399,21311,-17366,5847900,5296634,151413,399853
2022-03-11T00:00:00.000Z,1646956800000,1,290,39212,16110,-23392,5864010,5335846,151703,376461
2022-03-12T00:00:00.000Z,1647043200000,1,248,33733,14900,-19081,5878910,5369579,151951,357380
2022-03-13T00:00:00.000Z,1647129600000,1,215,25854,11585,-14484,5890495,5395433,152166,342896
2022-03-14T00:00:00.000Z,1647216000000,1,271,39296,9629,-29938,5900124,5434729,152437,312958
2022-03-15T00:00:00.000Z,1647302400000,1,308,27615,14408,-13515,5914532,5462344,152745,299443
2022-03-16T00:00:00.000Z,1647388800000,1,230,32262,13018,-19474,5927550,5494606,152975,279969
2022-03-17T00:00:00.000Z,1647475200000,1,237,28787,11532,-17492,5939082,5523393,153212,262477
2022-03-18T00:00:00.000Z,1647561600000,1,199,25827,9528,-16498,5948610,5549220,153411,245979
2022-03-19T00:00:00.000Z,1647648000000,1,188,24008,7951,-16245,5956561,5573228,153599,229734
2022-03-20T00:00:00.000Z,1647734400000,1,139,15829,5922,-10046,5962483,5589057,153738,219688
2022-03-21T00:00:00.000Z,1647820800000,1,154,20888,4699,-16343,5967182,5609945,153892,203345
2022-03-22T00:00:00.000Z,1647907200000,1,170,29084,7464,-21790,5974646,5639029,154062,181555
2022-03-23T00:00:00.000Z,1647993600000,1,159,19209,6376,-12992,5981022,5658238,154221,168563
2022-03-24T00:00:00.000Z,1648080000000,1,122,18272,5808,-12586,5986830,5676510,154343,155977
2022-03-25T00:00:00.000Z,1648166400000,1,120,14710,4857,-9973,5991687,5691220,154463,146004
2022-03-26T00:00:00.000Z,1648252800000,1,107,10943,4189,-6861,5995876,5702163,154570,139143
2022-03-27T00:00:00.000Z,1648339200000,1,100,12499,3077,-9522,5998953,5714662,154670,129621
2022-03-28T00:00:00.000Z,1648425600000,1,104,10301,2798,-7607,6001751,5724963,154774,122014
2022-03-29T00:00:00.000Z,1648512000000,1,108,10092,3895,-6305,6005646,5735055,154882,115709
2022-03-30T00:00:00.000Z,1648598400000,1,118,7876,3840,-4154,6009486,5742931,155000,111555
2022-03-31T00:00:00.000Z,1648684800000,1,89,7871,3332,-4628,6012818,5750802,155089,106927
2022-04-01T00:00:00.000Z,1648771200000,1,75,9036,2930,-6181,6015748,5759838,155164,100746
2022-04-02T00:00:00.000Z,1648857600000,1,77,4798,2300,-2575,6018048,5764636,155241,98171
2022-04-03T00:00:00.000Z,1648944000000,1,47,4067,1933,-2181,6019981,5768703,155288,95990
2022-04-04T00:00:00.000Z,1649030400000,1,61,7355,1661,-5755,6021642,5776058,155349,90235
2022-04-05T00:00:00.000Z,1649116800000,1,72,7241,2282,-5031,6023924,5783299,155421,85204
2022-04-06T00:00:00.000Z,1649203200000,1,43,5415,2400,-3058,6026324,5788714,155464,82146
2022-04-07T00:00:00.000Z,1649289600000,1,45,5888,2089,-3844,6028413,5794602,155509,78302
2022-04-08T00:00:00.000Z,1649376000000,1,47,3442,1755,-1734,6030168,5798044,155556,76568
2022-04-09T00:00:00.000Z,1649462400000,1,41,3865,1468,-2438,6031636,5801909,155597,74130
2022-04-10T00:00:00.000Z,1649548800000,1,29,2493,1071,-1451,6032707,5804402,155626,72679
2022-04-11T00:00:00.000Z,1649635200000,1,48,3978,1196,-2830,6033903,5808380,155674,69849
2022-04-12T00:00:00.000Z,1649721600000,1,43,3286,1455,-1874,6035358,5811666,155717,67975
2022-04-13T00:00:00.000Z,1649808000000,1,29,3022,1551,-1500,6036909,5814688,155746,66475
2022-04-14T00:00:00.000Z,1649894400000,1,48,3216,833,-2431,6037742,5817904,155794,64044
2022-04-15T00:00:00.000Z,1649980800000,1,26,2275,922,-1379,6038664,5820179,155820,62665
2022-04-16T00:00:00.000Z,1650067200000,1,24,2768,602,-2190,6039266,5822947,155844,60475
2022-04-17T00:00:00.000Z,1650153600000,1,22,2782,607,-2197,6039873,5825729,155866,58278
2022-04-18T00:00:00.000Z,1650240000000,1,37,7831,559,-7309,6040432,5833560,155903,50969
2022-04-19T00:00:00.000Z,1650326400000,1,34,2750,837,-1947,6041269,5836310,155937,49022
2022-04-20T00:00:00.000Z,1650412800000,1,37,4635,741,-3931,6042010,5840945,155974,45091
2022-04-21T00:00:00.000Z,1650499200000,1,41,14416,585,-13872,6042595,5855361,156015,31219
2022-04-22T00:00:00.000Z,1650585600000,1,25,10808,651,-10182,6043246,5866169,156040,21037
2022-04-23T00:00:00.000Z,1650672000000,1,27,2082,522,-1587,6043768,5868251,156067,19450
2022-04-24T00:00:00.000Z,1650758400000,1,33,2168,382,-1819,6044150,5870419,156100,17631
2022-04-25T00:00:00.000Z,1650844800000,1,33,4664,317,-4380,6044467,5875083,156133,13251
2022-04-26T00:00:00.000Z,1650931200000,1,30,4058,576,-3512,6045043,5879141,156163,9739
2022-04-27T00:00:00.000Z,1651017600000,1,36,1178,617,-597,6045660,5880319,156199,9142
2022-04-28T00:00:00.000Z,1651104000000,1,18,1171,412,-777,6046072,5881490,156217,8365
2022-04-29T00:00:00.000Z,1651190400000,1,23,572,395,-200,6046467,5882062,156240,8165
2022-04-30T00:00:00.000Z,1651276800000,1,17,598,329,-286,6046796,5882660,156257,7879
2022-05-01T00:00:00.000Z,1651363200000,1,16,633,244,-405,6047040,5883293,156273,7474
2022-05-02T00:00:00.000Z,1651449600000,1,14,371,168,-217,6047208,5883664,156287,7257
2022-05-03T00:00:00.000Z,1651536000000,1,18,395,107,-306,6047315,5884059,156305,6951
2022-05-04T00:00:00.000Z,1651622400000,1,16,266,176,-106,6047491,5884325,156321,6845
2022-05-05T00:00:00.000Z,1651708800000,1,19,445,250,-214,6047741,5884770,156340,6631
2022-05-06T00:00:00.000Z,1651795200000,1,17,329,245,-101,6047986,5885099,156357,6530
2022-05-07T00:00:00.000Z,1651881600000,1,14,307,218,-103,6048204,5885406,156371,6427
2022-05-08T00:00:00.000Z,1651968000000,1,10,452,227,-235,6048431,5885858,156381,6192
2022-05-09T00:00:00.000Z,1652054400000,1,15,353,254,-114,6048685,5886211,156396,6078
2022-05-10T00:00:00.000Z,1652140800000,1,20,659,456,-223,6049141,5886870,156416,5855
2022-05-11T00:00:00.000Z,1652227200000,1,8,916,400,-524,6049541,5887786,156424,5331
2022-05-12T00:00:00.000Z,1652313600000,1,14,785,335,-464,6049876,5888571,156438,4867
2022-05-13T00:00:00.000Z,1652400000000,1,10,254,335,71,6050211,5888825,156448,4938
2022-05-14T00:00:00.000Z,1652486400000,1,5,416,308,-113,6050519,5889241,156453,4825
2022-05-15T00:00:00.000Z,1652572800000,1,5,293,257,-41,6050776,5889534,156458,4784
2022-05-16T00:00:00.000Z,1652659200000,1,6,263,182,-87,6050958,5889797,156464,4697
2022-05-17T00:00:00.000Z,1652745600000,1,17,1029,247,-799,6051205,5890826,156481,3898
2022-05-18T00:00:00.000Z,1652832000000,1,17,364,327,-54,6051532,5891190,156498,3844
2022-05-19T00:00:00.000Z,1652918400000,1,12,384,318,-78,6051850,5891574,156510,3766
2022-05-20T00:00:00.000Z,1653004800000,1,3,298,250,-51,6052100,5891872,156513,3715
2022-05-21T00:00:00.000Z,1653091200000,1,6,254,263,3,6052363,5892126,156519,3718
2022-05-22T00:00:00.000Z,1653177600000,1,3,285,227,-61,6052590,5892411,156522,3657
2022-05-23T00:00:00.000Z,1653264000000,1,12,929,174,-767,6052764,5893340,156534,2890
2022-05-24T00:00:00.000Z,1653350400000,1,14,288,345,43,6053109,5893628,156548,2933
2022-05-25T00:00:00.000Z,1653436800000,1,5,232,315,78,6053424,5893860,156553,3011
2022-05-26T00:00:00.000Z,1653523200000,1,3,243,246,0,6053670,5894103,156556,3011
2022-05-27T00:00:00.000Z,1653609600000,1,9,277,224,-62,6053894,5894380,156565,2949
2022-05-28T00:00:00.000Z,1653696000000,1,8,248,279,23,6054173,5894628,156573,2972
2022-05-29T00:00:00.000Z,1653782400000,1,1,261,242,-20,6054415,5894889,156574,2952
2022-05-30T00:00:00.000Z,1653868800000,1,12,287,218,-81,6054633,5895176,156586,2871
2022-05-31T00:00:00.000Z,1653955200000,1,5,247,340,88,6054973,5895423,156591,2959
2022-06-01T00:00:00.000Z,1654041600000,1,3,183,368,182,6055341,5895606,156594,3141
2022-06-02T00:00:00.000Z,1654128000000,1,6,334,304,-36,6055645,5895940,156600,3105
2022-06-03T00:00:00.000Z,1654214400000,1,4,350,372,18,6056017,5896290,156604,3123
2022-06-04T00:00:00.000Z,1654300800000,1,6,258,395,131,6056412,5896548,156610,3254
2022-06-05T00:00:00.000Z,1654387200000,1,5,204,388,179,6056800,5896752,156615,3433
2022-06-06T00:00:00.000Z,1654473600000,1,7,270,342,65,6057142,5897022,156622,3498
2022-06-07T00:00:00.000Z,1654560000000,1,2,350,518,166,6057660,5897372,156624,3664
2022-06-08T00:00:00.000Z,1654646400000,1,4,258,520,258,6058180,5897630,156628,3922
2022-06-09T00:00:00.000Z,1654732800000,1,7,410,556,139,6058736,5898040,156635,4061
2022-06-10T00:00:00.000Z,1654819200000,1,3,344,627,280,6059363,5898384,156638,4341
2022-06-11T00:00:00.000Z,1654905600000,1,3,374,574,197,6059937,5898758,156641,4538
2022-06-12T00:00:00.000Z,1654992000000,1,2,353,551,196,6060488,5899111,156643,4734
2022-06-13T00:00:00.000Z,1655078400000,1,9,390,591,192,6061079,5899501,156652,4926
2022-06-14T00:00:00.000Z,1655164800000,1,10,548,930,372,6062009,5900049,156662,5298
2022-06-15T00:00:00.000Z,1655251200000,1,8,525,1242,709,6063251,5900574,156670,6007
2022-06-16T00:00:00.000Z,1655337600000,1,3,509,1173,661,6064424,5901083,156673,6668
2022-06-17T00:00:00.000Z,1655424000000,1,6,556,1220,658,6065644,5901639,156679,7326
2022-06-18T00:00:00.000Z,1655510400000,1,5,523,1264,736,6066908,5902162,156684,8062
2022-06-19T00:00:00.000Z,1655596800000,1,3,632,1167,532,6068075,5902794,156687,8594
2022-06-20T00:00:00.000Z,1655683200000,1,8,667,1180,505,6069255,5903461,156695,9099
2022-06-21T00:00:00.000Z,1655769600000,1,5,677,1678,996,6070933,5904138,156700,10095
2022-06-22T00:00:00.000Z,1655856000000,1,2,687,1985,1296,6072918,5904825,156702,11391
2022-06-23T00:00:00.000Z,1655942400000,1,4,1146,1907,757,6074825,5905971,156706,12148
2022-06-24T00:00:00.000Z,1656028800000,1,5,998,2069,1066,6076894,5906969,156711,13214
2022-06-25T00:00:00.000Z,1656115200000,1,3,1074,1831,754,6078725,5908043,156714,13968
2022-06-26T00:00:00.000Z,1656201600000,1,3,1175,1726,548,6080451,5909218,156717,14516
2022-06-27T00:00:00.000Z,1656288000000,1,9,1637,1445,-201,6081896,5910855,156726,14315
2022-06-28T00:00:00.000Z,1656374400000,1,2,1170,2167,995,6084063,5912025,156728,15310
2022-06-29T00:00:00.000Z,1656460800000,1,3,1282,2149,864,6086212,5913307,156731,16174
2022-06-30T00:00:00.000Z,1656547200000,1,6,1626,2248,616,6088460,5914933,156737,16790
2022-07-01T00:00:00.000Z,1656633600000,1,3,1921,2049,125,6090509,5916854,156740,16915
2022-07-02T00:00:00.000Z,1656720000000,1,5,1789,1794,0,6092303,5918643,156745,16915
2022-07-03T00:00:00.000Z,1656806400000,1,4,1606,1614,4,6093917,5920249,156749,16919
2022-07-04T00:00:00.000Z,1656892800000,1,9,1868,1434,-443,6095351,5922117,156758,16476
2022-07-05T00:00:00.000Z,1656979200000,1,8,1691,2577,878,6097928,5923808,156766,17354
2022-07-06T00:00:00.000Z,1657065600000,1,4,2045,2743,694,6100671,5925853,156770,18048
2022-07-07T00:00:00.000Z,1657152000000,1,6,1877,2881,998,6103552,5927730,156776,19046
2022-07-08T00:00:00.000Z,1657238400000,1,5,2386,2472,81,6106024,5930116,156781,19127
2022-07-09T00:00:00.000Z,1657324800000,1,4,1973,2705,728,6108729,5932089,156785,19855
2022-07-10T00:00:00.000Z,1657411200000,1,6,1890,2576,680,6111305,5933979,156791,20535
2022-07-11T00:00:00.000Z,1657497600000,1,7,1866,1681,-192,6112986,5935845,156798,20343
2022-07-12T00:00:00.000Z,1657584000000,1,8,1780,3361,1573,6116347,5937625,156806,21916
2022-07-13T00:00:00.000Z,1657670400000,1,12,1939,3822,1871,6120169,5939564,156818,23787
2022-07-14T00:00:00.000Z,1657756800000,1,9,2872,3584,703,6123753,5942436,156827,24490
2022-07-15T00:00:00.000Z,1657843200000,1,6,2842,3331,483,6127084,5945278,156833,24973
2022-07-16T00:00:00.000Z,1657929600000,1,6,2702,4329,1621,6131413,5947980,156839,26594
2022-07-17T00:00:00.000Z,1658016000000,1,10,2574,3540,956,6134953,5950554,156849,27550
2022-07-18T00:00:00.000Z,1658102400000,1,10,2427,3393,956,6138346,5952981,156859,28506
2022-07-19T00:00:00.000Z,1658188800000,1,6,2596,5085,2483,6143431,5955577,156865,30989
2022-07-20T00:00:00.000Z,1658275200000,1,10,2331,5653,3312,6149084,5957908,156875,34301
2022-07-21T00:00:00.000Z,1658361600000,1,5,2925,5410,2480,6154494,5960833,156880,36781
2022-07-22T00:00:00.000Z,1658448000000,1,13,3363,4834,1458,6159328,5964196,156893,38239
2022-07-23T00:00:00.000Z,1658534400000,1,9,4108,4943,826,6164271,5968304,156902,39065
2022-07-24T00:00:00.000Z,1658620800000,1,0,2684,4071,1387,6168342,5970988,156902,40452
2022-07-25T00:00:00.000Z,1658707200000,1,14,4023,4048,11,6172390,5975011,156916,40463
2022-07-26T00:00:00.000Z,1658793600000,1,13,3511,6483,2959,6178873,5978522,156929,43422
2022-07-27T00:00:00.000Z,1658880000000,1,11,3825,6438,2602,6185311,5982347,156940,46024
2022-07-28T00:00:00.000Z,1658966400000,1,17,5705,6353,631,6191664,5988052,156957,46655
2022-07-29T00:00:00.000Z,1659052800000,1,13,4485,5831,1333,6197495,5992537,156970,47988
2022-07-30T00:00:00.000Z,1659139200000,1,13,4268,5398,1117,6202893,5996805,156983,49105
2022-07-31T00:00:00.000Z,1659225600000,1,10,4597,4205,-402,6207098,6001402,156993,48703
2022-08-01T00:00:00.000Z,1659312000000,1,11,4579,3696,-894,6210794,6005981,157004,47809
2022-08-02T00:00:00.000Z,1659398400000,1,24,4564,5827,1239,6216621,6010545,157028,49048
2022-08-03T00:00:00.000Z,1659484800000,2,18,4340,6167,1809,6222788,6014885,157046,50857
2022-08-04T00:00:00.000Z,1659571200000,1,14,6664,6527,-151,6229315,6021549,157060,50706
2022-08-05T00:00:00.000Z,1659657600000,1,12,6323,5929,-406,6235244,6027872,157072,50300
2022-08-06T00:00:00.000Z,1659744000000,1,10,4850,5455,595,6240699,6032722,157082,50895
2022-08-07T00:00:00.000Z,1659830400000,1,13,5016,4279,-750,6244978,6037738,157095,50145
2022-08-08T00:00:00.000Z,1659916800000,1,18,4919,4425,-512,6249403,6042657,157113,49633
2022-08-09T00:00:00.000Z,1660003200000,1,18,4850,6276,1408,6255679,6047507,157131,51041
2022-08-10T00:00:00.000Z,1660089600000,1,18,4906,5926,1002,6261605,6052413,157149,52043
2022-08-11T00:00:00.000Z,1660176000000,1,22,4824,5532,686,6267137,6057237,157171,52729
2022-08-12T00:00:00.000Z,1660262400000,1,18,5226,6091,847,6273228,6062463,157189,53576
2022-08-13T00:00:00.000Z,1660348800000,1,19,5055,5104,30,6278332,6067518,157208,53606
2022-08-14T00:00:00.000Z,1660435200000,1,18,4903,4442,-479,6282774,6072421,157226,53127
2022-08-15T00:00:00.000Z,1660521600000,1,26,4508,3588,-946,6286362,6076929,157252,52181
2022-08-16T00:00:00.000Z,1660608000000,1,25,5803,5869,41,6292231,6082732,157277,52222
2022-08-17T00:00:00.000Z,1660694400000,1,19,4324,5253,910,6297484,6087056,157296,53132
2022-08-18T00:00:00.000Z,1660780800000,1,21,5250,4039,-1232,6301523,6092306,157317,51900
2022-08-19T00:00:00.000Z,1660867200000,1,26,5028,5163,109,6306686,6097334,157343,52009
2022-08-20T00:00:00.000Z,1660953600000,1,22,4302,4922,598,6311608,6101636,157365,52607
2022-08-21T00:00:00.000Z,1661040000000,1,12,6044,3949,-2107,6315557,6107680,157377,50500
2022-08-22T00:00:00.000Z,1661126400000,1,19,4978,3300,-1697,6318857,6112658,157396,48803
2022-08-23T00:00:00.000Z,1661212800000,1,24,5134,4858,-300,6323715,6117792,157420,48503
2022-08-24T00:00:00.000Z,1661299200000,1,18,5550,5428,-140,6329143,6123342,157438,48363
2022-08-25T00:00:00.000Z,1661385600000,1,19,5780,5214,-585,6334357,6129122,157457,47778
2022-08-26T00:00:00.000Z,1661472000000,1,21,5758,4549,-1230,6338906,6134880,157478,46548
2022-08-27T00:00:00.000Z,1661558400000,1,15,2514,4170,1641,6343076,6137394,157493,48189
2022-08-28T00:00:00.000Z,1661644800000,1,7,5044,3228,-1823,6346304,6142438,157500,46366
2022-08-29T00:00:00.000Z,1661731200000,1,21,4702,2871,-1852,6349175,6147140,157521,44514
2022-08-30T00:00:00.000Z,1661817600000,1,20,4510,5070,540,6354245,6151650,157541,45054
2022-08-31T00:00:00.000Z,1661904000000,1,25,4384,4563,154,6358808,6156034,157566,45208
2022-09-01T00:00:00.000Z,1661990400000,1,25,4843,4094,-774,6362902,6160877,157591,44434
2022-09-02T00:00:00.000Z,1662076800000,1,17,4451,3616,-852,6366518,6165328,157608,43582
2022-09-03T00:00:00.000Z,1662163200000,1,23,4002,3260,-765,6369778,6169330,157631,42817
2022-09-04T00:00:00.000Z,1662249600000,1,16,3751,2764,-1003,6372542,6173081,157647,41814
2022-09-05T00:00:00.000Z,1662336000000,1,21,4444,2340,-2125,6374882,6177525,157668,39689
2022-09-06T00:00:00.000Z,1662422400000,1,28,5136,3607,-1557,6378489,6182661,157696,38132
2022-09-07T00:00:00.000Z,1662508800000,1,21,3505,3513,-13,6382002,6186166,157717,38119
2022-09-08T00:00:00.000Z,1662595200000,1,12,3441,3138,-315,6385140,6189607,157729,37804
2022-09-09T00:00:00.000Z,1662681600000,1,12,5346,2804,-2554,6387944,6194953,157741,35250
2022-09-10T00:00:00.000Z,1662768000000,1,16,3098,2609,-505,6390553,6198051,157757,34745
