key_as_string,key,doc_count,jumlah_spesimen_pcr_tcm,jumlah_spesimen_antigen,jumlah_orang_antigen,jumlah_orang_pcr_tcm,jumlah_spesimen_pcr_tcm_kum,jumlah_spesimen_antigen_kum,jumlah_orang_pcr_tcm_kum,jumlah_orang_antigen_kum
2021-03-15,1615766400000,1,11438902,204952,192024,7589169,11438902,204952,7589169,192024
2021-03-16,1615852800000,1,53586,22040,20557,26507,11492488,226992,7615676,212581
2021-03-17,1615939200000,1,54353,21627,31339,27413,11546841,248619,7643089,243920
2021-03-18,1616025600000,1,54815,20922,8637,27306,11601656,269541,7670395,252557
2021-03-19,1616112000000,1,53760,19700,18500,27463,11655416,289241,7697858,271057
2021-03-20,1616198400000,1,50547,19153,17991,25816,11705963,308394,7723674,289048
2021-03-21,1616284800000,1,30215,11140,10408,15896,11736178,319534,7739570,299456
2021-03-22,1616371200000,1,34113,9642,8892,28690,11770291,329176,7768260,308348
2021-03-23,1616457600000,1,52146,25256,23267,26858,11822437,354432,7795118,331615
2021-03-24,1616544000000,1,49919,22359,20544,29244,11872356,376791,7824362,352159
2021-03-25,1616630400000,1,55783,25308,23386,29776,11928139,402099,7854138,375545
2021-03-26,1616716800000,1,49643,21916,19952,31667,11977782,424015,7885805,395497
2021-03-27,1616803200000,1,45708,21840,20224,25657,12023490,445855,7911462,415721
2021-03-28,1616889600000,1,30289,12396,11402,19236,12053779,458251,7930698,427123
2021-03-29,1616976000000,1,29334,17599,15986,23056,12083113,475850,7953754,443109
2021-03-30,1617062400000,1,50271,26633,23956,24331,12133384,502483,7978085,467065
2021-03-31,1617148800000,1,48128,23312,20752,24962,12181512,525795,8003047,487817
2021-04-01,1617235200000,1,47905,24889,22237,32529,12229417,550684,8035576,510054
2021-04-02,1617321600000,1,35633,16862,15036,26370,12265050,567546,8061946,525090
2021-04-03,1617408000000,1,28807,15259,13839,22206,12293857,582805,8084152,538929
2021-04-04,1617494400000,1,21231,15259,13451,20430,12315088,598064,8104582,552380
2021-04-05,1617580800000,1,27719,17238,15384,22963,12342807,615302,8127545,567764
2021-04-06,1617667200000,1,49408,28634,25395,24364,12392215,643936,8151909,593159
2021-04-07,1617753600000,1,51040,26456,23580,29877,12443255,670392,8181786,616739
2021-04-08,1617840000000,1,46789,26627,23514,30739,12490044,697019,8212525,640253
2021-04-09,1617926400000,1,47128,25584,22564,25616,12537172,722603,8238141,662817
2021-04-10,1618012800000,1,40539,23552,20810,22897,12577711,746155,8261038,683627
2021-04-11,1618099200000,1,27733,14373,12773,18145,12605444,760528,8279183,696400
2021-04-12,1618185600000,1,28327,18004,15790,18644,12633771,778532,8297827,712190
2021-04-13,1618272000000,1,47584,29938,25010,25631,12681355,808470,8323458,737200
2021-04-14,1618358400000,1,46491,27667,23654,20632,12727846,836137,8344090,760854
2021-04-15,1618444800000,1,49727,24856,21078,27650,12777573,860993,8371740,781932
2021-04-16,1618531200000,1,46636,26770,23076,27022,12824209,887763,8398762,805008
2021-04-17,1618617600000,1,41273,23565,20374,24581,12865482,911328,8423343,825382
2021-04-18,1618704000000,1,25512,13107,11327,19953,12890994,924435,8443296,836709
2021-04-19,1618790400000,1,35052,19676,16845,20422,12926046,944111,8463718,853554
2021-04-20,1618876800000,1,40470,28737,24488,23619,12966516,972848,8487337,878042
2021-04-21,1618963200000,1,45591,26970,22860,24188,13012107,999818,8511525,900902
2021-04-22,1619049600000,1,46879,31714,26544,29137,13058986,1031532,8540662,927446
2021-04-23,1619136000000,1,44717,18906,16007,25552,13103703,1050438,8566214,943453
2021-04-24,1619222400000,1,41484,26267,22271,19992,13145187,1076705,8586206,965724
2021-04-25,1619308800000,1,27046,15673,13427,19098,13172233,1092378,8605304,979151
2021-04-26,1619395200000,1,30464,21414,18282,18585,13202697,1113792,8623889,997433
2021-04-27,1619481600000,1,44443,32178,27150,24745,13247140,1145970,8648634,1024583
2021-04-28,1619568000000,1,45360,27923,23122,17935,13292500,1173893,8666569,1047705
2021-04-29,1619654400000,1,47043,28777,24236,31247,13339543,1202670,8697816,1071941
2021-04-30,1619740800000,1,48373,28853,24479,27185,13387916,1231523,8725001,1096420
2021-05-01,1619827200000,1,43594,19623,16685,25037,13431510,1251146,8750038,1113105
2021-05-02,1619913600000,1,27283,12675,10987,21402,13458793,1263821,8771440,1124092
2021-05-03,1620000000000,1,28611,19588,16526,19187,13487404,1283409,8790627,1140618
2021-05-04,1620086400000,1,45888,29997,24746,26790,13533292,1313406,8817417,1165364
2021-05-05,1620172800000,1,48729,30589,25827,25349,13582021,1343995,8842766,1191191
2021-05-06,1620259200000,1,46540,29733,24523,25599,13628561,1373728,8868365,1215714
2021-05-07,1620345600000,1,50207,25783,21490,25145,13678768,1399511,8893510,1237204
2021-05-08,1620432000000,1,49036,25511,21459,23246,13727804,1425022,8916756,1258663
2021-05-09,1620518400000,1,32981,15920,13263,16986,13760785,1440942,8933742,1271926
2021-05-10,1620604800000,1,34046,15437,13062,18901,13794831,1456379,8952643,1284988
2021-05-11,1620691200000,1,47560,27856,23116,21974,13842391,1484235,8974617,1308104
2021-05-12,1620777600000,1,41184,22074,18618,20022,13883575,1506309,8994639,1326722
2021-05-13,1620864000000,1,22395,9155,7906,13807,13905970,1515464,9008446,1334628
2021-05-14,1620950400000,1,12141,6399,5545,10400,13918111,1521863,9018846,1340173
2021-05-15,1621036800000,1,16517,13070,11273,11246,13934628,1534933,9030092,1351446
2021-05-16,1621123200000,1,22097,15376,13054,14586,13956725,1550309,9044678,1364500
2021-05-17,1621209600000,1,24905,20748,17395,19593,13981630,1571057,9064271,1381895
2021-05-18,1621296000000,1,45416,34332,28325,15179,14027046,1605389,9079450,1410220
2021-05-19,1621382400000,1,46744,38235,31619,21539,14073790,1643624,9100989,1441839
2021-05-20,1621468800000,1,55641,39794,33461,22280,14129431,1683418,9123269,1475300
2021-05-21,1621555200000,1,56598,35454,30107,41668,14186029,1718872,9164937,1505407
2021-05-22,1621641600000,1,47721,34095,19129,22636,14233750,1752967,9187573,1524536
2021-05-23,1621728000000,1,37476,35482,29584,24095,14271226,1788449,9211668,1554120
2021-05-24,1621814400000,1,34132,31337,25832,28574,14305358,1819786,9240242,1579952
2021-05-25,1621900800000,1,48738,35686,30508,31353,14354096,1855472,9271595,1610460
2021-05-26,1621987200000,1,49814,32506,27801,28517,14403910,1887978,9300112,1638261
2021-05-27,1622073600000,1,39585,41364,35646,26740,14443495,1929342,9326852,1673907
2021-05-28,1622160000000,1,53372,57310,49252,23840,14496867,1986652,9350692,1723159
2021-05-29,1622246400000,1,53554,52392,45254,26580,14550421,2039044,9377272,1768413
2021-05-30,1622332800000,1,39960,31057,26549,25583,14590381,2070101,9402855,1794962
2021-05-31,1622419200000,1,32857,35004,29851,23640,14623238,2105105,9426495,1824813
2021-06-01,1622505600000,1,39592,36353,30647,20953,14662830,2141458,9447448,1855460
2021-06-02,1622592000000,1,29718,35112,29373,20358,14692548,2176570,9467806,1884833
2021-06-03,1622678400000,1,60088,45471,37805,20562,14752636,2222041,9488368,1922638
2021-06-04,1622764800000,1,62325,45311,37621,27586,14814961,2267352,9515954,1960259
2021-06-05,1622851200000,1,52509,36516,30144,26628,14867470,2303868,9542582,1990403
2021-06-06,1622937600000,1,37536,26687,22193,27047,14905006,2330555,9569629,2012596
2021-06-07,1623024000000,1,33092,30964,25618,25877,14938098,2361519,9595506,2038214
2021-06-08,1623110400000,1,55606,46325,38224,30960,14993704,2407844,9626466,2076438
2021-06-09,1623196800000,1,61413,46412,38174,32359,15055117,2454256,9658825,2114612
2021-06-10,1623283200000,1,64100,46523,38458,30538,15119217,2500779,9689363,2153070
2021-06-11,1623369600000,1,62520,53242,44148,30037,15181737,2554021,9719400,2197218
2021-06-12,1623456000000,1,55455,42504,35800,27364,15237192,2596525,9746764,2233018
2021-06-13,1623542400000,1,45425,25043,20980,27370,15282617,2621568,9774134,2253998
2021-06-14,1623628800000,1,36603,32711,27142,25571,15319220,2654279,9799705,2281140
2021-06-15,1623715200000,1,61064,47736,39465,19688,15380284,2702015,9819393,2320605
2021-06-16,1623801600000,1,72595,20087,15021,27051,15452879,2722102,9846444,2335626
2021-06-17,1623888000000,1,75965,54864,46378,32944,15528844,2776966,9879388,2382004
2021-06-18,1623974400000,1,77633,54582,45965,27840,15606477,2831548,9907228,2427969
2021-06-19,1624060800000,1,73136,49274,41726,33879,15679613,2880822,9941107,2469695
2021-06-20,1624147200000,1,55720,33463,28126,32103,15735333,2914285,9973210,2497821
2021-06-21,1624233600000,1,47757,36661,30778,31583,15783090,2950946,10004793,2528599
2021-06-22,1624320000000,1,76060,54570,45250,25492,15859150,3005516,10030285,2573849
2021-06-23,1624406400000,1,88289,52898,44301,30090,15947439,3058414,10060375,2618150
2021-06-24,1624492800000,1,83430,53466,44785,45718,16030869,3111880,10106093,2662935
2021-06-25,1624579200000,1,87831,53084,44493,50958,16118700,3164964,10157051,2707428
2021-06-26,1624665600000,1,85073,50561,42382,55892,16203773,3215525,10212943,2749810
2021-06-27,1624752000000,1,63238,35666,29512,50021,16267011,3251191,10262964,2779322
2021-06-28,1624838400000,1,59108,39079,32260,48048,16326119,3290270,10311012,2811582
2021-06-29,1624924800000,1,86813,57144,47401,55864,16412932,3347414,10366876,2858983
2021-06-30,1625011200000,1,85055,57676,47880,52433,16497987,3405090,10419309,2906863
2021-07-01,1625097600000,1,98642,56549,46873,51699,16596629,3461639,10471008,2953736
2021-07-02,1625184000000,1,93639,59969,50037,52728,16690268,3521608,10523736,3003773
2021-07-03,1625270400000,1,103780,53447,44369,66614,16794048,3575055,10590350,3048142
2021-07-04,1625356800000,1,81299,39535,33198,53094,16875347,3614590,10643444,3081340
2021-07-05,1625443200000,1,72145,37970,31680,60718,16947492,3652560,10704162,3113020
2021-07-06,1625529600000,1,119024,64029,52846,83919,17066516,3716589,10788081,3165866
2021-07-07,1625616000000,1,133579,65564,55165,86792,17200095,3782153,10874873,3221031
2021-07-08,1625702400000,1,134574,65807,54452,81484,17334669,3847960,10956357,3275483
2021-07-09,1625788800000,1,152825,67090,55476,86529,17487494,3915050,11042886,3330959
2021-07-10,1625875200000,1,122862,71697,59738,85556,17610356,3986747,11128442,3390697
2021-07-11,1625961600000,1,101430,57789,48263,79792,17711786,4044536,11208234,3438960
2021-07-12,1626048000000,1,98932,50812,41872,81445,17810718,4095348,11289679,3480832
2021-07-13,1626134400000,1,151366,75717,61938,97416,17962084,4171065,11387095,3542770
2021-07-14,1626220800000,1,167784,72940,60547,112312,18129868,4244005,11499407,3603317
2021-07-15,1626307200000,1,170491,78568,65735,119586,18300359,4322573,11618993,3669052
2021-07-16,1626393600000,1,165870,92662,76468,102748,18466229,4415235,11721741,3745520
2021-07-17,1626480000000,1,151852,99540,82232,106319,18618081,4514775,11828060,3827752
2021-07-18,1626566400000,1,126485,66952,55252,82923,18744566,4581727,11910983,3883004
2021-07-19,1626652800000,1,92301,68385,55545,71916,18836867,4650112,11982899,3938549
2021-07-20,1626739200000,1,122863,56412,45043,69631,18959730,4706524,12052530,3983592
2021-07-21,1626825600000,1,92610,60720,50920,65312,19052340,4767244,12117842,4034512
2021-07-22,1626912000000,1,160320,134150,124350,104352,19212660,4901394,12222194,4158862
2021-07-23,1626998400000,1,160025,114221,110743,91642,19372685,5015615,12313836,4269605
2021-07-24,1627084800000,1,144441,108255,87035,92918,19517126,5123870,12406754,4356640
2021-07-25,1627171200000,1,109613,63859,57884,66255,19626739,5187729,12473009,4414524
2021-07-26,1627257600000,1,79027,81562,64900,56366,19705766,5269291,12529375,4479424
2021-07-27,1627344000000,1,141519,128915,101530,78672,19847285,5398206,12608047,4580954
2021-07-28,1627430400000,1,151699,126110,100719,84462,19998984,5524316,12692509,4681673
2021-07-29,1627516800000,1,139290,123664,99653,73811,20138274,5647980,12766320,4781326
2021-07-30,1627603200000,1,132631,119553,95345,69654,20270905,5767533,12835974,4876671
2021-07-31,1627689600000,1,128698,113067,88605,61617,20399603,5880600,12897591,4965276
2021-08-01,1627776000000,1,98065,80310,63706,48955,20497668,5960910,12946546,5028982
2021-08-02,1627862400000,1,70655,80561,61988,44797,20568323,6041471,12991343,5090970
2021-08-03,1627948800000,1,125637,122589,94130,57582,20693960,6164060,13048925,5185100
2021-08-04,1628035200000,1,128549,113779,87771,61041,20822509,6277839,13109966,5272871
2021-08-05,1628121600000,1,128831,119725,93234,60683,20951340,6397564,13170649,5366105
2021-08-06,1628208000000,1,123222,114334,88867,60113,21074562,6511898,13230762,5454972
2021-08-07,1628294400000,1,119543,116424,90737,53318,21194105,6628322,13284080,5545709
2021-08-08,1628380800000,1,90033,76731,59253,43312,21284138,6705053,13327392,5604962
2021-08-09,1628467200000,1,65156,80046,60202,39185,21349294,6785099,13366577,5665164
2021-08-10,1628553600000,1,121733,119419,88549,57601,21471027,6904518,13424178,5753713
2021-08-11,1628640000000,1,117883,92932,69335,66124,21588910,6997450,13490302,5823048
2021-08-12,1628726400000,1,74390,79327,58873,77379,21663300,7076777,13567681,5881921
2021-08-13,1628812800000,1,115201,110830,81016,65465,21778501,7187607,13633146,5962937
2021-08-14,1628899200000,1,112697,109885,81514,44902,21891198,7297492,13678048,6044451
2021-08-15,1628985600000,1,84936,74242,55019,34749,21976134,7371734,13712797,6099470
2021-08-16,1629072000000,1,55275,73735,53394,24983,22031409,7445469,13737780,6152864
2021-08-17,1629158400000,1,97871,84345,65277,36149,22129280,7529814,13773929,6218141
2021-08-18,1629244800000,1,63083,74099,53625,25001,22192363,7603913,13798930,6271766
2021-08-19,1629331200000,1,103163,111247,75375,39733,22295526,7715160,13838663,6347141
2021-08-20,1629417600000,1,101685,100799,75752,38095,22397211,7815959,13876758,6422893
2021-08-21,1629504000000,1,94985,105265,79031,37275,22492196,7921224,13914033,6501924
2021-08-22,1629590400000,1,76742,71668,53525,31691,22568938,7992892,13945724,6555449
2021-08-23,1629676800000,1,49919,72818,53146,21178,22618857,8065710,13966902,6608595
2021-08-24,1629763200000,1,94444,91408,82724,41120,22713301,8157118,14008022,6691319
2021-08-25,1629849600000,1,97075,152190,104837,41951,22810376,8309308,14049973,6796156
2021-08-26,1629936000000,1,90227,115547,88300,40323,22900603,8424855,14090296,6884456
2021-08-27,1630022400000,1,88319,95796,70568,36953,22988922,8520651,14127249,6955024
2021-08-28,1630108800000,1,85153,96521,70065,34249,23074075,8617172,14161498,7025089
2021-08-29,1630195200000,1,70917,83243,62244,30287,23144992,8700415,14191785,7087333
2021-08-30,1630281600000,1,45940,79483,58597,19458,23190932,8779898,14211243,7145930
2021-08-31,1630368000000,1,96012,128230,90758,39766,23286944,8908128,14251009,7236688
2021-09-01,1630454400000,1,89375,130686,95847,38232,23376319,9038814,14289241,7332535
2021-09-02,1630540800000,1,82052,126663,93096,35757,23458371,9165477,14324998,7425631
2021-09-03,1630627200000,1,83534,125755,93177,35166,23541905,9291232,14360164,7518808
2021-09-04,1630713600000,1,85068,125363,91399,36903,23626973,9416595,14397067,7610207
2021-09-05,1630800000000,1,73115,98770,72115,32829,23700088,9515365,14429896,7682322
2021-09-06,1630886400000,1,44637,108305,75934,20573,23744725,9623670,14450469,7758256
2021-09-07,1630972800000,1,90044,161595,116547,42418,23834769,9785265,14492887,7874803
2021-09-08,1631059200000,1,84905,147397,107200,38460,23919674,9932662,14531347,7982003
2021-09-09,1631145600000,1,82021,149257,110639,37819,24001695,10081919,14569166,8092642
2021-09-10,1631232000000,1,84338,151343,110144,39636,24086033,10233262,14608802,8202786
2021-09-11,1631318400000,1,87152,144418,102884,40251,24173185,10377680,14649053,8305670
2021-09-12,1631404800000,1,78263,119789,87032,36984,24251448,10497469,14686037,8392702
2021-09-13,1631491200000,1,45981,131253,98821,21708,24297429,10628722,14707745,8491523
2021-09-14,1631577600000,1,85520,193160,145692,40030,24382949,10821882,14747775,8637215
2021-09-15,1631664000000,1,86083,146358,112476,41017,24469032,10968240,14788792,8749691
2021-09-16,1631750400000,1,82824,16306,15968,38798,24551856,10984546,14827590,8765659
2021-09-17,1631836800000,1,80065,308227,255869,37585,24631921,11292773,14865175,9021528
2021-09-18,1631923200000,1,83204,192890,161807,39331,24715125,11485663,14904506,9183335
2021-09-19,1632009600000,1,73911,118502,98988,34777,24789036,11604165,14939283,9282323
2021-09-20,1632096000000,1,45676,157119,128712,22002,24834712,11761284,14961285,9411035
2021-09-21,1632182400000,1,81982,166675,138408,38032,24916694,11927959,14999317,9549443
2021-09-22,1632268800000,1,82859,173304,146812,38584,24999553,12101263,15037901,9696255
2021-09-23,1632355200000,1,75925,172200,136791,37123,25075478,12273463,15075024,9833046
2021-09-24,1632441600000,1,78049,174547,137244,35729,25153527,12448010,15110753,9970290
2021-09-25,1632528000000,1,81093,176710,143823,38038,25234620,12624720,15148791,10114113
2021-09-26,1632614400000,1,75830,141254,111356,37387,25310450,12765974,15186178,10225469
2021-09-27,1632700800000,1,46023,168568,130272,21694,25356473,12934542,15207872,10355741
2021-09-28,1632787200000,1,79507,196261,155480,38084,25435980,13130803,15245956,10511221
2021-09-29,1632873600000,1,84522,194045,155754,41556,25520502,13324848,15287512,10666975
2021-09-30,1632960000000,1,80823,195312,152344,41465,25601325,13520160,15328977,10819319
2021-10-01,1633046400000,1,80061,171307,131294,39852,25681386,13691467,15368829,10950613
2021-10-02,1633132800000,1,83777,152876,118866,41133,25765163,13844343,15409962,11069479
2021-10-03,1633219200000,1,82916,155142,119227,41413,25848079,13999485,15451375,11188706
2021-10-04,1633305600000,1,54351,157163,119679,27029,25902430,14156648,15478404,11308385
2021-10-05,1633392000000,1,86521,168965,132925,43798,25988951,14325613,15522202,11441310
2021-10-06,1633478400000,1,90732,183707,143879,46351,26079683,14509320,15568553,11585189
2021-10-07,1633564800000,1,84298,175257,137310,43812,26163981,14684577,15612365,11722499
2021-10-08,1633651200000,1,86530,181616,138513,42997,26250511,14866193,15655362,11861012
2021-10-09,1633737600000,1,87860,179190,139092,43818,26338371,15045383,15699180,12000104
2021-10-10,1633824000000,1,81082,138567,104607,40063,26419453,15183950,15739243,12104711
2021-10-11,1633910400000,1,52960,172123,126798,25172,26472413,15356073,15764415,12231509
2021-10-12,1633996800000,1,89364,186999,145200,45203,26561777,15543072,15809618,12376709
2021-10-13,1634083200000,1,85949,175782,136842,44334,26647726,15718854,15853952,12513551
2021-10-14,1634169600000,1,86876,172069,124048,41659,26734602,15890923,15895611,12637599
2021-10-15,1634256000000,1,91839,175499,134291,46129,26826441,16066422,15941740,12771890
2021-10-16,1634342400000,1,92838,177973,134149,46081,26919279,16244395,15987821,12906039
2021-10-17,1634428800000,1,83414,140515,104822,42138,27002693,16384910,16029959,13010861
2021-10-18,1634515200000,1,53524,161689,119285,26444,27056217,16546599,16056403,13130146
2021-10-19,1634601600000,1,81045,179298,135138,40318,27137262,16725897,16096721,13265284
2021-10-20,1634688000000,1,101455,146658,105808,50538,27238717,16872555,16147259,13371092
2021-10-21,1634774400000,1,75348,143051,108861,39631,27314065,17015606,16186890,13479953
2021-10-22,1634860800000,1,96807,153933,117130,48117,27410872,17169539,16235007,13597083
2021-10-23,1634947200000,1,104490,146097,111179,50685,27515362,17315636,16285692,13708262
2021-10-24,1635033600000,1,105211,109534,82628,51654,27620573,17425170,16337346,13790890
2021-10-25,1635120000000,1,71208,144614,103490,34127,27691781,17569784,16371473,13894380
2021-10-26,1635206400000,1,103057,156007,122685,55392,27794838,17725791,16426865,14017065
2021-10-27,1635292800000,1,108860,151591,125337,58482,27903698,17877382,16485347,14142402
2021-10-28,1635379200000,1,108566,150975,109438,54791,28012264,18028357,16540138,14251840
2021-10-29,1635465600000,1,105381,139011,108699,52042,28117645,18167368,16592180,14360539
2021-10-30,1635552000000,1,111203,128183,100029,56311,28228848,18295551,16648491,14460568
2021-10-31,1635638400000,1,103765,98308,73685,53269,28332613,18393859,16701760,14534253
2021-11-01,1635724800000,1,71762,132054,100099,37274,28404375,18525913,16739034,14634352
2021-11-02,1635811200000,1,105838,149726,117242,58182,28510213,18675639,16797216,14751594
2021-11-03,1635897600000,1,103446,149677,111928,55743,28613659,18825316,16852959,14863522
2021-11-04,1635984000000,1,80740,168500,139241,44966,28694399,18993816,16897925,15002763
2021-11-05,1636070400000,1,70696,145905,112537,36855,28765095,19139721,16934780,15115300
2021-11-06,1636156800000,1,64763,191269,143782,33063,28829858,19330990,16967843,15259082
2021-11-07,1636243200000,1,57838,162119,117069,31092,28887696,19493109,16998935,15376151
2021-11-08,1636329600000,1,37794,150803,109954,20237,28925490,19643912,17019172,15486105
2021-11-09,1636416000000,1,63730,184285,140029,33038,28989220,19828197,17052210,15626134
2021-11-10,1636502400000,1,64163,235437,157955,34607,29053383,20063634,17086817,15784089
2021-11-11,1636588800000,1,62163,199865,144386,32548,29115546,20263499,17119365,15928475
2021-11-12,1636675200000,1,54632,205185,125782,29451,29170178,20468684,17148816,16054257
2021-11-13,1636761600000,1,59387,207588,153071,31624,29229565,20676272,17180440,16207328
2021-11-14,1636848000000,1,52548,180651,126802,28499,29282113,20856923,17208939,16334130
2021-11-15,1636934400000,1,35377,208045,149501,18448,29317490,21064968,17227387,16483631
2021-11-16,1637020800000,1,61363,217652,161516,34065,29378853,21282620,17261452,16645147
2021-11-17,1637107200000,1,64815,214401,157426,36404,29443668,21497021,17297856,16802573
2021-11-18,1637193600000,1,55910,214318,157739,31189,29499578,21711339,17329045,16960312
2021-11-19,1637280000000,1,54202,218502,155173,28624,29553780,21929841,17357669,17115485
2021-11-20,1637366400000,1,53321,221651,156951,29280,29607101,22151492,17386949,17272436
2021-11-21,1637452800000,1,46929,192251,127423,26393,29654030,22343743,17413342,17399859
2021-11-22,1637539200000,1,38013,213852,146227,20458,29692043,22557595,17433800,17546086
2021-11-23,1637625600000,1,57759,223682,162239,31681,29749802,22781277,17465481,17708325
2021-11-24,1637712000000,1,58738,230128,167566,32846,29808540,23011405,17498327,17875891
2021-11-25,1637798400000,1,55294,230128,167570,32189,29863834,23241533,17530516,18043461
2021-11-26,1637884800000,1,57480,231140,155777,31516,29921314,23472673,17562032,18199238
2021-11-27,1637971200000,1,53859,233541,162776,30143,29975173,23706214,17592175,18362014
2021-11-28,1638057600000,1,46226,198773,130090,25306,30021399,23904987,17617481,18492104
2021-11-29,1638144000000,1,35090,198773,156528,19853,30056489,24103760,17637334,18648632
2021-11-30,1638230400000,1,55431,238794,169306,31593,30111920,24342554,17668927,18817938
2021-12-01,1638316800000,1,55598,236545,168166,31209,30167518,24579099,17700136,18986104
2021-12-02,1638403200000,1,55473,235987,168186,31472,30222991,24815086,17731608,19154290
2021-12-03,1638489600000,1,52404,230659,163862,30237,30275395,25045745,17761845,19318152
2021-12-04,1638576000000,1,51886,240796,167587,28799,30327281,25286541,17790644,19485739
2021-12-05,1638662400000,1,45709,203505,132896,25713,30372990,25490046,17816357,19618635
2021-12-06,1638748800000,1,32279,257041,183513,16947,30405269,25747087,17833304,19802148
2021-12-07,1638835200000,1,50441,325437,252790,28242,30455710,26072524,17861546,20054938
2021-12-08,1638921600000,1,52460,325737,253565,29420,30508170,26398261,17890966,20308503
2021-12-09,1639008000000,1,51176,309334,237805,29314,30559346,26707595,17920280,20546308
2021-12-10,1639094400000,1,51340,278330,198794,29931,30610686,26985925,17950211,20745102
2021-12-11,1639180800000,1,50702,253296,175937,29510,30661388,27239221,17979721,20921039
2021-12-12,1639267200000,1,45864,215867,142286,26161,30707252,27455088,18005882,21063325
2021-12-13,1639353600000,1,32910,236004,158928,18831,30740162,27691092,18024713,21222253
2021-12-14,1639440000000,1,52589,246305,172343,31549,30792751,27937397,18056262,21394596
2021-12-15,1639526400000,1,51237,257896,182821,31037,30843988,28195293,18087299,21577417
2021-12-16,1639612800000,1,54713,249897,178309,32802,30898701,28445190,18120101,21755726
2021-12-17,1639699200000,1,54555,254358,181245,33022,30953256,28699548,18153123,21936971
2021-12-18,1639785600000,1,53168,258851,184663,31742,31006424,28958399,18184865,22121634
2021-12-19,1639872000000,1,46546,192670,93858,27603,31052970,29151069,18212468,22215492
2021-12-20,1639958400000,1,35190,230922,121058,20962,31088160,29381991,18233430,22336550
2021-12-21,1640044800000,1,55531,258655,189648,32898,31143691,29640646,18266328,22526198
2021-12-22,1640131200000,1,53876,245046,182792,32603,31197567,29885692,18298931,22708990
2021-12-23,1640217600000,1,50850,238235,176423,31014,31248417,30123927,18329945,22885413
2021-12-24,1640304000000,1,45298,214671,156416,28136,31293715,30338598,18358081,23041829
2021-12-25,1640390400000,1,43094,165493,123822,25463,31336809,30504091,18383544,23165651
2021-12-26,1640476800000,1,28258,146560,101768,18024,31365067,30650651,18401568,23267419
2021-12-27,1640563200000,1,31822,200067,143687,20318,31396889,30850718,18421886,23411106
2021-12-28,1640649600000,1,45985,201062,147173,29681,31442874,31051780,18451567,23558279
2021-12-29,1640736000000,1,41653,190127,138677,24934,31484527,31241907,18476501,23696956
2021-12-30,1640822400000,1,37537,192222,140270,22765,31522064,31434129,18499266,23837226
2021-12-31,1640908800000,1,36833,173517,127463,22207,31558897,31607646,18521473,23964689
2022-01-01,1640995200000,1,36677,140482,104857,23340,31595574,31748128,18544813,24069546
2022-01-02,1641081600000,1,28574,172908,122625,19185,31624148,31921036,18563998,24192171
2022-01-03,1641168000000,1,32680,251733,188237,21330,31656828,32172769,18585328,24380408
2022-01-04,1641254400000,1,51994,255633,197818,34928,31708822,32428402,18620256,24578226
2022-01-05,1641340800000,1,52562,232582,182321,34983,31761384,32660984,18655239,24760547
2022-01-06,1641427200000,1,45251,229476,179678,29110,31806635,32890460,18684349,24940225
2022-01-07,1641513600000,1,49086,234176,167993,30494,31855721,33124636,18714843,25108218
2022-01-08,1641600000000,1,51996,226692,146611,31090,31907717,33351328,18745933,25254829
2022-01-09,1641686400000,1,45227,210655,150089,27124,31952944,33561983,18773057,25404918
2022-01-10,1641772800000,1,33970,225575,161752,19674,31986914,33787558,18792731,25566670
2022-01-11,1641859200000,1,48660,239807,174113,29593,32035574,34027365,18822324,25740783
2022-01-12,1641945600000,1,45575,228231,170600,28036,32081149,34255596,18850360,25911383
2022-01-13,1642032000000,1,50405,227861,166649,28878,32131554,34483457,18879238,26078032
2022-01-14,1642118400000,1,50699,229864,168304,30071,32182253,34713321,18909309,26246336
2022-01-15,1642204800000,1,48836,229020,166661,29759,32231089,34942341,18939068,26412997
2022-01-16,1642291200000,1,46024,205464,137644,28861,32277113,35147805,18967929,26550641
2022-01-17,1642377600000,1,33034,236479,158988,19295,32310147,35384284,18987224,26709629
2022-01-18,1642464000000,1,50267,228660,166012,28296,32360414,35612944,19015520,26875641
2022-01-19,1642550400000,1,53679,174181,121465,30551,32414093,35787125,19046071,26997106
2022-01-20,1642636800000,1,55804,270310,151235,32296,32469897,36057435,19078367,27148341
2022-01-21,1642723200000,1,55526,236879,168626,31554,32525423,36294314,19109921,27316967
2022-01-22,1642809600000,1,57265,223896,160456,34044,32582688,36518210,19143965,27477423
2022-01-23,1642896000000,1,52763,199144,133013,30813,32635451,36717354,19174778,27610436
2022-01-24,1642982400000,1,44981,213811,150224,25539,32680432,36931165,19200317,27760660
2022-01-25,1643068800000,1,67395,192280,138820,37587,32747827,37123445,19237904,27899480
2022-01-26,1643155200000,1,75055,273986,201851,42562,32822882,37397431,19280466,28101331
2022-01-27,1643241600000,1,82151,264582,190940,45711,32905033,37662013,19326177,28292271
2022-01-28,1643328000000,1,83786,289098,209025,49120,32988819,37951111,19375297,28501296
2022-01-29,1643414400000,1,95402,287999,207253,53797,33084221,38239110,19429094,28708549
2022-01-30,1643500800000,1,85670,228727,155803,50000,33169891,38467837,19479094,28864352
2022-01-31,1643587200000,1,70089,245961,164535,37858,33239980,38713798,19516952,29028887
2022-02-01,1643673600000,1,111453,266135,176488,59417,33351433,38979933,19576369,29205375
2022-02-02,1643760000000,1,92954,261237,176602,50356,33444387,39241170,19626725,29381977
2022-02-03,1643846400000,1,132486,340656,235996,71991,33576873,39581826,19698716,29617973
2022-02-04,1643932800000,1,149246,331674,229020,83957,33726119,39913500,19782673,29846993
2022-02-05,1644019200000,1,151143,323891,221594,84648,33877262,40237391,19867321,30068587
2022-02-06,1644105600000,1,147613,277613,182011,83548,34024875,40515004,19950869,30250598
2022-02-07,1644192000000,1,108256,177533,118183,62784,34133131,40692537,20013653,30368781
2022-02-08,1644278400000,1,149422,305497,201431,83207,34282553,40998034,20096860,30570212
2022-02-09,1644364800000,1,172084,232422,150516,95309,34454637,41230456,20192169,30720728
2022-02-10,1644451200000,1,153861,232202,156230,82458,34608498,41462658,20274627,30876958
2022-02-11,1644537600000,1,140433,223132,149132,77370,34748931,41685790,20351997,31026090
2022-02-12,1644624000000,1,202232,327809,214329,106816,34951163,42013599,20458813,31240419
2022-02-13,1644710400000,1,168170,282870,184834,87659,35119333,42296469,20546472,31425253
2022-02-14,1644796800000,1,119509,320689,207857,66057,35238842,42617158,20612529,31633110
2022-02-15,1644883200000,1,180027,402801,261820,96450,35418869,43019959,20708979,31894930
2022-02-16,1644969600000,1,194555,371495,243225,104855,35613424,43391454,20813834,32138155
2022-02-17,1645056000000,1,204544,368311,238156,106237,35817968,43759765,20920071,32376311
2022-02-18,1645142400000,1,191846,309781,206541,101066,36009814,44069546,21021137,32582852
2022-02-19,1645228800000,1,176681,313099,213476,95679,36186495,44382645,21116816,32796328
2022-02-20,1645315200000,1,167607,266928,176764,89005,36354102,44649573,21205821,32973092
2022-02-21,1645401600000,1,112959,279601,182653,60573,36467061,44929174,21266394,33155745
2022-02-22,1645488000000,1,179518,357563,234655,91767,36646579,45286737,21358161,33390400
2022-02-23,1645574400000,1,177061,342471,212200,97288,36823640,45629208,21455449,33602600
2022-02-24,1645660800000,1,166545,338845,195082,92945,36990185,45968053,21548394,33797682
2022-02-25,1645747200000,1,158342,326190,190313,85440,37148527,46294243,21633834,33987995
2022-02-26,1645833600000,1,151041,340089,210713,82473,37299568,46634332,21716307,34198708
2022-02-27,1645920000000,1,130270,240342,121502,73229,37429838,46874674,21789536,34320210
2022-02-28,1646006400000,1,89532,186683,82779,54790,37519370,47061357,21844326,34402989
2022-03-01,1646092800000,1,100562,338189,146282,55723,37619932,47399546,21900049,34549271
2022-03-02,1646179200000,1,147609,453843,180956,79118,37767541,47853389,21979167,34730227
2022-03-03,1646265600000,1,137501,249795,139277,74488,37905042,48103184,22053655,34869504
2022-03-04,1646352000000,1,86665,254966,144280,49701,37991707,48358150,22103356,35013784
2022-03-05,1646438400000,1,118278,281872,153730,62708,38109985,48640022,22166064,35167514
2022-03-06,1646524800000,1,109466,247545,143270,62272,38219451,48887567,22228336,35310784
2022-03-07,1646611200000,1,76388,298251,169715,45681,38295839,49185818,22274017,35480499
2022-03-08,1646697600000,1,116877,293689,161729,65527,38412716,49479507,22339544,35642228
2022-03-09,1646784000000,1,108394,218353,127377,56947,38521110,49697860,22396491,35769605
2022-03-10,1646870400000,1,90508,167489,90008,47756,38611618,49865349,22444247,35859613
2022-03-11,1646956800000,1,77713,144788,36397,43384,38689331,50010137,22487631,35896010
2022-03-12,1647043200000,1,70718,140384,58893,40325,38760049,50150521,22527956,35954903
2022-03-13,1647129600000,1,65293,105547,62837,37341,38825342,50256068,22565297,36017740
2022-03-14,1647216000000,1,49488,145741,91536,28271,38874830,50401809,22593568,36109276
2022-03-15,1647302400000,1,75730,160274,105560,42476,38950560,50562083,22636044,36214836
2022-03-16,1647388800000,1,65465,140684,94145,38014,39016025,50702767,22674058,36308981
2022-03-17,1647475200000,1,61634,132392,88996,36007,39077659,50835159,22710065,36397977
2022-03-18,1647561600000,1,55325,120495,83439,32064,39132984,50955654,22742129,36481416
2022-03-19,1647648000000,1,52244,102413,68822,30899,39185228,51058067,22773028,36550238
2022-03-20,1647734400000,1,47758,74306,48762,28528,39232986,51132373,22801556,36599000
2022-03-21,1647820800000,1,34544,120065,82146,21033,39267530,51252438,22822589,36681146
2022-03-22,1647907200000,1,54806,134562,91813,31472,39322336,51387000,22854061,36772959
2022-03-23,1647993600000,1,49878,116548,80224,29470,39372214,51503548,22883531,36853183
2022-03-24,1648080000000,1,48013,111941,80959,29368,39420227,51615489,22912899,36934142
2022-03-25,1648166400000,1,42907,101300,73686,25552,39463134,51716789,22938451,37007828
2022-03-26,1648252800000,1,42109,86862,64710,25719,39505243,51803651,22964170,37072538
2022-03-27,1648339200000,1,35471,60841,43486,21914,39540714,51864492,22986084,37116024
2022-03-28,1648425600000,1,27692,102202,72777,16890,39568406,51966694,23002974,37188801
2022-03-29,1648512000000,1,41880,116222,81566,24875,39610286,52082916,23027849,37270367
2022-03-30,1648598400000,1,40562,93798,62584,25026,39650848,52176714,23052875,37332951
2022-03-31,1648684800000,1,40125,93268,59298,24965,39690973,52269982,23077840,37392249
2022-04-01,1648771200000,1,35344,81105,51712,22809,39726317,52351087,23100649,37443961
2022-04-02,1648857600000,1,32294,66786,41551,21266,39758611,52417873,23121915,37485512
2022-04-03,1648944000000,1,31364,51551,31576,20721,39789975,52469424,23142636,37517088
2022-04-04,1649030400000,1,27184,102682,61529,17390,39817159,52572106,23160026,37578617
2022-04-05,1649116800000,1,36171,116251,71542,23061,39853330,52688357,23183087,37650159
2022-04-06,1649203200000,1,34181,111541,71456,22117,39887511,52799898,23205204,37721615
2022-04-07,1649289600000,1,29586,100155,64730,18970,39917097,52900053,23224174,37786345
2022-04-08,1649376000000,1,28638,101781,66848,17916,39945735,53001834,23242090,37853193
2022-04-09,1649462400000,1,25895,95911,68226,16563,39971630,53097745,23258653,37921419
2022-04-10,1649548800000,1,25444,76708,58867,16230,39997074,53174453,23274883,37980286
2022-04-11,1649635200000,1,21339,108261,83626,13288,40018413,53282714,23288171,38063912
2022-04-12,1649721600000,1,31500,119911,86219,19368,40049913,53402625,23307539,38150131
2022-04-13,1649808000000,1,28577,112440,79771,17978,40078490,53515065,23325517,38229902
2022-04-14,1649894400000,1,26936,104971,81189,17083,40105426,53620036,23342600,38311091
2022-04-15,1649980800000,1,24511,83094,57271,15713,40129937,53703130,23358313,38368362
2022-04-16,1650067200000,1,18694,79765,52432,12820,40148631,53782895,23371133,38420794
2022-04-17,1650153600000,1,24580,78477,50395,16140,40173211,53861372,23387273,38471189
2022-04-18,1650240000000,1,18581,110295,81578,11578,40191792,53971667,23398851,38552767
2022-04-19,1650326400000,1,29204,117601,91499,18546,40220996,54089268,23417397,38644266
2022-04-20,1650412800000,1,28185,104920,83485,18245,40249181,54194188,23435642,38727751
2022-04-21,1650499200000,1,26394,105692,84273,17030,40275575,54299880,23452672,38812024
2022-04-22,1650585600000,1,23986,95707,72234,15239,40299561,54395587,23467911,38884258
2022-04-23,1650672000000,1,24033,91037,67605,15745,40323594,54486624,23483656,38951863
2022-04-24,1650758400000,1,21790,72798,58001,14898,40345384,54559422,23498554,39009864
2022-04-25,1650844800000,1,18808,100949,77493,11672,40364192,54660371,23510226,39087357
2022-04-26,1650931200000,1,27603,103654,81279,17805,40391795,54764025,23528031,39168636
2022-04-27,1651017600000,1,25562,98242,78939,16797,40417357,54862267,23544828,39247575
2022-04-28,1651104000000,1,24299,93967,65580,15389,40441656,54956234,23560217,39313155
2022-04-29,1651190400000,1,20138,77747,58607,13266,40461794,55033981,23573483,39371762
2022-04-30,1651276800000,1,17956,67929,52732,11766,40479750,55101910,23585249,39424494
2022-05-01,1651363200000,1,12752,52784,43289,9149,40492502,55154694,23594398,39467783
2022-05-02,1651449600000,1,8565,37393,29655,6179,40501067,55192087,23600577,39497438
2022-05-03,1651536000000,1,6176,40602,33581,4390,40507243,55232689,23604967,39531019
2022-05-04,1651622400000,1,10559,59207,42281,7369,40517802,55291896,23612336,39573300
2022-05-05,1651708800000,1,15808,72998,56504,11018,40533610,55364894,23623354,39629804
2022-05-06,1651795200000,1,17218,78846,51269,11987,40550828,55443740,23635341,39681073
2022-05-07,1651881600000,1,21192,86399,45970,15286,40572020,55530139,23650627,39727043
2022-05-08,1651968000000,1,26054,93505,45964,18708,40598074,55623644,23669335,39773007
2022-05-09,1652054400000,1,26209,178129,104251,18986,40624283,55801773,23688321,39877258
2022-05-10,1652140800000,1,35483,172665,102563,24648,40659766,55974438,23712969,39979821
2022-05-11,1652227200000,1,29707,137314,55058,19270,40689473,56111752,23732239,40034879
2022-05-12,1652313600000,1,26248,141091,60364,17739,40715721,56252843,23749978,40095243
2022-05-13,1652400000000,1,25596,120883,94962,16491,40741317,56373726,23766469,40190205
2022-05-14,1652486400000,1,24907,105441,87506,15527,40766224,56479167,23781996,40277711
2022-05-15,1652572800000,1,21454,79447,61139,13936,40787678,56558614,23795932,40338850
2022-05-16,1652659200000,1,15234,72911,57469,10258,40802912,56631525,23806190,40396319
2022-05-17,1652745600000,1,21290,115087,92391,14223,40824202,56746612,23820413,40488710
2022-05-18,1652832000000,1,29421,122751,97127,19136,40853623,56869363,23839549,40585837
2022-05-19,1652918400000,1,26085,101379,76910,16294,40879708,56970742,23855843,40662747
2022-05-20,1653004800000,1,20913,77972,54016,12665,40900621,57048714,23868508,40716763
2022-05-21,1653091200000,1,17528,61086,43847,11203,40918149,57109800,23879711,40760610
2022-05-22,1653177600000,1,17013,45648,34956,11262,40935162,57155448,23890973,40795566
2022-05-23,1653264000000,1,13636,67561,52622,8179,40948798,57223009,23899152,40848188
2022-05-24,1653350400000,1,22177,77712,57088,14160,40970975,57300721,23913312,40905276
2022-05-25,1653436800000,1,23866,62154,43935,15889,40994841,57362875,23929201,40949211
2022-05-26,1653523200000,1,18127,39776,28588,12496,41012968,57402651,23941697,40977799
2022-05-27,1653609600000,1,14872,48759,29866,9111,41027840,57451410,23950808,41007665
2022-05-28,1653696000000,1,17522,47834,25429,10785,41045362,57499244,23961593,41033094
2022-05-29,1653782400000,1,13435,34125,17026,9186,41058797,57533369,23970779,41050120
2022-05-30,1653868800000,1,11447,58546,27228,7108,41070244,57591915,23977887,41077348
2022-05-31,1653955200000,1,19510,57209,35070,12620,41089754,57649124,23990507,41112418
2022-06-01,1654041600000,1,19143,38436,28677,13158,41108897,57687560,24003665,41141095
2022-06-02,1654128000000,1,12727,46796,34438,8587,41121624,57734356,24012252,41175533
2022-06-03,1654214400000,1,18066,54420,39195,12244,41139690,57788776,24024496,41214728
2022-06-04,1654300800000,1,19444,41487,30787,14328,41159134,57830263,24038824,41245515
2022-06-05,1654387200000,1,16339,28518,22412,11482,41175473,57858781,24050306,41267927
2022-06-06,1654473600000,1,12072,55983,43548,8347,41187545,57914764,24058653,41311475
2022-06-07,1654560000000,1,19511,59768,45603,13404,41207056,57974532,24072057,41357078
2022-06-08,1654646400000,1,19185,53713,38795,12263,41226241,58028245,24084320,41395873
2022-06-09,1654732800000,1,19690,51342,34748,13435,41245931,58079587,24097755,41430621
2022-06-10,1654819200000,1,18712,46929,31769,11929,41264643,58126516,24109684,41462390
2022-06-11,1654905600000,1,16967,39183,32221,11586,41281610,58165699,24121270,41494611
2022-06-12,1654992000000,1,16313,29486,21669,12250,41297923,58195185,24133520,41516280
2022-06-13,1655078400000,1,13423,52877,35190,9377,41311346,58248062,24142897,41551470
2022-06-14,1655164800000,1,22778,56742,35796,16009,41334124,58304804,24158906,41587266
2022-06-15,1655251200000,1,24323,54678,40334,17482,41358447,58359482,24176388,41627600
2022-06-16,1655337600000,1,22434,54025,39234,15942,41380881,58413507,24192330,41666834
2022-06-17,1655424000000,1,24981,50624,35099,17710,41405862,58464131,24210040,41701933
2022-06-18,1655510400000,1,20216,42893,32516,13748,41426078,58507024,24223788,41734449
2022-06-19,1655596800000,1,19779,31272,17792,14494,41445857,58538296,24238282,41752241
2022-06-20,1655683200000,1,17866,54157,38910,12766,41463723,58592453,24251048,41791151
2022-06-21,1655769600000,1,25185,65915,44960,16361,41488908,58658368,24267409,41836111
2022-06-22,1655856000000,1,26397,56447,41213,18934,41515305,58714815,24286343,41877324
2022-06-23,1655942400000,1,24394,53027,32516,16015,41539699,58767842,24302358,41909840
2022-06-24,1656028800000,1,25048,51945,32926,17239,41564747,58819787,24319597,41942766
2022-06-25,1656115200000,1,22421,42079,32666,15538,41587168,58861866,24335135,41975432
2022-06-26,1656201600000,1,19900,30985,24348,14498,41607068,58892851,24349633,41999780
2022-06-27,1656288000000,1,17576,55348,41881,11990,41624644,58948199,24361623,42041661
2022-06-28,1656374400000,1,27925,60793,43810,18877,41652569,59008992,24380500,42085471
2022-06-29,1656460800000,1,25685,54335,37650,17067,41678254,59063327,24397567,42123121
2022-06-30,1656547200000,1,25894,53490,40857,17279,41704148,59116817,24414846,42163978
2022-07-01,1656633600000,1,23772,54918,40929,14926,41727920,59171735,24429772,42204907
2022-07-02,1656720000000,1,19727,43499,33196,12690,41747647,59215234,24442462,42238103
2022-07-03,1656806400000,1,16645,30068,20710,10698,41764292,59245302,24453160,42258813
2022-07-04,1656892800000,1,13818,56410,36364,8874,41778110,59301712,24462034,42295177
2022-07-05,1656979200000,1,25504,65514,50319,16422,41803614,59367226,24478456,42345496
2022-07-06,1657065600000,1,24331,55044,42302,14820,41827945,59422270,24493276,42387798
2022-07-07,1657152000000,1,22864,53643,41643,14295,41850809,59475913,24507571,42429441
2022-07-08,1657238400000,1,22097,49810,36758,12670,41872906,59525723,24520241,42466199
2022-07-09,1657324800000,1,20669,34375,22732,12398,41893575,59560098,24532639,42488931
2022-07-10,1657411200000,1,15798,25904,19791,10522,41909373,59586002,24543161,42508722
2022-07-11,1657497600000,1,13045,58050,45128,8052,41922418,59644052,24551213,42553850
2022-07-12,1657584000000,1,26343,71592,56244,16116,41948761,59715644,24567329,42610094
2022-07-13,1657670400000,1,25337,63517,48493,16460,41974098,59779161,24583789,42658587
2022-07-14,1657756800000,1,25348,61164,46879,15880,41999446,59840325,24599669,42705466
2022-07-15,1657843200000,1,24615,58802,47618,15601,42024061,59899127,24615270,42753084
2022-07-16,1657929600000,1,33707,51089,40605,21970,42057768,59950216,24637240,42793689
2022-07-17,1658016000000,1,28275,52079,41342,19506,42086043,60002295,24656746,42835031
2022-07-18,1658102400000,1,20117,85048,64308,13162,42106160,60087343,24669908,42899339
2022-07-19,1658188800000,1,34241,92792,66319,21397,42140401,60180135,24691305,42965658
2022-07-20,1658275200000,1,34926,83980,65351,22080,42175327,60264115,24713385,43031009
2022-07-21,1658361600000,1,37474,85512,65219,24893,42212801,60349627,24738278,43096228
2022-07-22,1658448000000,1,34124,78666,58848,21969,42246925,60428293,24760247,43155076
2022-07-23,1658534400000,1,32541,72099,48654,19832,42279466,60500392,24780079,43203730
2022-07-24,1658620800000,1,28211,55963,41284,16366,42307677,60556355,24796445,43245014
2022-07-25,1658707200000,1,23794,86725,63716,14302,42331471,60643080,24810747,43308730
2022-07-26,1658793600000,1,37375,104586,79713,23529,42368846,60747666,24834276,43388443
2022-07-27,1658880000000,1,38422,85924,38496,23355,42407268,60833590,24857631,43426939
2022-07-28,1658966400000,1,35550,86679,33029,22130,42442818,60920269,24879761,43459968
2022-07-29,1659052800000,1,34851,74665,30182,21560,42477669,60994934,24901321,43490150
2022-07-30,1659139200000,1,33539,57726,22780,20621,42511208,61052660,24921942,43512930
2022-07-31,1659225600000,1,24893,49746,20272,14954,42536101,61102406,24936896,43533202
2022-08-01,1659312000000,1,23974,89056,37773,14085,42560075,61191462,24950981,43570975
2022-08-02,1659398400000,1,38600,94611,39567,23277,42598675,61286073,24974258,43610542
2022-08-03,1659484800000,1,35416,86120,38750,21412,42634091,61372193,24995670,43649292
2022-08-04,1659571200000,1,39021,86735,37419,23516,42673112,61458928,25019186,43686711
2022-08-05,1659657600000,1,34475,77744,34731,20614,42707587,61536672,25039800,43721442
2022-08-06,1659744000000,1,33950,68850,29290,20630,42741537,61605522,25060430,43750732
2022-08-07,1659830400000,1,29418,52497,19337,16700,42770955,61658019,25077130,43770069
2022-08-08,1659916800000,1,23221,84467,30530,14835,42794176,61742486,25091965,43800599
2022-08-09,1660003200000,1,39176,89327,33454,24331,42833352,61831813,25116296,43834053
2022-08-10,1660089600000,1,38110,83799,33018,22564,42871462,61915612,25138860,43867071
2022-08-11,1660176000000,1,36647,86872,32759,21735,42908109,62002484,25160595,43899830
